################################################################################
# Neural network connection values (weights and biases).
################################################################################
# Col  Name       Description
################################################################################
# 1    connection Neural network connection value.
# 2    t          Connection type (a = weight, b = bias).
# 3    index      Index enumerating weights.
# 4    l_s        Starting point layer (end point layer for biases).
# 5    n_s        Starting point neuron in starting layer (end point neuron for biases).
# 6    l_e        End point layer.
# 7    n_e        End point neuron in end layer.
################################################################################
#                      1 2         3     4     5     6     7
#             connection t     index   l_s   n_s   l_e   n_e
############################################################
 -1.9835758507106793E-01 a         1     0     1     1     1
  2.7607483161991092E-01 a         2     0     1     1     2
 -3.8487044806934079E-01 a         3     0     1     1     3
  1.4006530759800545E-01 a         4     0     1     1     4
 -1.0754674608637907E-01 a         5     0     1     1     5
 -1.5528988027090540E-01 a         6     0     1     1     6
  2.3631574860905569E-01 a         7     0     1     1     7
  2.6463782667086833E-01 a         8     0     1     1     8
  1.4924982828337886E-03 a         9     0     1     1     9
 -3.6032482348767728E-02 a        10     0     1     1    10
  2.2487189147659656E-01 a        11     0     1     1    11
  5.4540738567212321E-01 a        12     0     1     1    12
  7.1258627481748549E-02 a        13     0     1     1    13
 -1.6851096059542162E-01 a        14     0     1     1    14
  2.3025294099681770E-01 a        15     0     1     1    15
 -1.3530592352553938E-01 a        16     0     1     1    16
 -1.4023759801729332E-01 a        17     0     1     1    17
 -3.5837641583142878E-02 a        18     0     1     1    18
  6.4907132918105168E-02 a        19     0     1     1    19
 -2.2616706109896012E-01 a        20     0     1     1    20
  2.8989609620730544E-01 a        21     0     2     1     1
 -2.1938262831866071E-01 a        22     0     2     1     2
  1.1616887206093188E-01 a        23     0     2     1     3
 -3.6739477296023332E-01 a        24     0     2     1     4
 -1.4759524051685348E-02 a        25     0     2     1     5
  6.1926003330805654E-02 a        26     0     2     1     6
  4.4551446525751653E-01 a        27     0     2     1     7
 -6.5880534235736463E-02 a        28     0     2     1     8
  1.1213325488972788E-03 a        29     0     2     1     9
  2.2286104079556615E-01 a        30     0     2     1    10
  4.3373867857007192E-01 a        31     0     2     1    11
  2.6241615710950972E-01 a        32     0     2     1    12
 -2.0862626275870549E-01 a        33     0     2     1    13
  8.8663846726052098E-02 a        34     0     2     1    14
 -6.8279242107453439E-02 a        35     0     2     1    15
 -2.2620576680736262E-01 a        36     0     2     1    16
  3.8018215530105329E-02 a        37     0     2     1    17
  3.2802990870361143E-01 a        38     0     2     1    18
 -2.5819755798838012E-01 a        39     0     2     1    19
 -3.0936700579464804E-01 a        40     0     2     1    20
  1.4835897385023900E-01 a        41     0     3     1     1
  1.5007449684786453E-01 a        42     0     3     1     2
 -2.5228324227864352E-01 a        43     0     3     1     3
 -6.1220668523547961E-02 a        44     0     3     1     4
 -9.1725406457919281E-02 a        45     0     3     1     5
  1.8711471788517522E-01 a        46     0     3     1     6
 -3.2130722382151633E-01 a        47     0     3     1     7
 -1.9554339021699715E-01 a        48     0     3     1     8
  2.9147660430758343E-01 a        49     0     3     1     9
  3.6398983388943573E-01 a        50     0     3     1    10
  1.3531841109480266E-02 a        51     0     3     1    11
 -4.9305561013774299E-02 a        52     0     3     1    12
  5.6098507234810531E-02 a        53     0     3     1    13
 -6.5692840010902198E-02 a        54     0     3     1    14
  8.7961801987788829E-02 a        55     0     3     1    15
  3.0053301753374029E-01 a        56     0     3     1    16
 -8.8415822363434511E-04 a        57     0     3     1    17
  7.8205686281164088E-02 a        58     0     3     1    18
 -4.6530247303095895E-01 a        59     0     3     1    19
 -2.2317090716728098E-02 a        60     0     3     1    20
 -1.4083108951927928E-01 a        61     0     4     1     1
  3.2109571117856478E-02 a        62     0     4     1     2
  1.2782577181347926E-01 a        63     0     4     1     3
 -3.0250148692524187E-01 a        64     0     4     1     4
 -4.6843730754905338E-01 a        65     0     4     1     5
  6.3243805965966238E-01 a        66     0     4     1     6
 -9.9849564394574361E-02 a        67     0     4     1     7
 -7.9970195050823603E-02 a        68     0     4     1     8
  2.9922883992209087E-01 a        69     0     4     1     9
  4.0110715419587458E-03 a        70     0     4     1    10
  4.0068499513821415E-01 a        71     0     4     1    11
 -3.2547733688095448E-01 a        72     0     4     1    12
  3.5776622717883400E-02 a        73     0     4     1    13
  5.2398515198060658E-02 a        74     0     4     1    14
 -2.0852902414089516E-01 a        75     0     4     1    15
 -7.7345417815839661E-03 a        76     0     4     1    16
  1.4400316580631090E-01 a        77     0     4     1    17
 -3.0603485115498030E-01 a        78     0     4     1    18
 -2.7583660325442988E-01 a        79     0     4     1    19
  2.5927714351687775E-01 a        80     0     4     1    20
 -6.7587608888427952E-01 a        81     0     5     1     1
  2.2691695539780107E-01 a        82     0     5     1     2
  2.6272948745847036E-01 a        83     0     5     1     3
  1.5342139739607973E-02 a        84     0     5     1     4
 -3.1185980066511670E-01 a        85     0     5     1     5
  6.7637297636883864E-02 a        86     0     5     1     6
  4.4685152685190943E-01 a        87     0     5     1     7
  8.6538188532866892E-02 a        88     0     5     1     8
 -2.2039628419949056E-01 a        89     0     5     1     9
 -4.9088296183504126E-01 a        90     0     5     1    10
 -3.2805636321258019E-01 a        91     0     5     1    11
  3.4943139906151127E-01 a        92     0     5     1    12
 -1.7511241412633505E-01 a        93     0     5     1    13
 -9.2055140329475205E-02 a        94     0     5     1    14
 -5.9331501739985311E-02 a        95     0     5     1    15
  9.5307904139298086E-02 a        96     0     5     1    16
 -5.1824603858805662E-01 a        97     0     5     1    17
 -5.8306956716572722E-01 a        98     0     5     1    18
 -5.6316065129267762E-02 a        99     0     5     1    19
  1.8052709646262227E-01 a       100     0     5     1    20
 -1.9329940894006092E-01 a       101     0     6     1     1
  4.1088907508191769E-01 a       102     0     6     1     2
 -6.7969948068469330E-02 a       103     0     6     1     3
 -8.9112834246271602E-02 a       104     0     6     1     4
 -5.7936925650110799E-02 a       105     0     6     1     5
  3.0845328100539926E-01 a       106     0     6     1     6
  7.1947903312872874E-02 a       107     0     6     1     7
 -1.0765930437018886E-01 a       108     0     6     1     8
 -5.1554707982244519E-01 a       109     0     6     1     9
 -4.7415727270385211E-01 a       110     0     6     1    10
 -2.0789749794317267E-01 a       111     0     6     1    11
 -5.1132257903629585E-01 a       112     0     6     1    12
  4.0961509028180059E-03 a       113     0     6     1    13
 -1.1272582270081868E-01 a       114     0     6     1    14
  8.8119996025602856E-03 a       115     0     6     1    15
  2.3079075805022436E-01 a       116     0     6     1    16
  2.6050080778367407E-01 a       117     0     6     1    17
 -3.9664362222061272E-01 a       118     0     6     1    18
  5.9829146118849437E-02 a       119     0     6     1    19
  2.8501732632700377E-01 a       120     0     6     1    20
 -6.3063763833197639E-01 a       121     0     7     1     1
  2.1425950325668708E-01 a       122     0     7     1     2
  4.8566562422841580E-01 a       123     0     7     1     3
  4.4058170167985980E-02 a       124     0     7     1     4
  6.4582878829067547E-02 a       125     0     7     1     5
  1.0608155744804648E-01 a       126     0     7     1     6
  2.0213292391023349E-01 a       127     0     7     1     7
 -1.7100010160579904E-01 a       128     0     7     1     8
  1.0948216864722812E-01 a       129     0     7     1     9
 -3.7996088179453452E-01 a       130     0     7     1    10
 -2.5657880864874660E-01 a       131     0     7     1    11
  8.1138113833286485E-01 a       132     0     7     1    12
  1.1067297037397875E-01 a       133     0     7     1    13
 -3.7986967167249620E-02 a       134     0     7     1    14
  4.0264180588193499E-01 a       135     0     7     1    15
 -2.9213480049327267E-01 a       136     0     7     1    16
  1.7110665236444383E-01 a       137     0     7     1    17
 -2.5271765338884017E-01 a       138     0     7     1    18
  5.5227548537008286E-01 a       139     0     7     1    19
  1.5680377100554485E-01 a       140     0     7     1    20
  3.6639429199801599E-01 a       141     0     8     1     1
 -3.9204571970937863E-01 a       142     0     8     1     2
 -2.0352456328618573E-01 a       143     0     8     1     3
  2.5592578290218410E-01 a       144     0     8     1     4
  1.9142034564367899E-01 a       145     0     8     1     5
 -7.7031843111501777E-03 a       146     0     8     1     6
 -2.9872100287508180E-01 a       147     0     8     1     7
  4.9228342609579021E-02 a       148     0     8     1     8
 -3.6322116205270905E-01 a       149     0     8     1     9
  3.0424364913633967E-01 a       150     0     8     1    10
  3.4898113039397799E-01 a       151     0     8     1    11
 -2.4672111875817240E-01 a       152     0     8     1    12
  3.2260431996963435E-02 a       153     0     8     1    13
  3.6994212959906347E-01 a       154     0     8     1    14
 -2.0884000238347217E-01 a       155     0     8     1    15
  1.6209666177485602E-01 a       156     0     8     1    16
 -3.4205020951213694E-01 a       157     0     8     1    17
  2.2832927188741098E-01 a       158     0     8     1    18
 -4.9990808958561772E-01 a       159     0     8     1    19
 -2.7085788650908904E-01 a       160     0     8     1    20
 -2.0240782331277149E-01 a       161     0     9     1     1
 -3.5819181636559005E-01 a       162     0     9     1     2
  2.6134005576929387E-01 a       163     0     9     1     3
  3.0691628048456121E-01 a       164     0     9     1     4
 -2.7195436646769688E-01 a       165     0     9     1     5
  3.7744338536095784E-01 a       166     0     9     1     6
 -3.4391433568332415E-02 a       167     0     9     1     7
 -3.0719423978961952E-01 a       168     0     9     1     8
  3.3460405440319546E-01 a       169     0     9     1     9
  1.6630023476653580E-01 a       170     0     9     1    10
  1.8605467815523721E-01 a       171     0     9     1    11
  7.0766310834421125E-03 a       172     0     9     1    12
 -1.5710373248477058E-01 a       173     0     9     1    13
 -1.0770983214759379E-01 a       174     0     9     1    14
 -4.2039505733642557E-01 a       175     0     9     1    15
  2.1478186748081687E-01 a       176     0     9     1    16
 -2.5277136703637015E-01 a       177     0     9     1    17
  2.0763421607305516E-01 a       178     0     9     1    18
 -3.6371998129260208E-01 a       179     0     9     1    19
 -3.4547598684424669E-01 a       180     0     9     1    20
  9.5713767890552442E-02 a       181     0    10     1     1
  1.8616827331133282E-01 a       182     0    10     1     2
 -3.0082854724314539E-01 a       183     0    10     1     3
  5.7701849360143657E-02 a       184     0    10     1     4
 -2.9045837637761923E-01 a       185     0    10     1     5
 -7.7518616533591794E-02 a       186     0    10     1     6
 -3.8372602581246645E-01 a       187     0    10     1     7
  3.2072203485973971E-01 a       188     0    10     1     8
  1.4011048620608701E-01 a       189     0    10     1     9
  7.3787535176822086E-02 a       190     0    10     1    10
  2.4176247856499747E-01 a       191     0    10     1    11
 -1.0180287254096769E-01 a       192     0    10     1    12
  1.6382276079447902E-01 a       193     0    10     1    13
 -2.5061229209760094E-01 a       194     0    10     1    14
 -8.7760326106337050E-02 a       195     0    10     1    15
 -4.6607021193015119E-01 a       196     0    10     1    16
  1.6563348737807257E-01 a       197     0    10     1    17
  2.5982731481231902E-01 a       198     0    10     1    18
  3.8338719678551646E-02 a       199     0    10     1    19
 -2.1546044591798902E-01 a       200     0    10     1    20
  7.4835715963683463E-02 a       201     0    11     1     1
  1.8995027578287668E-01 a       202     0    11     1     2
 -2.6960848399147092E-01 a       203     0    11     1     3
 -1.3079948479826162E-01 a       204     0    11     1     4
  9.9763422389275686E-02 a       205     0    11     1     5
 -6.7040201075248121E-02 a       206     0    11     1     6
 -8.5847838071871213E-02 a       207     0    11     1     7
  4.6378450731652376E-01 a       208     0    11     1     8
 -3.6051920432120416E-01 a       209     0    11     1     9
 -3.2234991698396259E-01 a       210     0    11     1    10
  1.1069877491655234E-02 a       211     0    11     1    11
  1.5759099767647478E-01 a       212     0    11     1    12
  4.0892350616004819E-01 a       213     0    11     1    13
  1.4950446814252094E-01 a       214     0    11     1    14
  6.1012780783798730E-02 a       215     0    11     1    15
 -1.5369419712621415E-01 a       216     0    11     1    16
 -1.3526107876210922E-01 a       217     0    11     1    17
  2.7341182014659765E-01 a       218     0    11     1    18
  1.9926272595509574E-02 a       219     0    11     1    19
  4.9649974718691420E-01 a       220     0    11     1    20
  3.1985861126702521E-02 a       221     0    12     1     1
  3.4178538467730912E-01 a       222     0    12     1     2
 -3.0500400519019860E-01 a       223     0    12     1     3
 -3.3916629556925298E-01 a       224     0    12     1     4
  1.0780440800612250E-01 a       225     0    12     1     5
  5.3137872394432156E-02 a       226     0    12     1     6
  3.3225396533601492E-01 a       227     0    12     1     7
  4.4996068186176114E-01 a       228     0    12     1     8
 -3.5424832128035058E-02 a       229     0    12     1     9
  8.8623547857358403E-02 a       230     0    12     1    10
 -5.2068638984919646E-01 a       231     0    12     1    11
  2.1558626650348559E-01 a       232     0    12     1    12
  9.4918820667392989E-02 a       233     0    12     1    13
 -8.9804764087186947E-02 a       234     0    12     1    14
  2.4865103816542417E-01 a       235     0    12     1    15
 -9.9632119946489822E-02 a       236     0    12     1    16
  2.5779157197162289E-01 a       237     0    12     1    17
 -2.1460492188353864E-01 a       238     0    12     1    18
 -2.9468069644163286E-01 a       239     0    12     1    19
  1.3308179454964342E-01 a       240     0    12     1    20
 -4.2468801645394194E-01 a       241     0    13     1     1
  3.9106073962557358E-01 a       242     0    13     1     2
  1.9707741680693994E-01 a       243     0    13     1     3
 -2.1534303943905328E-01 a       244     0    13     1     4
 -3.7911719098725044E-01 a       245     0    13     1     5
 -6.9422863749180075E-01 a       246     0    13     1     6
  4.2302109576739529E-02 a       247     0    13     1     7
  2.8503922844952878E-01 a       248     0    13     1     8
 -1.3507506396718949E-01 a       249     0    13     1     9
 -1.7061762860341553E-01 a       250     0    13     1    10
  3.5871559384590291E-03 a       251     0    13     1    11
  6.6879032392996071E-02 a       252     0    13     1    12
  2.6071309121756037E-01 a       253     0    13     1    13
  2.6853162627581922E-01 a       254     0    13     1    14
 -1.0741453338195675E-01 a       255     0    13     1    15
 -5.1789749298298171E-01 a       256     0    13     1    16
 -3.1733763904232226E-01 a       257     0    13     1    17
 -3.4304221202208501E-01 a       258     0    13     1    18
  3.0786701798631851E-02 a       259     0    13     1    19
 -5.4776727967038259E-02 a       260     0    13     1    20
  1.0671305283825076E-01 a       261     0    14     1     1
  7.2976832609507103E-01 a       262     0    14     1     2
  1.3542429893830690E-01 a       263     0    14     1     3
 -1.8275445066859519E-01 a       264     0    14     1     4
  2.1398199028625702E-02 a       265     0    14     1     5
  6.5817391801165281E-01 a       266     0    14     1     6
  4.3348149122788288E-01 a       267     0    14     1     7
  9.1539681933344552E-02 a       268     0    14     1     8
  5.1191278872352608E-01 a       269     0    14     1     9
  5.1528716876660829E-01 a       270     0    14     1    10
  1.0532644177433376E-01 a       271     0    14     1    11
  1.8149012879927115E-01 a       272     0    14     1    12
 -1.6811743345024982E-01 a       273     0    14     1    13
 -4.4572608387645812E-01 a       274     0    14     1    14
 -5.2062220009515170E-01 a       275     0    14     1    15
  2.9274981315999732E-01 a       276     0    14     1    16
  3.0319724767035694E-01 a       277     0    14     1    17
  3.1094335985150195E-01 a       278     0    14     1    18
  3.2210189642751363E-01 a       279     0    14     1    19
 -1.7753387726048867E-01 a       280     0    14     1    20
  1.7811685316344467E-01 a       281     0    15     1     1
 -6.0960662625266060E-02 a       282     0    15     1     2
 -3.0317870641412714E-01 a       283     0    15     1     3
  1.1770098846385909E-02 a       284     0    15     1     4
  4.7377243802778868E-01 a       285     0    15     1     5
  4.9403499116984367E-01 a       286     0    15     1     6
 -1.1343762449008503E-01 a       287     0    15     1     7
 -2.4753020965601003E-01 a       288     0    15     1     8
 -1.5284036105592405E-01 a       289     0    15     1     9
 -3.2462193442607208E-02 a       290     0    15     1    10
 -3.1198711290233105E-01 a       291     0    15     1    11
  2.1069712134737215E-01 a       292     0    15     1    12
 -3.1025924237022390E-01 a       293     0    15     1    13
 -3.2752614114693662E-01 a       294     0    15     1    14
  8.6289076068738521E-02 a       295     0    15     1    15
  5.6536440607423626E-02 a       296     0    15     1    16
  2.8759081910767914E-01 a       297     0    15     1    17
  3.9424519969521721E-01 a       298     0    15     1    18
  3.1493581641759782E-01 a       299     0    15     1    19
  4.1463957746525376E-01 a       300     0    15     1    20
 -1.8172307219521455E+00 a       301     0    16     1     1
 -2.0841014667411334E-01 a       302     0    16     1     2
 -1.4459060205234772E-01 a       303     0    16     1     3
 -2.9100414268851843E-01 a       304     0    16     1     4
  7.7193649095058481E-01 a       305     0    16     1     5
 -8.0162244153250028E-01 a       306     0    16     1     6
 -1.5734537516136096E+00 a       307     0    16     1     7
  5.5035834326468736E-01 a       308     0    16     1     8
 -2.7109067209867538E-01 a       309     0    16     1     9
 -6.7430669449210356E-01 a       310     0    16     1    10
  6.3854575862911711E-01 a       311     0    16     1    11
 -3.3001159646224875E-03 a       312     0    16     1    12
 -1.7973195215621604E-01 a       313     0    16     1    13
 -2.5650609606314073E-01 a       314     0    16     1    14
  1.8622747822799646E-02 a       315     0    16     1    15
 -3.7170409103733598E-01 a       316     0    16     1    16
 -1.4812778075932598E-01 a       317     0    16     1    17
  1.2733958450601016E-01 a       318     0    16     1    18
 -3.6224544064168762E-01 a       319     0    16     1    19
 -7.3774917146545238E-01 a       320     0    16     1    20
  1.8720140350388135E+00 a       321     0    17     1     1
 -1.2232501076822307E-01 a       322     0    17     1     2
  1.2491768094319554E-01 a       323     0    17     1     3
  1.8509607732554528E-01 a       324     0    17     1     4
 -8.6945631860544925E-01 a       325     0    17     1     5
  6.7886814160883935E-01 a       326     0    17     1     6
  1.4951422461938790E+00 a       327     0    17     1     7
 -6.8555861976091892E-01 a       328     0    17     1     8
  2.1617405853693855E-01 a       329     0    17     1     9
  6.1127185535922013E-01 a       330     0    17     1    10
 -1.6308394024936163E-01 a       331     0    17     1    11
  4.7836009605443297E-01 a       332     0    17     1    12
 -4.1190045591522800E-01 a       333     0    17     1    13
 -6.6748535879424684E-02 a       334     0    17     1    14
 -1.3570924603474074E-01 a       335     0    17     1    15
 -8.1246096670698723E-02 a       336     0    17     1    16
 -1.5213697375426039E-01 a       337     0    17     1    17
 -2.1607634081939772E-01 a       338     0    17     1    18
 -6.6456658296649385E-01 a       339     0    17     1    19
  5.2218458824194092E-01 a       340     0    17     1    20
  5.4656213602178305E-01 a       341     0    18     1     1
  2.4189283294003130E-01 a       342     0    18     1     2
 -4.1847528481320806E-01 a       343     0    18     1     3
 -7.4921267391423046E-02 a       344     0    18     1     4
  3.7687958372768465E-01 a       345     0    18     1     5
 -1.3822998801283687E-01 a       346     0    18     1     6
  1.2132549482654713E-01 a       347     0    18     1     7
 -5.8188627965683179E-02 a       348     0    18     1     8
  8.3061032904869575E-02 a       349     0    18     1     9
  4.3367479661863811E-01 a       350     0    18     1    10
  4.7940614858592356E-01 a       351     0    18     1    11
 -5.2495753496587672E-01 a       352     0    18     1    12
  1.8990720724404417E-01 a       353     0    18     1    13
 -7.4839354699397109E-01 a       354     0    18     1    14
 -3.0769772441540510E-01 a       355     0    18     1    15
  5.7503162964397658E-01 a       356     0    18     1    16
  1.8274446421758445E-01 a       357     0    18     1    17
  1.7547364489143571E-01 a       358     0    18     1    18
 -1.1144385130579670E-01 a       359     0    18     1    19
  2.1293261583558667E-01 a       360     0    18     1    20
 -6.5096951087691057E-01 a       361     0    19     1     1
  5.7039425905345671E-02 a       362     0    19     1     2
 -7.2239943677493215E-02 a       363     0    19     1     3
 -1.5450156776358473E-01 a       364     0    19     1     4
 -5.2689176827875239E-01 a       365     0    19     1     5
  1.2483865228597150E-01 a       366     0    19     1     6
 -2.4035061574258329E-01 a       367     0    19     1     7
  2.9686642642205319E-01 a       368     0    19     1     8
 -3.0671005082789482E-01 a       369     0    19     1     9
 -6.6187225673905370E-01 a       370     0    19     1    10
  4.1051883008020207E-01 a       371     0    19     1    11
  6.7910664377472363E-01 a       372     0    19     1    12
  4.1937284155482191E-01 a       373     0    19     1    13
  4.0347390055652760E-01 a       374     0    19     1    14
  1.1255974252567025E+00 a       375     0    19     1    15
 -3.4314130832985179E-02 a       376     0    19     1    16
 -7.9969453244141217E-02 a       377     0    19     1    17
 -1.1352427345632607E-01 a       378     0    19     1    18
 -3.8029628908273377E-01 a       379     0    19     1    19
  1.3904711348912819E-02 a       380     0    19     1    20
  3.9262093398034037E-01 a       381     0    20     1     1
  1.6742951926145702E-01 a       382     0    20     1     2
 -1.1336031306823842E-01 a       383     0    20     1     3
  1.6631750532125586E-01 a       384     0    20     1     4
 -1.7981066745116481E-01 a       385     0    20     1     5
  7.9404497562780485E-01 a       386     0    20     1     6
  1.0386036872120337E+00 a       387     0    20     1     7
 -3.1863430060323117E-01 a       388     0    20     1     8
  2.6163113099936919E-01 a       389     0    20     1     9
  2.4580791978544198E-01 a       390     0    20     1    10
 -6.2010900726169160E-01 a       391     0    20     1    11
 -5.0503466204276892E-01 a       392     0    20     1    12
 -3.7551182933288280E-01 a       393     0    20     1    13
  9.7510725379898661E-02 a       394     0    20     1    14
 -7.1794297987567068E-01 a       395     0    20     1    15
  4.3079468226826445E-01 a       396     0    20     1    16
  5.0923258952594108E-01 a       397     0    20     1    17
  2.7024524942336464E-01 a       398     0    20     1    18
 -2.8290050804768890E-01 a       399     0    20     1    19
  6.3521471829073228E-01 a       400     0    20     1    20
 -1.5270351066577703E-01 a       401     0    21     1     1
 -6.6353925977476536E-01 a       402     0    21     1     2
 -2.7686784412262938E-01 a       403     0    21     1     3
  6.3214693710687442E-02 a       404     0    21     1     4
  1.3388781931251587E-01 a       405     0    21     1     5
 -7.3705998470988132E-01 a       406     0    21     1     6
 -5.0940889868083061E-01 a       407     0    21     1     7
  1.5561612375209982E-01 a       408     0    21     1     8
  1.2139989209149209E-01 a       409     0    21     1     9
 -3.2302371959927173E-01 a       410     0    21     1    10
 -1.4515360347711012E-01 a       411     0    21     1    11
 -1.3200181959146928E-01 a       412     0    21     1    12
  1.0680799297611802E-01 a       413     0    21     1    13
 -1.8335649343377269E-01 a       414     0    21     1    14
  1.3903315055599388E-01 a       415     0    21     1    15
 -2.1998308577795872E-01 a       416     0    21     1    16
 -3.6489296602664129E-01 a       417     0    21     1    17
  5.8886881095233913E-02 a       418     0    21     1    18
  1.7654434069728719E-01 a       419     0    21     1    19
 -2.3877527155044320E-01 a       420     0    21     1    20
 -7.3498072734603237E-01 a       421     0    22     1     1
  4.1605531007342089E-01 a       422     0    22     1     2
  7.0835941731420035E-02 a       423     0    22     1     3
 -8.5361787598297406E-02 a       424     0    22     1     4
 -1.6696333359149265E-01 a       425     0    22     1     5
 -2.8566518580000416E-01 a       426     0    22     1     6
 -2.8660226423585167E-01 a       427     0    22     1     7
  3.9390490166664982E-01 a       428     0    22     1     8
  2.3993965666627309E-01 a       429     0    22     1     9
 -2.3488312890667126E-01 a       430     0    22     1    10
  3.3880162004266640E-01 a       431     0    22     1    11
  3.9170667037302281E-01 a       432     0    22     1    12
  1.2656499174761365E-01 a       433     0    22     1    13
  1.6374552418327004E-01 a       434     0    22     1    14
  3.0574287230355551E-01 a       435     0    22     1    15
 -1.9148070823600480E-01 a       436     0    22     1    16
 -2.1860668203692235E-01 a       437     0    22     1    17
 -1.1467003226800918E+00 a       438     0    22     1    18
  4.5923768462450709E-01 a       439     0    22     1    19
 -2.5775223550234111E-01 a       440     0    22     1    20
  6.3439925336813718E-01 a       441     0    23     1     1
 -5.2014532029509689E-02 a       442     0    23     1     2
  6.1501918419869694E-01 a       443     0    23     1     3
 -7.1089594310393786E-02 a       444     0    23     1     4
 -3.5631378553930260E-01 a       445     0    23     1     5
  6.1005594299449495E-01 a       446     0    23     1     6
  1.2227626852670823E+00 a       447     0    23     1     7
 -4.3665930350971122E-01 a       448     0    23     1     8
  2.5781724613593522E-02 a       449     0    23     1     9
 -1.2098677927686943E-01 a       450     0    23     1    10
 -3.2724714487588275E-01 a       451     0    23     1    11
 -1.1295864635979279E-01 a       452     0    23     1    12
 -3.6918668431246221E-01 a       453     0    23     1    13
 -1.1309886515290277E-01 a       454     0    23     1    14
 -5.7639831550139664E-01 a       455     0    23     1    15
 -1.7444665514115715E-01 a       456     0    23     1    16
  1.3393945198910345E-01 a       457     0    23     1    17
  5.5117211441854486E-01 a       458     0    23     1    18
  7.6654181209842409E-01 a       459     0    23     1    19
  7.6377947933931767E-02 a       460     0    23     1    20
 -2.1073515741024140E-01 a       461     0    24     1     1
  3.5651573996834685E-01 a       462     0    24     1     2
  3.7090150738105271E-01 a       463     0    24     1     3
 -4.1788102307068725E-02 a       464     0    24     1     4
 -2.6281613644865942E-01 a       465     0    24     1     5
  9.9795030478709384E-02 a       466     0    24     1     6
  9.8689862199989348E-02 a       467     0    24     1     7
  8.2065197642266427E-02 a       468     0    24     1     8
  2.4719762624680272E-01 a       469     0    24     1     9
  2.7894614361036318E-01 a       470     0    24     1    10
  9.9851827682001681E-02 a       471     0    24     1    11
 -1.0087358483441501E-01 a       472     0    24     1    12
 -4.4194542586708774E-01 a       473     0    24     1    13
  9.8908806901952140E-02 a       474     0    24     1    14
 -6.0051452306929737E-02 a       475     0    24     1    15
 -2.6723401755497050E-01 a       476     0    24     1    16
 -1.1385599111172968E-01 a       477     0    24     1    17
 -4.2609810870079118E-01 a       478     0    24     1    18
  4.2899538480192595E-02 a       479     0    24     1    19
 -3.5679179501604780E-01 a       480     0    24     1    20
  8.0318998279354237E-01 a       481     0    25     1     1
 -5.5881109275853058E-01 a       482     0    25     1     2
 -1.3969385595850417E-01 a       483     0    25     1     3
  4.9799983671663073E-01 a       484     0    25     1     4
  3.6563313589055912E-01 a       485     0    25     1     5
 -5.2055554466708753E-01 a       486     0    25     1     6
  5.1183996971519186E-01 a       487     0    25     1     7
 -5.9902102546275893E-01 a       488     0    25     1     8
 -5.6404187394887351E-01 a       489     0    25     1     9
  2.9910954858982636E-01 a       490     0    25     1    10
 -2.7023136268979037E-01 a       491     0    25     1    11
 -2.1995762947544698E-01 a       492     0    25     1    12
  6.5796806933161658E-02 a       493     0    25     1    13
 -1.3538667779178523E-01 a       494     0    25     1    14
 -7.3677031241036417E-01 a       495     0    25     1    15
 -1.2113382747257227E-01 a       496     0    25     1    16
 -1.0842178963836893E-01 a       497     0    25     1    17
  3.8225497675274445E-01 a       498     0    25     1    18
 -3.4348739391162608E-01 a       499     0    25     1    19
 -3.9207386965066321E-01 a       500     0    25     1    20
 -5.8683325272747577E-01 a       501     0    26     1     1
  4.1145402097497857E-01 a       502     0    26     1     2
 -4.2728576451052436E-01 a       503     0    26     1     3
  2.4465426634764342E-01 a       504     0    26     1     4
 -1.5597110110423540E-01 a       505     0    26     1     5
  4.4988748410061974E-01 a       506     0    26     1     6
  3.8127082967291649E-02 a       507     0    26     1     7
 -4.0856250664878507E-01 a       508     0    26     1     8
  6.7223195633142163E-02 a       509     0    26     1     9
  4.7938200277675669E-01 a       510     0    26     1    10
  3.3377193631408308E-01 a       511     0    26     1    11
  2.0265205366145470E-01 a       512     0    26     1    12
 -9.3326021426892758E-01 a       513     0    26     1    13
 -1.9489619285473797E-01 a       514     0    26     1    14
  3.9940671340384870E-01 a       515     0    26     1    15
  5.2857373662902174E-01 a       516     0    26     1    16
 -7.0163535829196613E-02 a       517     0    26     1    17
 -4.7670965970446616E-01 a       518     0    26     1    18
 -2.2855395082234925E-01 a       519     0    26     1    19
  6.7952727241160041E-02 a       520     0    26     1    20
  4.4849959975763562E-02 a       521     0    27     1     1
 -8.8440264819567280E-02 a       522     0    27     1     2
  5.6502424705133170E-01 a       523     0    27     1     3
  1.5161122291268664E-01 a       524     0    27     1     4
  7.4545401622069060E-02 a       525     0    27     1     5
  9.2213869289780079E-02 a       526     0    27     1     6
 -2.8606181295514420E-02 a       527     0    27     1     7
 -3.7949548654375548E-01 a       528     0    27     1     8
  3.2980343390824252E-01 a       529     0    27     1     9
 -9.4309312011565338E-01 a       530     0    27     1    10
  1.4879993445068199E-01 a       531     0    27     1    11
  2.1105505754177012E-01 a       532     0    27     1    12
  3.8513903633182640E-02 a       533     0    27     1    13
  2.0395559512548178E-02 a       534     0    27     1    14
  9.7606355388516508E-01 a       535     0    27     1    15
 -3.1140934228174066E-01 a       536     0    27     1    16
 -2.3421633768959699E-02 a       537     0    27     1    17
  7.5628712961598454E-02 a       538     0    27     1    18
  3.2603077108542544E-02 a       539     0    27     1    19
 -1.6063458329389921E-01 a       540     0    27     1    20
  6.3144859301878326E-02 a       541     0    28     1     1
  1.6003710506390731E-01 a       542     0    28     1     2
 -1.0102659342596239E-01 a       543     0    28     1     3
 -3.7862749602736795E-01 a       544     0    28     1     4
 -1.1130650013356842E-01 a       545     0    28     1     5
  2.8752120470462522E-01 a       546     0    28     1     6
 -3.2540136965678712E-01 a       547     0    28     1     7
  4.3120556706696470E-02 a       548     0    28     1     8
 -3.9939551817183377E-01 a       549     0    28     1     9
 -1.8871079060744744E-01 a       550     0    28     1    10
 -3.2503115561327811E-01 a       551     0    28     1    11
  2.8878157937426638E-02 a       552     0    28     1    12
  2.1253287299460716E-01 a       553     0    28     1    13
  1.7218309631712142E-01 a       554     0    28     1    14
 -9.7948159522699391E-02 a       555     0    28     1    15
  2.4770981525889516E-01 a       556     0    28     1    16
  2.0219456374220701E-01 a       557     0    28     1    17
 -8.6262560446867684E-02 a       558     0    28     1    18
  2.3666185263089462E-01 a       559     0    28     1    19
 -4.8598566220734909E-03 a       560     0    28     1    20
  6.1649208618074514E-01 a       561     0    29     1     1
  2.3425056444561632E-01 a       562     0    29     1     2
 -4.1188814338671574E-02 a       563     0    29     1     3
 -5.7235565605177019E-01 a       564     0    29     1     4
  3.5236849671163711E-01 a       565     0    29     1     5
  1.6979317788383574E-01 a       566     0    29     1     6
 -1.5958306113926532E-01 a       567     0    29     1     7
  3.0706477939990090E-01 a       568     0    29     1     8
  2.8467902565551062E-01 a       569     0    29     1     9
 -4.9657559396240469E-01 a       570     0    29     1    10
  2.1101650096772376E-01 a       571     0    29     1    11
  4.4664033673843511E-03 a       572     0    29     1    12
 -6.3959191380802849E-01 a       573     0    29     1    13
 -2.7395562666227051E-02 a       574     0    29     1    14
  1.4683876950805402E-01 a       575     0    29     1    15
  2.2599479923363427E-01 a       576     0    29     1    16
 -9.5527031391425474E-02 a       577     0    29     1    17
  1.3448003529772135E-01 a       578     0    29     1    18
  3.2082769238613545E-01 a       579     0    29     1    19
 -3.9496528161328698E-01 a       580     0    29     1    20
 -3.3830388340065709E-01 a       581     0    30     1     1
  3.5479501674964026E-01 a       582     0    30     1     2
 -1.0903015038135655E-01 a       583     0    30     1     3
  6.3948475210802158E-02 a       584     0    30     1     4
 -6.9879884922205565E-02 a       585     0    30     1     5
 -3.5543310280826523E-01 a       586     0    30     1     6
 -2.5018686072420221E-01 a       587     0    30     1     7
  7.7574498306584539E-03 a       588     0    30     1     8
  3.0574432274399183E-01 a       589     0    30     1     9
  4.2346389340900181E-01 a       590     0    30     1    10
 -3.4055616878611659E-02 a       591     0    30     1    11
  9.9285203243898709E-02 a       592     0    30     1    12
  3.6973759646246696E-01 a       593     0    30     1    13
 -7.7721806191524204E-02 a       594     0    30     1    14
 -6.3322419250283993E-02 a       595     0    30     1    15
 -4.8702900328899296E-01 a       596     0    30     1    16
  4.1777802713346557E-01 a       597     0    30     1    17
  7.0115379656498694E-02 a       598     0    30     1    18
  2.2988587999326415E-01 a       599     0    30     1    19
  5.2280554032462878E-01 a       600     0    30     1    20
 -4.5984383549451330E-01 a       601     0    31     1     1
  4.8649316340394633E-01 a       602     0    31     1     2
  2.0923706075964457E-01 a       603     0    31     1     3
  2.3906104205863035E-01 a       604     0    31     1     4
 -1.6916558744213689E-01 a       605     0    31     1     5
 -6.7511229127079642E-01 a       606     0    31     1     6
 -3.2810402501376379E-01 a       607     0    31     1     7
 -1.0702019544485558E-01 a       608     0    31     1     8
 -2.1593032727817263E-01 a       609     0    31     1     9
 -1.9586631782138286E-01 a       610     0    31     1    10
 -2.7167204362582548E-01 a       611     0    31     1    11
 -8.7228399294971309E-02 a       612     0    31     1    12
  1.6622833219704297E-01 a       613     0    31     1    13
 -2.4562161215579981E-01 a       614     0    31     1    14
 -6.2624924357791323E-01 a       615     0    31     1    15
 -4.2668577948956687E-01 a       616     0    31     1    16
  3.2878768844873535E-01 a       617     0    31     1    17
  1.6329329870770609E-01 a       618     0    31     1    18
 -1.5559301471063153E-01 a       619     0    31     1    19
  5.9117576621120775E-04 a       620     0    31     1    20
  2.0627747817200406E-01 a       621     0    32     1     1
 -8.6906149114688014E-01 a       622     0    32     1     2
  3.6873340450094251E-02 a       623     0    32     1     3
  2.7225778950002844E-01 a       624     0    32     1     4
  2.0036242444821201E-01 a       625     0    32     1     5
  2.5068865978411103E-01 a       626     0    32     1     6
 -2.1368807120992625E-01 a       627     0    32     1     7
 -3.5327678621769804E-01 a       628     0    32     1     8
 -3.0809789203673199E-01 a       629     0    32     1     9
  1.3795719511742405E-01 a       630     0    32     1    10
  1.2971649300333368E-01 a       631     0    32     1    11
  7.6833712280584165E-02 a       632     0    32     1    12
 -4.6351572899082694E-01 a       633     0    32     1    13
  2.6884866445176436E-01 a       634     0    32     1    14
  7.1133100806680838E-02 a       635     0    32     1    15
  5.2965889358536267E-01 a       636     0    32     1    16
  1.3815736583263177E-01 a       637     0    32     1    17
  7.3016978372297625E-01 a       638     0    32     1    18
  5.1650778919787987E-01 a       639     0    32     1    19
 -1.3844938002668150E-01 a       640     0    32     1    20
 -3.5805738833756595E-01 a       641     0    33     1     1
  3.3391384470304630E-01 a       642     0    33     1     2
 -6.1103893582200020E-01 a       643     0    33     1     3
  1.7906370960401399E-01 a       644     0    33     1     4
  2.5678524770861841E-02 a       645     0    33     1     5
  6.4772192022732888E-01 a       646     0    33     1     6
 -1.1843496200238894E-01 a       647     0    33     1     7
  2.6015930471827492E-01 a       648     0    33     1     8
  2.7003617595184968E-02 a       649     0    33     1     9
  1.1776183960547777E-01 a       650     0    33     1    10
  7.3628058014738240E-01 a       651     0    33     1    11
  7.1904777622587027E-02 a       652     0    33     1    12
  4.1169181697764284E-01 a       653     0    33     1    13
  2.5283884687045516E-01 a       654     0    33     1    14
  1.3250751853308090E-01 a       655     0    33     1    15
  3.3594714191228468E-02 a       656     0    33     1    16
 -6.0607469438605654E-01 a       657     0    33     1    17
 -3.5980267295243319E-02 a       658     0    33     1    18
 -2.8646452860997873E-01 a       659     0    33     1    19
 -6.0941363654438507E-01 a       660     0    33     1    20
  7.3274726872893936E-02 a       661     0    34     1     1
 -4.6703775136003434E-01 a       662     0    34     1     2
 -1.0879602092896154E-01 a       663     0    34     1     3
 -2.0044945990540328E-03 a       664     0    34     1     4
  1.5897346141529625E-02 a       665     0    34     1     5
  8.2132246780466844E-01 a       666     0    34     1     6
 -5.5961031613559697E-01 a       667     0    34     1     7
  2.2963244629056376E-01 a       668     0    34     1     8
  3.3887695836374421E-01 a       669     0    34     1     9
  2.1976359016512234E-01 a       670     0    34     1    10
  2.3019078173777183E-01 a       671     0    34     1    11
  5.8952660382751965E-01 a       672     0    34     1    12
  3.4670355548595561E-03 a       673     0    34     1    13
 -5.7722166809586174E-02 a       674     0    34     1    14
  1.4751548971853709E-01 a       675     0    34     1    15
  2.1494249786812508E-01 a       676     0    34     1    16
 -2.3792038477058056E-01 a       677     0    34     1    17
  5.8197047849521111E-01 a       678     0    34     1    18
  8.8404306332611926E-02 a       679     0    34     1    19
  1.2124102299689000E-01 a       680     0    34     1    20
  2.0997969182573645E-02 a       681     0    35     1     1
 -2.9506759652036629E-01 a       682     0    35     1     2
  3.0315446115189254E-01 a       683     0    35     1     3
 -3.1749032801213228E-01 a       684     0    35     1     4
 -8.8986832562137819E-01 a       685     0    35     1     5
 -5.3105759948072362E-01 a       686     0    35     1     6
 -4.5217086920281596E-01 a       687     0    35     1     7
  2.1027951714707213E-01 a       688     0    35     1     8
  4.8580312478992395E-02 a       689     0    35     1     9
  1.9179289325388435E-01 a       690     0    35     1    10
 -2.0950744916756256E-01 a       691     0    35     1    11
  9.7966072594546205E-02 a       692     0    35     1    12
 -1.6625955788922789E-01 a       693     0    35     1    13
 -4.2392628833297125E-01 a       694     0    35     1    14
 -9.5395001861920214E-01 a       695     0    35     1    15
 -5.0193878339425202E-01 a       696     0    35     1    16
 -2.6801343159843127E-01 a       697     0    35     1    17
 -3.9989920464753997E-01 a       698     0    35     1    18
 -7.7428960207383124E-01 a       699     0    35     1    19
  4.3836253229757050E-01 a       700     0    35     1    20
 -8.5493874335303643E-02 a       701     0    36     1     1
  2.5223214647397962E-01 a       702     0    36     1     2
 -1.7692571342910399E-01 a       703     0    36     1     3
 -1.2249835944606371E+00 a       704     0    36     1     4
 -5.0523726146451520E-01 a       705     0    36     1     5
 -1.0394777749851679E-01 a       706     0    36     1     6
  4.0486697334307625E-01 a       707     0    36     1     7
 -9.1217464913906932E-01 a       708     0    36     1     8
 -3.0495810397708234E-01 a       709     0    36     1     9
 -1.0476376492080289E-01 a       710     0    36     1    10
 -9.3604353379122973E-01 a       711     0    36     1    11
  7.3132808054657128E-01 a       712     0    36     1    12
  2.1155991942794841E-01 a       713     0    36     1    13
  2.4517918137701308E-01 a       714     0    36     1    14
 -1.6333040859105655E-01 a       715     0    36     1    15
 -3.7145635113755254E-01 a       716     0    36     1    16
 -1.9115747140454925E-01 a       717     0    36     1    17
 -5.8506794838477683E-01 a       718     0    36     1    18
 -7.9242152223316986E-02 a       719     0    36     1    19
 -6.6934249666844595E-02 a       720     0    36     1    20
  6.7080804046620790E-01 a       721     0    37     1     1
  5.3145283675505972E-02 a       722     0    37     1     2
 -4.7461576862499348E-02 a       723     0    37     1     3
 -2.3148923661742279E-01 a       724     0    37     1     4
 -1.8302677563858005E-01 a       725     0    37     1     5
  4.9135760369242626E-01 a       726     0    37     1     6
  7.9676955925626292E-01 a       727     0    37     1     7
 -1.6629963327276280E-02 a       728     0    37     1     8
  1.2821402679723209E-01 a       729     0    37     1     9
  1.4134948745676953E-01 a       730     0    37     1    10
 -3.1106446600652288E-01 a       731     0    37     1    11
  3.3925699748354088E-01 a       732     0    37     1    12
 -3.0410039278377626E-01 a       733     0    37     1    13
  2.0993992337408093E-01 a       734     0    37     1    14
 -3.2141013669463442E-01 a       735     0    37     1    15
  1.7027664452864577E-01 a       736     0    37     1    16
  6.3238449734216500E-03 a       737     0    37     1    17
 -1.6354828079082645E-01 a       738     0    37     1    18
  3.2083399918829120E-01 a       739     0    37     1    19
  3.3390387043746950E-01 a       740     0    37     1    20
 -4.8539295703699253E-01 a       741     0    38     1     1
 -2.7846026442529571E-02 a       742     0    38     1     2
 -9.2432207640467695E-02 a       743     0    38     1     3
  2.2062918439791920E-01 a       744     0    38     1     4
 -2.9582329424110515E-01 a       745     0    38     1     5
 -1.4338932294932680E+00 a       746     0    38     1     6
  3.4366639124870124E-01 a       747     0    38     1     7
 -1.2715186220313660E-01 a       748     0    38     1     8
 -5.5197330799047421E-02 a       749     0    38     1     9
 -1.0640913693174486E-01 a       750     0    38     1    10
 -2.4402549146101385E-01 a       751     0    38     1    11
 -4.4882427310214018E-01 a       752     0    38     1    12
 -1.2084090946575946E-01 a       753     0    38     1    13
  1.2306397333688879E-01 a       754     0    38     1    14
  2.1266396490304776E-01 a       755     0    38     1    15
  4.9073937992213856E-01 a       756     0    38     1    16
 -2.7097958812004504E-02 a       757     0    38     1    17
 -1.8733887362741281E-01 a       758     0    38     1    18
  2.6917199350002502E-01 a       759     0    38     1    19
 -1.2133497971921728E-01 a       760     0    38     1    20
  7.5892434566550471E-01 a       761     0    39     1     1
  1.1884915125600032E-01 a       762     0    39     1     2
 -3.1863350574197402E-01 a       763     0    39     1     3
  5.6827069298790700E-01 a       764     0    39     1     4
  3.8197833686581678E-01 a       765     0    39     1     5
 -9.3823677744651099E-02 a       766     0    39     1     6
  9.6061007316766001E-01 a       767     0    39     1     7
  3.9538826212139022E-01 a       768     0    39     1     8
 -1.3289686644557652E-01 a       769     0    39     1     9
  6.1454928356710981E-01 a       770     0    39     1    10
 -3.0800015615540033E-01 a       771     0    39     1    11
  2.8196747174663677E-02 a       772     0    39     1    12
 -9.6010342649789096E-02 a       773     0    39     1    13
  1.0882810328456807E-01 a       774     0    39     1    14
 -5.0149120389584523E-01 a       775     0    39     1    15
 -2.8263654253585130E-01 a       776     0    39     1    16
 -1.8894883179094452E-01 a       777     0    39     1    17
  6.2462859929926529E-01 a       778     0    39     1    18
  2.9372487641473460E-01 a       779     0    39     1    19
  3.6859055360782667E-01 a       780     0    39     1    20
 -1.7647067475520434E-01 a       781     0    40     1     1
 -1.4579325539590904E-01 a       782     0    40     1     2
  4.1291097870656163E-01 a       783     0    40     1     3
 -3.8689056814642714E-01 a       784     0    40     1     4
  7.7183189498749460E-01 a       785     0    40     1     5
  1.6035039716280300E-01 a       786     0    40     1     6
 -5.7431448346570868E-01 a       787     0    40     1     7
 -1.4187400772599845E-01 a       788     0    40     1     8
  5.2538870183511521E-01 a       789     0    40     1     9
 -3.2088115347297524E-01 a       790     0    40     1    10
  7.2980948281382393E-02 a       791     0    40     1    11
 -4.2321651796391357E-01 a       792     0    40     1    12
  1.9802640335171165E-01 a       793     0    40     1    13
 -7.3362006716291617E-01 a       794     0    40     1    14
  5.6040007485564269E-01 a       795     0    40     1    15
 -2.1848295874431092E-01 a       796     0    40     1    16
  3.2658040661738552E-01 a       797     0    40     1    17
  1.8382206018490868E-01 a       798     0    40     1    18
 -2.1755442913626771E-01 a       799     0    40     1    19
 -1.2853606798232262E-01 a       800     0    40     1    20
  1.2198160980195616E-01 a       801     0    41     1     1
  3.7120361400586127E-01 a       802     0    41     1     2
 -6.0852291254217386E-02 a       803     0    41     1     3
 -5.7070015448925135E-02 a       804     0    41     1     4
 -2.1316410373779554E-01 a       805     0    41     1     5
  3.7994075412083778E-01 a       806     0    41     1     6
  4.5684627858533272E-01 a       807     0    41     1     7
 -2.5006236931133935E-02 a       808     0    41     1     8
  4.7882371456181891E-02 a       809     0    41     1     9
 -1.5026499689522207E-01 a       810     0    41     1    10
  5.2214116012693816E-02 a       811     0    41     1    11
 -1.1359460885222372E-01 a       812     0    41     1    12
  8.5958371175619219E-02 a       813     0    41     1    13
 -2.2372121777968582E-01 a       814     0    41     1    14
  7.6572849076535762E-02 a       815     0    41     1    15
 -1.1312061220447617E-02 a       816     0    41     1    16
  1.4188092352953049E-01 a       817     0    41     1    17
 -2.7296513669681505E-01 a       818     0    41     1    18
 -1.2222145071692317E-01 a       819     0    41     1    19
 -7.4741158857261200E-03 a       820     0    41     1    20
  1.2723335090790319E-01 a       821     0    42     1     1
  1.8095501361362010E-01 a       822     0    42     1     2
  1.7887343369116254E-01 a       823     0    42     1     3
  2.2163862647233154E-01 a       824     0    42     1     4
  4.2942345722889325E-02 a       825     0    42     1     5
  4.3615096706619050E-01 a       826     0    42     1     6
  2.1311122293623633E-01 a       827     0    42     1     7
 -8.5355582317579143E-02 a       828     0    42     1     8
 -2.0003509019589255E-01 a       829     0    42     1     9
  8.4136545248227057E-02 a       830     0    42     1    10
 -2.3809088382739604E-01 a       831     0    42     1    11
 -1.8209921358105255E-01 a       832     0    42     1    12
  6.0124893426126501E-02 a       833     0    42     1    13
  2.0954293589142706E-01 a       834     0    42     1    14
 -2.7253124199393175E-01 a       835     0    42     1    15
 -2.2043571822699806E-01 a       836     0    42     1    16
 -3.3009667445798868E-01 a       837     0    42     1    17
  2.3376399277619173E-01 a       838     0    42     1    18
  6.4728624128750412E-01 a       839     0    42     1    19
 -7.0488147170844215E-02 a       840     0    42     1    20
  2.4910630273895790E-01 a       841     0    43     1     1
 -2.9461984913292671E-01 a       842     0    43     1     2
  1.7103226258035595E-01 a       843     0    43     1     3
 -2.1489538884053605E-01 a       844     0    43     1     4
  4.0866442370458111E-01 a       845     0    43     1     5
 -1.6165366570102091E-01 a       846     0    43     1     6
 -2.5694217585280987E-01 a       847     0    43     1     7
 -1.0271425450451670E-01 a       848     0    43     1     8
 -3.6516247713468020E-01 a       849     0    43     1     9
  2.6903858114175463E-02 a       850     0    43     1    10
 -1.3848619646993646E-01 a       851     0    43     1    11
  1.6060597955123793E-01 a       852     0    43     1    12
 -2.0953826808571188E-01 a       853     0    43     1    13
  1.0032975727569032E-01 a       854     0    43     1    14
  8.0996753992117337E-02 a       855     0    43     1    15
 -1.0489148328392364E-01 a       856     0    43     1    16
  2.8488403128752970E-01 a       857     0    43     1    17
 -1.0686543743637483E-02 a       858     0    43     1    18
  2.1663263583520517E-01 a       859     0    43     1    19
  1.2625639228460570E-01 a       860     0    43     1    20
 -3.8378587285478372E-01 a       861     0    44     1     1
  3.6223689139149423E-01 a       862     0    44     1     2
 -2.2261965434335043E-01 a       863     0    44     1     3
 -1.6540235513453358E-01 a       864     0    44     1     4
 -6.9663796135416298E-03 a       865     0    44     1     5
 -6.7359232560431415E-01 a       866     0    44     1     6
 -7.2547825091445728E-01 a       867     0    44     1     7
  2.3531002526579764E-01 a       868     0    44     1     8
  5.2920747845260674E-01 a       869     0    44     1     9
  2.2765882933406054E-01 a       870     0    44     1    10
  1.8464950666702515E-01 a       871     0    44     1    11
  5.6448772499684252E-01 a       872     0    44     1    12
  2.2776380670625738E-02 a       873     0    44     1    13
 -2.3268655568139085E-01 a       874     0    44     1    14
  3.9580446528285379E-01 a       875     0    44     1    15
  1.4938305320507603E-01 a       876     0    44     1    16
  2.6830473272149485E-01 a       877     0    44     1    17
 -1.2355941451579679E-01 a       878     0    44     1    18
 -5.4516198155330065E-01 a       879     0    44     1    19
 -9.2298665772362121E-02 a       880     0    44     1    20
  4.3453008892208794E-01 a       881     0    45     1     1
 -1.0570753556213925E+00 a       882     0    45     1     2
  4.8701935267477398E-01 a       883     0    45     1     3
  4.5931693669216656E-01 a       884     0    45     1     4
  5.0151991621529668E-01 a       885     0    45     1     5
  7.1664039867620144E-01 a       886     0    45     1     6
 -9.4146977301253126E-02 a       887     0    45     1     7
  5.8674499657804302E-02 a       888     0    45     1     8
 -7.7069046158039123E-01 a       889     0    45     1     9
  1.3914482715722454E-02 a       890     0    45     1    10
  4.3212516334320689E-01 a       891     0    45     1    11
 -2.2241120629832248E-01 a       892     0    45     1    12
  2.1118947732521454E-01 a       893     0    45     1    13
  5.0663273835867917E-01 a       894     0    45     1    14
 -2.9864134160284395E-01 a       895     0    45     1    15
 -2.6132681459688117E-01 a       896     0    45     1    16
  4.7584572700245975E-01 a       897     0    45     1    17
  4.4940134501481721E-01 a       898     0    45     1    18
 -4.0047124306387518E-03 a       899     0    45     1    19
  6.3181641280977544E-02 a       900     0    45     1    20
 -1.1189887403172758E+00 a       901     0    46     1     1
  5.4128125455542275E-01 a       902     0    46     1     2
 -1.7313090121830685E-01 a       903     0    46     1     3
 -4.4941196183792481E-01 a       904     0    46     1     4
 -2.0008718254595903E-01 a       905     0    46     1     5
 -7.6057355544723371E-01 a       906     0    46     1     6
 -9.4868734487664319E-01 a       907     0    46     1     7
  8.2178915843288902E-01 a       908     0    46     1     8
  4.0905430904884543E-01 a       909     0    46     1     9
  7.8410774779806258E-01 a       910     0    46     1    10
  4.9395011415988521E-01 a       911     0    46     1    11
  1.6092353939512838E-01 a       912     0    46     1    12
 -2.5316896477739137E-01 a       913     0    46     1    13
 -3.3979731083105086E-01 a       914     0    46     1    14
  1.1980062833168632E-01 a       915     0    46     1    15
  5.8089460014896221E-01 a       916     0    46     1    16
 -2.0521154940065139E-01 a       917     0    46     1    17
 -7.6126024427297889E-01 a       918     0    46     1    18
 -4.4884967522507452E-01 a       919     0    46     1    19
 -1.8115672789487899E-01 a       920     0    46     1    20
 -2.5004909309252071E-02 a       921     0    47     1     1
 -8.2979970810826406E-02 a       922     0    47     1     2
 -8.8515016758970774E-03 a       923     0    47     1     3
  1.3011112866630525E-01 a       924     0    47     1     4
 -5.0998229895379155E-01 a       925     0    47     1     5
 -2.8893214241780357E-01 a       926     0    47     1     6
 -2.2726533438339572E-01 a       927     0    47     1     7
 -2.9727134610119621E-01 a       928     0    47     1     8
  1.2639125232639303E-01 a       929     0    47     1     9
 -2.3323469200204439E-01 a       930     0    47     1    10
 -3.7089012008806786E-02 a       931     0    47     1    11
 -2.4545582759460155E-01 a       932     0    47     1    12
 -5.8954201611404043E-02 a       933     0    47     1    13
  1.7001676512941855E-01 a       934     0    47     1    14
 -1.9763210821223004E-01 a       935     0    47     1    15
  6.7825472571351006E-02 a       936     0    47     1    16
 -6.6449225444532389E-01 a       937     0    47     1    17
  3.8588623903777569E-01 a       938     0    47     1    18
 -9.7506626315944853E-03 a       939     0    47     1    19
 -4.3403625661806627E-01 a       940     0    47     1    20
  5.6431109735939768E-02 a       941     0    48     1     1
  3.3372305146937331E-01 a       942     0    48     1     2
 -1.5269499537892864E-01 a       943     0    48     1     3
  7.3643122296199320E-02 a       944     0    48     1     4
  2.4294829500240858E-01 a       945     0    48     1     5
 -2.8830840432623340E-02 a       946     0    48     1     6
  8.3508130255879318E-02 a       947     0    48     1     7
 -1.2644236252140864E-01 a       948     0    48     1     8
 -1.0592711108016192E-01 a       949     0    48     1     9
  4.4792036498588655E-01 a       950     0    48     1    10
  1.7536825230992006E-01 a       951     0    48     1    11
 -7.0010199757041092E-02 a       952     0    48     1    12
  2.7834788707899771E-01 a       953     0    48     1    13
 -2.4438269152824293E-01 a       954     0    48     1    14
  8.6837406268482770E-02 a       955     0    48     1    15
  2.0691918368728638E-02 a       956     0    48     1    16
 -1.6361105967812981E-01 a       957     0    48     1    17
 -2.1213227826439938E-02 a       958     0    48     1    18
 -5.8994543783989672E-01 a       959     0    48     1    19
 -6.2172224964989805E-03 a       960     0    48     1    20
  2.0018126878660727E+00 a       961     0    49     1     1
 -6.3492698640735168E-01 a       962     0    49     1     2
  3.1275229160147278E-01 a       963     0    49     1     3
  2.3655344973099954E-01 a       964     0    49     1     4
  2.1882137011076805E-01 a       965     0    49     1     5
  5.8584877381627909E-01 a       966     0    49     1     6
  1.3125200875033471E-01 a       967     0    49     1     7
 -9.7941909790630610E-02 a       968     0    49     1     8
  7.3128247119419476E-01 a       969     0    49     1     9
  1.0002277308732099E-01 a       970     0    49     1    10
 -2.3360797766773561E-01 a       971     0    49     1    11
 -4.3611140607655158E-01 a       972     0    49     1    12
 -4.0809863618724046E-01 a       973     0    49     1    13
 -4.6065996167789713E-01 a       974     0    49     1    14
  1.3745122613950957E+00 a       975     0    49     1    15
  9.9068769398427114E-01 a       976     0    49     1    16
 -4.5490174836706261E-02 a       977     0    49     1    17
  3.5440119840091394E-01 a       978     0    49     1    18
  6.0210631178707563E-01 a       979     0    49     1    19
  1.2695144332538053E+00 a       980     0    49     1    20
 -2.1000923968623075E+00 a       981     0    50     1     1
  4.0296142111895322E-01 a       982     0    50     1     2
 -1.0609813291388620E-01 a       983     0    50     1     3
 -1.1078578069381013E-02 a       984     0    50     1     4
  1.0783796957610452E-01 a       985     0    50     1     5
 -8.3060578756200254E-01 a       986     0    50     1     6
 -8.4711529902372296E-01 a       987     0    50     1     7
  6.9009372364792798E-01 a       988     0    50     1     8
 -1.0945503214631007E+00 a       989     0    50     1     9
 -1.0944574471012676E+00 a       990     0    50     1    10
  5.9247033472320365E-01 a       991     0    50     1    11
 -3.3024238706644055E-01 a       992     0    50     1    12
  1.0474092662006429E+00 a       993     0    50     1    13
  1.5138331215643736E-01 a       994     0    50     1    14
  2.8401613697696099E-01 a       995     0    50     1    15
 -4.2251332832454946E-01 a       996     0    50     1    16
  4.3568243969951248E-01 a       997     0    50     1    17
 -5.9254817402153903E-01 a       998     0    50     1    18
  2.7207784180585837E-01 a       999     0    50     1    19
 -1.1957068183776429E+00 a      1000     0    50     1    20
  1.6265206248985875E-01 a      1001     0    51     1     1
  1.3276964317113593E-01 a      1002     0    51     1     2
 -4.3209340548849312E-01 a      1003     0    51     1     3
  2.8493471149165794E-01 a      1004     0    51     1     4
 -2.3229917497948446E-01 a      1005     0    51     1     5
  1.3142037126991218E-01 a      1006     0    51     1     6
  1.7125130497586413E-01 a      1007     0    51     1     7
 -1.6646095884322448E-01 a      1008     0    51     1     8
  1.9016974041198406E-01 a      1009     0    51     1     9
 -5.6986900701123458E-02 a      1010     0    51     1    10
  7.6818377450851030E-02 a      1011     0    51     1    11
 -3.1387523416219754E-01 a      1012     0    51     1    12
  1.0162940337046228E-01 a      1013     0    51     1    13
  2.3892330366940931E-01 a      1014     0    51     1    14
  1.7863841818323534E-01 a      1015     0    51     1    15
  1.1783632971320057E-01 a      1016     0    51     1    16
 -1.1557293471222482E-01 a      1017     0    51     1    17
 -1.9117580332176323E-02 a      1018     0    51     1    18
 -3.9451796020645252E-01 a      1019     0    51     1    19
  7.0932111892206814E-02 a      1020     0    51     1    20
  7.8094139991919087E-01 b      1021     1     1
  1.6620784564220648E+00 b      1022     1     2
 -1.1653939384533887E+00 b      1023     1     3
 -1.4655121727809647E-01 b      1024     1     4
 -1.2377314480224360E+00 b      1025     1     5
  1.4877009220444535E+00 b      1026     1     6
 -8.6334430226593151E-01 b      1027     1     7
 -2.3874796601493800E-01 b      1028     1     8
  2.2058592810650568E-01 b      1029     1     9
 -6.3665576770564747E-01 b      1030     1    10
 -4.5272434949221035E-01 b      1031     1    11
 -1.1257309356769820E+00 b      1032     1    12
 -6.6366687480207676E-01 b      1033     1    13
 -5.0551019000020558E-01 b      1034     1    14
 -1.1709157570722288E+00 b      1035     1    15
 -7.2285035610416060E-01 b      1036     1    16
 -8.5162903820375724E-01 b      1037     1    17
  1.3264185448009451E+00 b      1038     1    18
  9.5145052724863732E-01 b      1039     1    19
 -3.9525151259594915E-01 b      1040     1    20
  4.9131279809006403E-02 a      1041     1     1     2     1
 -7.3141404960198209E-01 a      1042     1     1     2     2
 -4.1054420982812911E-01 a      1043     1     1     2     3
  1.1054879416439505E+00 a      1044     1     1     2     4
 -1.1124411920236710E+00 a      1045     1     1     2     5
 -4.8885898928762711E-01 a      1046     1     1     2     6
 -5.8893909343330964E-01 a      1047     1     1     2     7
 -9.0757271107564652E-01 a      1048     1     1     2     8
  5.6921697253959525E-01 a      1049     1     1     2     9
 -2.7470144717941447E-01 a      1050     1     1     2    10
 -3.0332009307399482E-01 a      1051     1     1     2    11
 -7.6300443534317297E-01 a      1052     1     1     2    12
 -4.1756798805880063E-01 a      1053     1     1     2    13
 -5.6078557381328187E-01 a      1054     1     1     2    14
  2.3277556868185165E-01 a      1055     1     1     2    15
 -5.5565759624415834E-01 a      1056     1     1     2    16
  2.9724149267166481E-04 a      1057     1     1     2    17
  5.1952083624746326E-01 a      1058     1     1     2    18
 -2.2682596337753208E-01 a      1059     1     1     2    19
  1.1911858534473564E-01 a      1060     1     1     2    20
  5.6545024769528374E-01 a      1061     1     2     2     1
  3.7002658222870327E-01 a      1062     1     2     2     2
 -4.9071285020391325E-01 a      1063     1     2     2     3
  2.3183597153272573E-01 a      1064     1     2     2     4
 -1.0141131825154837E+00 a      1065     1     2     2     5
 -5.2103806446292200E-01 a      1066     1     2     2     6
  1.0130625554243087E+00 a      1067     1     2     2     7
  5.3139461940721522E-01 a      1068     1     2     2     8
  2.7193055506581443E-01 a      1069     1     2     2     9
 -5.0373821953609432E-01 a      1070     1     2     2    10
  1.9484293279230241E-01 a      1071     1     2     2    11
 -8.8155440685201203E-01 a      1072     1     2     2    12
  1.9900320196968949E-01 a      1073     1     2     2    13
 -1.0232178386727364E-01 a      1074     1     2     2    14
  5.0778051289221249E-01 a      1075     1     2     2    15
  1.6458776090737717E-01 a      1076     1     2     2    16
  4.6263461634581016E-01 a      1077     1     2     2    17
  3.1598126454045589E-01 a      1078     1     2     2    18
 -1.9067399441935420E-01 a      1079     1     2     2    19
  2.6486512377502724E-01 a      1080     1     2     2    20
  6.8004011733846059E-01 a      1081     1     3     2     1
 -4.5446912502675868E-01 a      1082     1     3     2     2
  1.0139374840058915E+00 a      1083     1     3     2     3
 -2.6061288598747206E-01 a      1084     1     3     2     4
 -5.1806269969213292E-01 a      1085     1     3     2     5
  5.3580388012240510E-01 a      1086     1     3     2     6
  7.6559537185798582E-02 a      1087     1     3     2     7
 -7.7278671622203499E-01 a      1088     1     3     2     8
 -1.0627360459459312E-01 a      1089     1     3     2     9
 -3.2516268692903832E-01 a      1090     1     3     2    10
  9.3399178951888251E-01 a      1091     1     3     2    11
  5.3753183380533413E-02 a      1092     1     3     2    12
 -9.8144241853759071E-02 a      1093     1     3     2    13
  6.5751631739472360E-01 a      1094     1     3     2    14
  5.9113953482971939E-03 a      1095     1     3     2    15
 -1.1505074423849822E-01 a      1096     1     3     2    16
 -2.3848473205575818E-01 a      1097     1     3     2    17
 -2.5937424065943293E-01 a      1098     1     3     2    18
  6.4041899389418311E-01 a      1099     1     3     2    19
 -2.5401758256519197E-01 a      1100     1     3     2    20
 -5.2036587684474256E-01 a      1101     1     4     2     1
 -4.0675393604796517E-01 a      1102     1     4     2     2
  3.6047785478449174E-01 a      1103     1     4     2     3
  2.7622700567866071E-01 a      1104     1     4     2     4
  2.8852927799408323E-01 a      1105     1     4     2     5
  1.6982299196984890E-01 a      1106     1     4     2     6
  6.0516917395977962E-02 a      1107     1     4     2     7
  4.7563805586523018E-02 a      1108     1     4     2     8
 -2.8598401548618202E-01 a      1109     1     4     2     9
  4.2398563019599095E-01 a      1110     1     4     2    10
 -1.2093240262975835E-01 a      1111     1     4     2    11
  2.4890288977105365E-01 a      1112     1     4     2    12
  3.8384199132877161E-01 a      1113     1     4     2    13
 -1.7992036836342351E-01 a      1114     1     4     2    14
 -7.1655860685986628E-01 a      1115     1     4     2    15
  3.8450564766819029E-01 a      1116     1     4     2    16
  7.2132912168333918E-01 a      1117     1     4     2    17
  1.9915889627824629E-01 a      1118     1     4     2    18
 -1.8292553169130840E-01 a      1119     1     4     2    19
  2.0077070356134685E-01 a      1120     1     4     2    20
 -7.1412942707411775E-01 a      1121     1     5     2     1
  6.2636497710827066E-01 a      1122     1     5     2     2
 -3.7011934781247278E-02 a      1123     1     5     2     3
 -5.9335811853703413E-01 a      1124     1     5     2     4
  1.3166301512653006E-01 a      1125     1     5     2     5
  1.8688050040141799E-01 a      1126     1     5     2     6
  2.2862117234526225E-01 a      1127     1     5     2     7
 -4.8366594130381391E-01 a      1128     1     5     2     8
 -2.8612814775721174E-01 a      1129     1     5     2     9
  4.5853347552255834E-03 a      1130     1     5     2    10
  9.3628851283141246E-02 a      1131     1     5     2    11
 -6.8544179090761395E-02 a      1132     1     5     2    12
 -8.4591298272114479E-02 a      1133     1     5     2    13
  2.4632566129201064E-01 a      1134     1     5     2    14
  1.5050041346535503E-01 a      1135     1     5     2    15
  6.2663120673579331E-01 a      1136     1     5     2    16
  4.0319130563334032E-01 a      1137     1     5     2    17
 -6.2996041347605203E-01 a      1138     1     5     2    18
  5.1981454656121161E-02 a      1139     1     5     2    19
 -2.7433210949814724E-01 a      1140     1     5     2    20
 -2.2317443921162824E-01 a      1141     1     6     2     1
 -1.1583627174959209E-01 a      1142     1     6     2     2
 -9.1558623041217679E-01 a      1143     1     6     2     3
  7.4004075764014354E-01 a      1144     1     6     2     4
 -4.6999476018560982E-01 a      1145     1     6     2     5
  2.0478687604505180E-01 a      1146     1     6     2     6
 -1.2727308352012621E+00 a      1147     1     6     2     7
 -8.6867364636690772E-02 a      1148     1     6     2     8
  4.9931071411307015E-01 a      1149     1     6     2     9
 -7.7121338421246599E-01 a      1150     1     6     2    10
 -1.4997643352172826E-01 a      1151     1     6     2    11
 -3.3482938119166628E-01 a      1152     1     6     2    12
 -1.4736924568022960E-01 a      1153     1     6     2    13
 -5.7928776733975762E-01 a      1154     1     6     2    14
  8.2056171632981145E-01 a      1155     1     6     2    15
  4.6061388471892578E-01 a      1156     1     6     2    16
  4.1375204970545303E-02 a      1157     1     6     2    17
 -4.8577238386997312E-01 a      1158     1     6     2    18
  6.0209117237628462E-01 a      1159     1     6     2    19
  4.4576538497170404E-01 a      1160     1     6     2    20
  1.5224048301022636E-01 a      1161     1     7     2     1
  1.0609619349466037E+00 a      1162     1     7     2     2
  7.5606548317888073E-02 a      1163     1     7     2     3
 -1.7431185546591743E-01 a      1164     1     7     2     4
  3.1330447831201447E-01 a      1165     1     7     2     5
  3.3903203154054701E-01 a      1166     1     7     2     6
  4.3603694397498322E-01 a      1167     1     7     2     7
  1.3235225951576040E+00 a      1168     1     7     2     8
 -3.6598988979862818E-01 a      1169     1     7     2     9
 -2.1188692807998784E-02 a      1170     1     7     2    10
 -3.9513056159564625E-01 a      1171     1     7     2    11
  7.4939105379570020E-02 a      1172     1     7     2    12
  5.0474230555711812E-02 a      1173     1     7     2    13
  3.6791871938205994E-01 a      1174     1     7     2    14
  3.0208262936233887E-01 a      1175     1     7     2    15
  7.4226974305915727E-01 a      1176     1     7     2    16
  3.1839683809108782E-01 a      1177     1     7     2    17
 -6.3575132762869935E-01 a      1178     1     7     2    18
  1.7194718927245647E-01 a      1179     1     7     2    19
  4.5183376337906846E-02 a      1180     1     7     2    20
  9.4355251040930940E-02 a      1181     1     8     2     1
 -4.6791228901737891E-01 a      1182     1     8     2     2
 -4.3099261400915995E-01 a      1183     1     8     2     3
 -1.3643252173447609E-01 a      1184     1     8     2     4
  4.4085815325361727E-01 a      1185     1     8     2     5
 -2.6116969064045886E-01 a      1186     1     8     2     6
  6.6231955234903339E-01 a      1187     1     8     2     7
 -4.4041698541347152E-01 a      1188     1     8     2     8
  1.8761470316626810E-01 a      1189     1     8     2     9
  4.7460962474949003E-01 a      1190     1     8     2    10
 -4.6282712062016551E-01 a      1191     1     8     2    11
 -6.0286526701037313E-01 a      1192     1     8     2    12
  1.0514905484202648E-02 a      1193     1     8     2    13
 -3.6427260296513375E-01 a      1194     1     8     2    14
 -2.0517906394650610E-02 a      1195     1     8     2    15
  3.2409937587232845E-02 a      1196     1     8     2    16
  1.7354268993708324E-01 a      1197     1     8     2    17
  5.6581834747967708E-01 a      1198     1     8     2    18
 -6.2106355681291758E-01 a      1199     1     8     2    19
 -2.7143611486473868E-01 a      1200     1     8     2    20
 -1.2940829417894203E-01 a      1201     1     9     2     1
 -6.6265222445409500E-01 a      1202     1     9     2     2
  4.3733505478033469E-01 a      1203     1     9     2     3
  3.7728438680164589E-01 a      1204     1     9     2     4
 -5.6441905788963309E-01 a      1205     1     9     2     5
 -1.0657877817292048E-02 a      1206     1     9     2     6
 -5.8160331891399619E-01 a      1207     1     9     2     7
 -4.1528383920890583E-01 a      1208     1     9     2     8
  1.1390661945662596E-01 a      1209     1     9     2     9
 -3.4973465223639821E-01 a      1210     1     9     2    10
  4.4809537038209479E-01 a      1211     1     9     2    11
 -1.5176072438257157E-01 a      1212     1     9     2    12
  2.0660304663502418E-01 a      1213     1     9     2    13
 -2.9946234126059784E-01 a      1214     1     9     2    14
  1.2905368995412109E-01 a      1215     1     9     2    15
 -6.9349121427172611E-01 a      1216     1     9     2    16
  2.6048872784557156E-02 a      1217     1     9     2    17
 -1.2739405565636799E-01 a      1218     1     9     2    18
  3.5115545840427968E-02 a      1219     1     9     2    19
 -4.0259793719043735E-01 a      1220     1     9     2    20
 -5.5843223790083485E-01 a      1221     1    10     2     1
  1.7084474929028950E-02 a      1222     1    10     2     2
 -8.3043774322429564E-01 a      1223     1    10     2     3
 -1.2868910817875248E-01 a      1224     1    10     2     4
 -4.5014808154518593E-01 a      1225     1    10     2     5
 -1.9985883648485378E-01 a      1226     1    10     2     6
 -7.2178696009034427E-01 a      1227     1    10     2     7
  2.2807307642832099E-02 a      1228     1    10     2     8
  1.1312598929334891E-01 a      1229     1    10     2     9
 -1.6837325462664443E-01 a      1230     1    10     2    10
  1.6473458458176386E-02 a      1231     1    10     2    11
  2.5612711114815784E-01 a      1232     1    10     2    12
 -2.4137006875999209E-01 a      1233     1    10     2    13
  1.7705165602029413E-01 a      1234     1    10     2    14
 -1.1845942441187449E-01 a      1235     1    10     2    15
  4.5884766383477277E-01 a      1236     1    10     2    16
 -2.7540700733484552E-01 a      1237     1    10     2    17
  9.9658356149840477E-01 a      1238     1    10     2    18
 -5.2172428915025160E-01 a      1239     1    10     2    19
 -1.4278920017966099E-01 a      1240     1    10     2    20
  3.6636694366879896E-01 a      1241     1    11     2     1
 -2.9812636860662023E-01 a      1242     1    11     2     2
  3.1755982152211282E-01 a      1243     1    11     2     3
  4.0513906648869225E-01 a      1244     1    11     2     4
 -3.1738127306204067E-01 a      1245     1    11     2     5
  4.6152354912469862E-01 a      1246     1    11     2     6
  1.7965408313693815E-01 a      1247     1    11     2     7
  4.1237656747892620E-01 a      1248     1    11     2     8
 -2.0258365578903978E-01 a      1249     1    11     2     9
 -7.7558521472068875E-02 a      1250     1    11     2    10
  2.3219706898879119E-01 a      1251     1    11     2    11
 -1.3040633342003510E-01 a      1252     1    11     2    12
 -3.8778719387714328E-01 a      1253     1    11     2    13
 -2.7990254837197098E-01 a      1254     1    11     2    14
 -5.8673755217399837E-01 a      1255     1    11     2    15
  2.8688550486226244E-01 a      1256     1    11     2    16
  4.9693665924036311E-02 a      1257     1    11     2    17
  3.4494390109329726E-02 a      1258     1    11     2    18
  5.4121152949491791E-01 a      1259     1    11     2    19
  6.0938667037317862E-01 a      1260     1    11     2    20
 -1.3505553579287422E-01 a      1261     1    12     2     1
 -5.3344018156038953E-01 a      1262     1    12     2     2
  9.6552036958915968E-02 a      1263     1    12     2     3
  2.9438092195250504E-01 a      1264     1    12     2     4
 -4.3570127873295972E-01 a      1265     1    12     2     5
 -4.9273448064700620E-01 a      1266     1    12     2     6
 -1.4213980186180308E-02 a      1267     1    12     2     7
 -1.9109440359721755E-01 a      1268     1    12     2     8
  7.3049566913120315E-03 a      1269     1    12     2     9
  5.9740446610889633E-02 a      1270     1    12     2    10
  3.4363106085584016E-02 a      1271     1    12     2    11
 -1.4347571711125906E-01 a      1272     1    12     2    12
  5.3679416092774201E-01 a      1273     1    12     2    13
 -5.5036769150791554E-01 a      1274     1    12     2    14
  1.5050402743670073E-02 a      1275     1    12     2    15
  6.2660466552117555E-01 a      1276     1    12     2    16
  6.7665518118755119E-01 a      1277     1    12     2    17
  5.4799790921355107E-01 a      1278     1    12     2    18
  4.5124010638832734E-01 a      1279     1    12     2    19
 -4.9746332384232139E-01 a      1280     1    12     2    20
  4.7644051231103501E-01 a      1281     1    13     2     1
 -2.8405231519893770E-02 a      1282     1    13     2     2
  4.9507090465243231E-01 a      1283     1    13     2     3
 -1.3496386417726242E-01 a      1284     1    13     2     4
 -4.9296964088522865E-01 a      1285     1    13     2     5
  2.3972910112645349E-01 a      1286     1    13     2     6
  4.2800129187072938E-01 a      1287     1    13     2     7
 -3.0142383561211550E-01 a      1288     1    13     2     8
  6.4137370168088403E-01 a      1289     1    13     2     9
 -5.5462360998414528E-01 a      1290     1    13     2    10
  1.7036370372181162E-01 a      1291     1    13     2    11
 -1.3911275219777708E-01 a      1292     1    13     2    12
  4.0169874228736308E-01 a      1293     1    13     2    13
 -6.2750907416129642E-01 a      1294     1    13     2    14
  8.9839502359923828E-02 a      1295     1    13     2    15
 -3.7926334627206448E-01 a      1296     1    13     2    16
  1.6303257355675826E-01 a      1297     1    13     2    17
 -3.9225735827141794E-01 a      1298     1    13     2    18
 -2.4227304062958951E-01 a      1299     1    13     2    19
 -1.9851067499769995E-01 a      1300     1    13     2    20
  5.2481000022494406E-01 a      1301     1    14     2     1
  5.5771825970065481E-01 a      1302     1    14     2     2
 -5.6823176856839663E-01 a      1303     1    14     2     3
 -2.7310848598687471E-01 a      1304     1    14     2     4
  4.1958113408390708E-02 a      1305     1    14     2     5
  7.5605555939477342E-01 a      1306     1    14     2     6
  1.7677153775156237E-01 a      1307     1    14     2     7
  2.3375751533125755E-01 a      1308     1    14     2     8
 -1.0026205164921247E+00 a      1309     1    14     2     9
 -1.8916684891606197E-01 a      1310     1    14     2    10
 -3.1406004490666267E-01 a      1311     1    14     2    11
  6.4676998222655491E-01 a      1312     1    14     2    12
 -2.1454810042262495E-01 a      1313     1    14     2    13
 -4.4519319391180347E-02 a      1314     1    14     2    14
 -4.6742230806626739E-01 a      1315     1    14     2    15
  3.1423729884487100E-01 a      1316     1    14     2    16
 -3.3884409241648672E-01 a      1317     1    14     2    17
 -4.2417573555773225E-01 a      1318     1    14     2    18
  2.4853663225921779E-01 a      1319     1    14     2    19
  1.6100387967595461E-01 a      1320     1    14     2    20
  5.2247735831588438E-01 a      1321     1    15     2     1
 -1.3276151961516822E-01 a      1322     1    15     2     2
  2.3736919605152232E-01 a      1323     1    15     2     3
 -7.5923243979085467E-02 a      1324     1    15     2     4
  5.6905429379549521E-01 a      1325     1    15     2     5
  4.2499013326894342E-01 a      1326     1    15     2     6
  9.5646983967272226E-02 a      1327     1    15     2     7
 -5.9046750585840757E-01 a      1328     1    15     2     8
 -4.4590219400634595E-01 a      1329     1    15     2     9
 -4.0072716066765013E-01 a      1330     1    15     2    10
  2.0372367147544479E-01 a      1331     1    15     2    11
  3.0866507525673388E-02 a      1332     1    15     2    12
  1.7545719043104732E-01 a      1333     1    15     2    13
 -1.0478147191991903E-01 a      1334     1    15     2    14
 -5.3747715576892230E-01 a      1335     1    15     2    15
  2.0786426627510324E-01 a      1336     1    15     2    16
  5.8761737294080219E-01 a      1337     1    15     2    17
 -8.9558438129665088E-02 a      1338     1    15     2    18
 -2.6362616472998496E-01 a      1339     1    15     2    19
  2.6776246406768256E-01 a      1340     1    15     2    20
 -1.1928001607075019E-01 a      1341     1    16     2     1
 -2.5161805756572259E-01 a      1342     1    16     2     2
  1.2164492491375153E-01 a      1343     1    16     2     3
 -8.4802330915178567E-02 a      1344     1    16     2     4
 -7.5632170973310164E-01 a      1345     1    16     2     5
 -3.5261797849957532E-01 a      1346     1    16     2     6
 -6.5906526224330975E-01 a      1347     1    16     2     7
 -1.7715386436746239E-01 a      1348     1    16     2     8
  3.3023439328068727E-01 a      1349     1    16     2     9
  4.9503517368625527E-01 a      1350     1    16     2    10
 -4.3379024972201252E-01 a      1351     1    16     2    11
 -4.9054996403303380E-01 a      1352     1    16     2    12
  2.1256619765215731E-01 a      1353     1    16     2    13
 -5.5685965859921116E-01 a      1354     1    16     2    14
  4.2505573106219097E-01 a      1355     1    16     2    15
  4.4330962300815768E-01 a      1356     1    16     2    16
  1.6902964496418449E-01 a      1357     1    16     2    17
  5.5883325761986380E-01 a      1358     1    16     2    18
  4.3124694389640705E-01 a      1359     1    16     2    19
 -4.3381276349023568E-01 a      1360     1    16     2    20
  6.9302139163742810E-02 a      1361     1    17     2     1
 -2.2330461525418152E-01 a      1362     1    17     2     2
  4.4875815497469768E-01 a      1363     1    17     2     3
 -5.9066106377211780E-01 a      1364     1    17     2     4
 -4.6447444924197896E-02 a      1365     1    17     2     5
  7.5590480511868369E-02 a      1366     1    17     2     6
 -5.0236397688912977E-02 a      1367     1    17     2     7
  1.0455422680452617E+00 a      1368     1    17     2     8
  6.9460170813690836E-01 a      1369     1    17     2     9
  1.6014061457688189E-01 a      1370     1    17     2    10
 -2.1783008295450723E-01 a      1371     1    17     2    11
 -1.3437949282076406E-01 a      1372     1    17     2    12
 -5.2313137433391566E-01 a      1373     1    17     2    13
 -4.6032439425431609E-01 a      1374     1    17     2    14
 -2.1191990968039751E-01 a      1375     1    17     2    15
  2.8925331435872659E-02 a      1376     1    17     2    16
  3.6066312127410755E-01 a      1377     1    17     2    17
 -4.4282964574466621E-01 a      1378     1    17     2    18
  2.6962413688075076E-01 a      1379     1    17     2    19
 -4.1029359011142896E-01 a      1380     1    17     2    20
  7.9318282980173138E-01 a      1381     1    18     2     1
  6.7454510545617175E-01 a      1382     1    18     2     2
 -4.2564349932186191E-01 a      1383     1    18     2     3
  1.3244225841226820E-01 a      1384     1    18     2     4
 -2.3504613324045015E-01 a      1385     1    18     2     5
 -1.6026712490741729E-01 a      1386     1    18     2     6
 -3.0995496189261929E-01 a      1387     1    18     2     7
  6.2706149844838466E-01 a      1388     1    18     2     8
 -2.7973659628358782E-01 a      1389     1    18     2     9
  3.3187527883146062E-01 a      1390     1    18     2    10
 -1.0191093944617858E-02 a      1391     1    18     2    11
  2.8470764459860323E-02 a      1392     1    18     2    12
  5.2417761216836412E-01 a      1393     1    18     2    13
  3.7391638873467670E-01 a      1394     1    18     2    14
  8.3011311948401212E-01 a      1395     1    18     2    15
 -1.7991436425269902E-01 a      1396     1    18     2    16
 -1.2899353261013394E-01 a      1397     1    18     2    17
 -5.7412991024419413E-01 a      1398     1    18     2    18
 -3.8892328828613443E-01 a      1399     1    18     2    19
 -4.3300668024218725E-01 a      1400     1    18     2    20
 -1.3036876305405076E-01 a      1401     1    19     2     1
 -1.7120732049614587E-01 a      1402     1    19     2     2
 -2.9751750362639946E-02 a      1403     1    19     2     3
 -3.8486390498545758E-01 a      1404     1    19     2     4
 -1.0867446939930303E-01 a      1405     1    19     2     5
 -5.2237108383313291E-01 a      1406     1    19     2     6
 -2.4271231673277594E-02 a      1407     1    19     2     7
  2.7505776362106688E-01 a      1408     1    19     2     8
 -1.5015358684154115E-01 a      1409     1    19     2     9
 -5.3488632075868048E-01 a      1410     1    19     2    10
  2.1050808946779732E-02 a      1411     1    19     2    11
 -2.6778975729931209E-01 a      1412     1    19     2    12
 -2.4978349415208326E-01 a      1413     1    19     2    13
 -3.3063893570998548E-01 a      1414     1    19     2    14
  2.3293626598505229E-01 a      1415     1    19     2    15
 -4.0383963534117340E-01 a      1416     1    19     2    16
  4.4464704164178931E-01 a      1417     1    19     2    17
  1.7219018829576824E-01 a      1418     1    19     2    18
  1.9458300555824034E-02 a      1419     1    19     2    19
 -1.3131130701464150E-01 a      1420     1    19     2    20
  1.7883858177394285E-01 a      1421     1    20     2     1
 -9.8470730333449497E-02 a      1422     1    20     2     2
 -2.7517768926998187E-01 a      1423     1    20     2     3
 -8.2590043053701012E-01 a      1424     1    20     2     4
  3.8365001310149033E-01 a      1425     1    20     2     5
  3.1048903579311410E-01 a      1426     1    20     2     6
  5.4286211635406756E-01 a      1427     1    20     2     7
 -2.4343281012384743E-01 a      1428     1    20     2     8
 -1.0668724023532608E+00 a      1429     1    20     2     9
 -5.1848238695475571E-02 a      1430     1    20     2    10
  7.2911337847318169E-01 a      1431     1    20     2    11
  8.7522879165891732E-01 a      1432     1    20     2    12
  3.1866544054116469E-01 a      1433     1    20     2    13
  6.5612712771202453E-01 a      1434     1    20     2    14
  4.2900042072991240E-01 a      1435     1    20     2    15
  6.4243512971504302E-01 a      1436     1    20     2    16
  9.8051175528032511E-02 a      1437     1    20     2    17
 -7.6814551182641622E-01 a      1438     1    20     2    18
 -8.0848172861685874E-01 a      1439     1    20     2    19
 -2.7957855931320014E-01 a      1440     1    20     2    20
 -1.6398004634840646E+00 b      1441     2     1
  5.1876148558371871E-01 b      1442     2     2
  2.0593316477568527E-01 b      1443     2     3
  1.0439569236291186E+00 b      1444     2     4
  4.6764247246000085E-01 b      1445     2     5
 -1.4791640702292186E+00 b      1446     2     6
  1.0658081095796443E+00 b      1447     2     7
  1.0339443152993559E+00 b      1448     2     8
 -1.4641606059985444E+00 b      1449     2     9
 -2.5843631866017996E-01 b      1450     2    10
 -7.3041380003487988E-01 b      1451     2    11
  1.7969507166882759E+00 b      1452     2    12
  1.3733052205867720E+00 b      1453     2    13
  1.3968945903704979E+00 b      1454     2    14
  1.6143449256345413E-01 b      1455     2    15
 -1.5094721983433115E+00 b      1456     2    16
 -1.3797467827893766E+00 b      1457     2    17
  7.3517773821649268E-01 b      1458     2    18
  5.1190917366456548E-02 b      1459     2    19
 -2.7379509832372667E-01 b      1460     2    20
 -1.9396098944312190E+00 a      1461     2     1     3     1
 -3.7011570091061569E-01 a      1462     2     2     3     1
 -1.9329396371252880E+00 a      1463     2     3     3     1
  3.0338444478758202E+00 a      1464     2     4     3     1
 -5.8457701587555444E-01 a      1465     2     5     3     1
 -2.5338655137091286E+00 a      1466     2     6     3     1
  6.3840258737255151E-01 a      1467     2     7     3     1
  1.3528228479874285E+00 a      1468     2     8     3     1
  4.6853252172470550E-01 a      1469     2     9     3     1
 -7.1428702383778164E-01 a      1470     2    10     3     1
 -1.5508641685480158E+00 a      1471     2    11     3     1
  7.1426864670195267E-01 a      1472     2    12     3     1
  9.7692251245928430E-01 a      1473     2    13     3     1
  9.0214912602065744E-01 a      1474     2    14     3     1
  7.5171111531383927E-01 a      1475     2    15     3     1
 -2.2450529036805054E+00 a      1476     2    16     3     1
 -2.3799585364223379E+00 a      1477     2    17     3     1
  2.8129075300510409E-01 a      1478     2    18     3     1
  2.4338712080213437E-01 a      1479     2    19     3     1
  1.2671888746165841E-01 a      1480     2    20     3     1
  1.5078369446923290E+00 b      1481     3     1
