################################################################################
# Neural network connection values (weights and biases).
################################################################################
# Col  Name       Description
################################################################################
# 1    connection Neural network connection value.
# 2    t          Connection type (a = weight, b = bias).
# 3    index      Index enumerating weights.
# 4    l_s        Starting point layer (end point layer for biases).
# 5    n_s        Starting point neuron in starting layer (end point neuron for biases).
# 6    l_e        End point layer.
# 7    n_e        End point neuron in end layer.
################################################################################
#                      1 2         3     4     5     6     7
#             connection t     index   l_s   n_s   l_e   n_e
############################################################
  4.1003757570906590E-01 a         1     0     1     1     1
 -1.6477517398040795E-01 a         2     0     1     1     2
  1.8306368868735645E-01 a         3     0     1     1     3
 -2.0424418925246940E-01 a         4     0     1     1     4
 -5.3875183207699318E-01 a         5     0     1     1     5
 -6.5707583168243633E-01 a         6     0     1     1     6
  5.9892817251184477E-02 a         7     0     1     1     7
  3.9230796307287991E-01 a         8     0     1     1     8
  2.4320804231482401E-01 a         9     0     1     1     9
  1.1996403018245226E-01 a        10     0     1     1    10
  4.4609554977388621E-01 a        11     0     1     1    11
  2.4563316382377648E-01 a        12     0     1     1    12
  2.0904233062894870E-01 a        13     0     1     1    13
 -5.8973853761859274E-01 a        14     0     1     1    14
  3.4170045827382733E-01 a        15     0     1     1    15
 -1.8333334162078114E-03 a        16     0     1     1    16
  2.8393840905314477E-01 a        17     0     1     1    17
 -1.4043955899295456E-02 a        18     0     1     1    18
 -2.0600727968567029E-01 a        19     0     1     1    19
  3.4352070886703878E-01 a        20     0     1     1    20
  1.4851966238968020E-01 a        21     0     2     1     1
  1.8013476104860936E-02 a        22     0     2     1     2
  1.0702045597646515E-01 a        23     0     2     1     3
 -6.3110963752794930E-02 a        24     0     2     1     4
  1.1657381673320576E-01 a        25     0     2     1     5
  1.5424324026672681E-01 a        26     0     2     1     6
 -1.9869119046528086E-01 a        27     0     2     1     7
  9.2037313140650709E-02 a        28     0     2     1     8
  5.0866804474272143E-01 a        29     0     2     1     9
  1.9070519949458789E-01 a        30     0     2     1    10
  1.7283024491773774E-01 a        31     0     2     1    11
  1.2428799269069044E-01 a        32     0     2     1    12
  2.6184207899065742E-01 a        33     0     2     1    13
 -3.6200176530210870E-01 a        34     0     2     1    14
  1.6513706017596905E-01 a        35     0     2     1    15
 -2.0125615548097317E-01 a        36     0     2     1    16
  1.6173079607363938E-03 a        37     0     2     1    17
  3.3724030044298314E-01 a        38     0     2     1    18
  2.0435141388280249E-02 a        39     0     2     1    19
  3.0545274463968203E-01 a        40     0     2     1    20
  3.5147260367866828E-01 a        41     0     3     1     1
  3.3154637509142287E-01 a        42     0     3     1     2
  1.0667827636239670E-01 a        43     0     3     1     3
 -2.8317641817881134E-01 a        44     0     3     1     4
  1.7004762230969420E-01 a        45     0     3     1     5
  1.4918060062028357E-01 a        46     0     3     1     6
  1.7439668885349838E-01 a        47     0     3     1     7
  5.3768513546639363E-01 a        48     0     3     1     8
  4.5887166686839237E-01 a        49     0     3     1     9
 -3.0441601588023903E-01 a        50     0     3     1    10
 -1.5775495306083692E-01 a        51     0     3     1    11
  1.5433574308090892E-01 a        52     0     3     1    12
  1.3821292474713057E-01 a        53     0     3     1    13
 -1.6521222904225402E-01 a        54     0     3     1    14
 -7.4424441889317502E-02 a        55     0     3     1    15
 -1.2434551248577352E-01 a        56     0     3     1    16
  2.6504913842410227E-01 a        57     0     3     1    17
  4.1530772925769427E-01 a        58     0     3     1    18
 -3.7490405324600334E-01 a        59     0     3     1    19
 -2.4287192513447070E-01 a        60     0     3     1    20
 -3.5106427118236178E-01 a        61     0     4     1     1
  2.0589150896894401E-01 a        62     0     4     1     2
  2.1088472090470722E-01 a        63     0     4     1     3
  5.1232800150775271E-01 a        64     0     4     1     4
 -1.5242528134903907E-02 a        65     0     4     1     5
  3.3883469647374648E-01 a        66     0     4     1     6
  1.4177492442945008E-01 a        67     0     4     1     7
  3.5500198564332641E-01 a        68     0     4     1     8
 -2.9867436832082878E-01 a        69     0     4     1     9
 -1.8721741739774894E-01 a        70     0     4     1    10
 -1.4308678347628048E-01 a        71     0     4     1    11
 -3.9855608128630338E-01 a        72     0     4     1    12
  1.8010052903646448E-01 a        73     0     4     1    13
  4.8714753479448825E-01 a        74     0     4     1    14
 -1.8496736362148802E-01 a        75     0     4     1    15
 -1.8307878982251150E-01 a        76     0     4     1    16
 -2.4076346194850523E-01 a        77     0     4     1    17
 -2.4884873671533639E-01 a        78     0     4     1    18
  3.3330860795301337E-01 a        79     0     4     1    19
 -8.5057630690501970E-02 a        80     0     4     1    20
 -8.9588517148840086E-01 a        81     0     5     1     1
  3.4724525292114466E-01 a        82     0     5     1     2
  6.8227193638292313E-02 a        83     0     5     1     3
  1.3791205972913315E-01 a        84     0     5     1     4
 -2.4193502844335760E-01 a        85     0     5     1     5
 -2.9625852094379096E-01 a        86     0     5     1     6
 -6.8950646517505720E-01 a        87     0     5     1     7
 -5.4972190981188651E-01 a        88     0     5     1     8
 -4.7598342258810167E-01 a        89     0     5     1     9
  9.0510768801600319E-02 a        90     0     5     1    10
  1.7705289072393549E-01 a        91     0     5     1    11
 -8.8903549465966250E-02 a        92     0     5     1    12
  5.1250071601354745E-02 a        93     0     5     1    13
 -9.1623379983890557E-02 a        94     0     5     1    14
  3.3959024677897226E-01 a        95     0     5     1    15
  3.3404558246997412E-01 a        96     0     5     1    16
  3.8548286714913882E-01 a        97     0     5     1    17
  4.1190337778404085E-01 a        98     0     5     1    18
 -2.2991426879252930E-01 a        99     0     5     1    19
 -4.4623797848274466E-01 a       100     0     5     1    20
 -7.9957126634162623E-01 a       101     0     6     1     1
  2.4912602934320846E-01 a       102     0     6     1     2
 -8.7948369023474915E-02 a       103     0     6     1     3
  1.3912721477715911E-01 a       104     0     6     1     4
  2.5566214300717421E-01 a       105     0     6     1     5
  6.6872184845483740E-02 a       106     0     6     1     6
 -9.9207708547665019E-01 a       107     0     6     1     7
  3.1128464580446191E-01 a       108     0     6     1     8
  1.0507977296331786E-01 a       109     0     6     1     9
 -6.8384292321783635E-01 a       110     0     6     1    10
 -2.0734974182975360E-01 a       111     0     6     1    11
 -1.9521914305964477E-01 a       112     0     6     1    12
 -1.7715516638363873E-01 a       113     0     6     1    13
  5.6134151473079574E-01 a       114     0     6     1    14
 -5.4210180196437530E-01 a       115     0     6     1    15
 -7.0621167728442791E-02 a       116     0     6     1    16
 -2.9257886001627476E-01 a       117     0     6     1    17
  1.0861699739317048E-02 a       118     0     6     1    18
  9.9579926329082913E-02 a       119     0     6     1    19
 -2.1953557946961735E-01 a       120     0     6     1    20
  8.6091102318663881E-01 a       121     0     7     1     1
 -2.6298796487179112E-02 a       122     0     7     1     2
 -9.2078549327216985E-02 a       123     0     7     1     3
  2.7861285499191736E-02 a       124     0     7     1     4
 -2.5492050421035706E-01 a       125     0     7     1     5
  1.1620802148572065E+00 a       126     0     7     1     6
  9.4770087741252551E-01 a       127     0     7     1     7
 -2.3276782116945074E-01 a       128     0     7     1     8
 -1.4181948763211535E-01 a       129     0     7     1     9
  1.6305072026552717E-01 a       130     0     7     1    10
 -2.1476466900913990E-01 a       131     0     7     1    11
  5.8549199688855291E-01 a       132     0     7     1    12
  2.5799275206968081E-01 a       133     0     7     1    13
 -1.1272335217860650E+00 a       134     0     7     1    14
  6.0749030712924845E-01 a       135     0     7     1    15
  6.2651439255144914E-01 a       136     0     7     1    16
  4.8102730401094518E-01 a       137     0     7     1    17
 -6.3880004083657085E-02 a       138     0     7     1    18
 -9.6484694121214853E-02 a       139     0     7     1    19
  4.4100570216996837E-01 a       140     0     7     1    20
  5.4482123769174454E-02 a       141     0     8     1     1
 -1.1109737151474920E-01 a       142     0     8     1     2
  3.9816770712975673E-02 a       143     0     8     1     3
 -9.2308793321776300E-02 a       144     0     8     1     4
 -2.3924361462908564E-02 a       145     0     8     1     5
 -2.5531530636528282E-01 a       146     0     8     1     6
 -3.1106157012602786E-01 a       147     0     8     1     7
  3.4304015838743102E-01 a       148     0     8     1     8
  3.7696340047630872E-01 a       149     0     8     1     9
  9.5768204245420731E-03 a       150     0     8     1    10
  3.4792103058871243E-01 a       151     0     8     1    11
 -2.0792132130011678E-01 a       152     0     8     1    12
 -1.9511204095399745E-01 a       153     0     8     1    13
  3.4779365942535279E-01 a       154     0     8     1    14
 -1.4210243984544196E-01 a       155     0     8     1    15
 -4.4008160013185882E-01 a       156     0     8     1    16
 -4.2270512421717582E-01 a       157     0     8     1    17
 -1.5000443473263117E-01 a       158     0     8     1    18
 -2.3889971709935696E-02 a       159     0     8     1    19
 -3.9863366667396836E-02 a       160     0     8     1    20
 -1.6202486492952850E-01 a       161     0     9     1     1
  7.8197530580408584E-02 a       162     0     9     1     2
  1.3149108831366707E+00 a       163     0     9     1     3
  2.2200645319814916E-01 a       164     0     9     1     4
 -4.4131937049841430E-01 a       165     0     9     1     5
  4.4368172812653872E-01 a       166     0     9     1     6
 -2.0785038833747955E+00 a       167     0     9     1     7
 -4.7112442973353658E-01 a       168     0     9     1     8
 -1.7709321263448882E-01 a       169     0     9     1     9
 -8.7460637378125927E-01 a       170     0     9     1    10
 -2.0013947331088619E-01 a       171     0     9     1    11
 -4.2435180501563285E-01 a       172     0     9     1    12
  1.6793567767446241E-01 a       173     0     9     1    13
  7.6569138861210717E-01 a       174     0     9     1    14
 -1.1822201291798180E+00 a       175     0     9     1    15
 -4.1066807297770874E-01 a       176     0     9     1    16
  5.5199244617151433E-01 a       177     0     9     1    17
  1.0030560870206180E-01 a       178     0     9     1    18
 -7.7990009962236106E-01 a       179     0     9     1    19
  1.2965262257011463E+00 a       180     0     9     1    20
 -4.9222764839572758E-01 a       181     0    10     1     1
  5.6300416190237235E-02 a       182     0    10     1     2
 -1.8270000660895962E+00 a       183     0    10     1     3
 -9.6323363555939706E-02 a       184     0    10     1     4
 -4.4438303202254226E-02 a       185     0    10     1     5
 -2.2294167209522273E-01 a       186     0    10     1     6
  2.1429018232698622E+00 a       187     0    10     1     7
  4.0508103738559870E-01 a       188     0    10     1     8
 -6.6942419750184867E-01 a       189     0    10     1     9
  7.2426706458256562E-01 a       190     0    10     1    10
  9.3779827599441857E-03 a       191     0    10     1    11
  1.0380890055407084E-01 a       192     0    10     1    12
 -7.2340816450484302E-01 a       193     0    10     1    13
 -9.0543292263006814E-01 a       194     0    10     1    14
  1.1326359952441667E+00 a       195     0    10     1    15
  2.7557372239188033E-01 a       196     0    10     1    16
  3.2803085976733326E-01 a       197     0    10     1    17
  1.7984493270832674E-01 a       198     0    10     1    18
  6.6444376184391263E-01 a       199     0    10     1    19
 -1.3222872256217186E+00 a       200     0    10     1    20
  6.1689610519313165E-01 a       201     0    11     1     1
 -8.9191188816209810E-01 a       202     0    11     1     2
  1.3773760721748349E+00 a       203     0    11     1     3
 -8.9599796111228827E-02 a       204     0    11     1     4
  7.6901454497823085E-01 a       205     0    11     1     5
 -8.9406938806906144E-02 a       206     0    11     1     6
  9.0674892727913881E-01 a       207     0    11     1     7
  1.1835003653924081E-01 a       208     0    11     1     8
 -6.1749526218851658E-02 a       209     0    11     1     9
  3.7930629904887839E-02 a       210     0    11     1    10
 -1.6406894923455895E-01 a       211     0    11     1    11
  3.1142712125075200E-01 a       212     0    11     1    12
 -2.1145904836230400E-01 a       213     0    11     1    13
  7.4145851446634839E-02 a       214     0    11     1    14
  4.7155795183084398E-01 a       215     0    11     1    15
 -1.6261576961144239E-01 a       216     0    11     1    16
 -5.8227448792634973E-01 a       217     0    11     1    17
  2.6450296900836751E-01 a       218     0    11     1    18
  4.4913951254428691E-01 a       219     0    11     1    19
  2.3601085129025681E-01 a       220     0    11     1    20
  6.6072829196641825E-01 a       221     0    12     1     1
  8.0150300565045929E-01 a       222     0    12     1     2
 -8.4109843457918798E-01 a       223     0    12     1     3
  1.6192058968193329E-01 a       224     0    12     1     4
 -2.2895679793496018E-01 a       225     0    12     1     5
 -2.0458121011658936E-01 a       226     0    12     1     6
 -1.1177600418805635E+00 a       227     0    12     1     7
  5.7640179666151238E-02 a       228     0    12     1     8
  2.6649053761693869E-01 a       229     0    12     1     9
  5.0352100706347025E-01 a       230     0    12     1    10
  2.0027566172264150E-03 a       231     0    12     1    11
  1.4305442648804384E-01 a       232     0    12     1    12
  3.1490218462321015E-02 a       233     0    12     1    13
 -5.9321260266803921E-01 a       234     0    12     1    14
 -1.0590238037747390E+00 a       235     0    12     1    15
 -4.0587431403762017E-02 a       236     0    12     1    16
  6.1268806575802615E-01 a       237     0    12     1    17
 -6.9811038651995583E-01 a       238     0    12     1    18
 -2.0965369121327171E-01 a       239     0    12     1    19
 -4.5712844759985216E-01 a       240     0    12     1    20
  4.7316708121150436E-02 a       241     0    13     1     1
 -1.5369311569607264E-01 a       242     0    13     1     2
  3.3124525389369486E-01 a       243     0    13     1     3
 -2.3151005304983183E-01 a       244     0    13     1     4
  4.6305413458930433E-01 a       245     0    13     1     5
 -1.7368511701660655E-01 a       246     0    13     1     6
  1.6664742794090190E-01 a       247     0    13     1     7
  1.5132373007353733E-01 a       248     0    13     1     8
  3.0020176991202807E-01 a       249     0    13     1     9
  1.9206931705345415E-01 a       250     0    13     1    10
  1.8861690610349163E-01 a       251     0    13     1    11
  6.4922945305653901E-01 a       252     0    13     1    12
  5.1735436187860451E-01 a       253     0    13     1    13
 -4.5958069310250138E-01 a       254     0    13     1    14
 -1.8280718766259130E-01 a       255     0    13     1    15
  4.5155180245128601E-01 a       256     0    13     1    16
 -6.0412531112474177E-01 a       257     0    13     1    17
  2.0785906508998309E-01 a       258     0    13     1    18
  3.3665671497788974E-01 a       259     0    13     1    19
 -3.6925296559880644E-01 a       260     0    13     1    20
  4.2517189141959916E-01 a       261     0    14     1     1
  1.4688284597378998E-01 a       262     0    14     1     2
  1.1574026473700632E+00 a       263     0    14     1     3
 -1.0776873639828041E-01 a       264     0    14     1     4
 -1.4624693342907136E-01 a       265     0    14     1     5
 -2.3384650787247133E-01 a       266     0    14     1     6
 -1.2690527863988063E-01 a       267     0    14     1     7
  9.5065779846820783E-02 a       268     0    14     1     8
  8.4751112106360771E-02 a       269     0    14     1     9
 -4.3243636665153362E-01 a       270     0    14     1    10
 -1.7485405276488603E-01 a       271     0    14     1    11
 -2.3791975053014650E-01 a       272     0    14     1    12
 -3.4031838568218925E-01 a       273     0    14     1    13
 -2.9576806322792543E-01 a       274     0    14     1    14
 -2.3864282982784529E-01 a       275     0    14     1    15
 -6.5384730763214513E-03 a       276     0    14     1    16
  5.8281919143929106E-01 a       277     0    14     1    17
  1.2869519763860571E-01 a       278     0    14     1    18
 -3.2206956076945331E-01 a       279     0    14     1    19
  7.7686266183830099E-01 a       280     0    14     1    20
  5.8530598488812580E-01 a       281     0    15     1     1
 -3.7531537057434605E-01 a       282     0    15     1     2
  2.0904635820144427E-01 a       283     0    15     1     3
 -1.4510404419700246E-01 a       284     0    15     1     4
 -4.1139819179922321E-01 a       285     0    15     1     5
  4.9854127695076439E-01 a       286     0    15     1     6
 -6.9154248061951673E-01 a       287     0    15     1     7
 -2.3695918524691331E-01 a       288     0    15     1     8
 -3.9109747337979983E-01 a       289     0    15     1     9
  2.1135662245866724E-01 a       290     0    15     1    10
  1.1503502582533047E-01 a       291     0    15     1    11
  5.4683431715299297E-02 a       292     0    15     1    12
 -5.8752078588726997E-01 a       293     0    15     1    13
  1.9647609415599676E-01 a       294     0    15     1    14
  4.9033457015723336E-01 a       295     0    15     1    15
 -2.2954665147170317E-02 a       296     0    15     1    16
 -3.5177694196968845E-01 a       297     0    15     1    17
 -5.2564490554535652E-02 a       298     0    15     1    18
 -4.6275332138179602E-02 a       299     0    15     1    19
 -8.2240539080032682E-01 a       300     0    15     1    20
 -6.6505450328026539E-01 a       301     0    16     1     1
  3.4147377533106782E-01 a       302     0    16     1     2
  4.8978295438294128E-02 a       303     0    16     1     3
 -2.6654694287958330E-01 a       304     0    16     1     4
 -2.5980419774613162E-01 a       305     0    16     1     5
  1.0831241866504523E-01 a       306     0    16     1     6
 -8.9475453536832161E-01 a       307     0    16     1     7
 -2.6007195098726971E-01 a       308     0    16     1     8
  6.3918581430791807E-02 a       309     0    16     1     9
 -3.4491530207376009E-01 a       310     0    16     1    10
 -2.2294985831120395E-02 a       311     0    16     1    11
 -3.7433776904379557E-01 a       312     0    16     1    12
  5.8696438536221440E-01 a       313     0    16     1    13
  4.8187154685875971E-01 a       314     0    16     1    14
  6.7225248641390664E-02 a       315     0    16     1    15
 -3.2363818903890257E-01 a       316     0    16     1    16
 -2.8438578394515007E-01 a       317     0    16     1    17
 -1.0161512362934879E-02 a       318     0    16     1    18
  4.9390438177742885E-01 a       319     0    16     1    19
  6.5472119175081767E-01 a       320     0    16     1    20
  1.5520040610424837E-01 a       321     0    17     1     1
 -4.9294854367387103E-01 a       322     0    17     1     2
  3.6689082316557997E-01 a       323     0    17     1     3
  2.6070593641090184E-01 a       324     0    17     1     4
  3.5682687027775917E-01 a       325     0    17     1     5
 -3.2292695994817316E-01 a       326     0    17     1     6
  8.7609922172209542E-01 a       327     0    17     1     7
 -2.8337658475951161E-01 a       328     0    17     1     8
 -2.8277344128276877E-01 a       329     0    17     1     9
 -1.7222738749050040E-01 a       330     0    17     1    10
  3.7895380285599280E-02 a       331     0    17     1    11
 -9.7535564149380931E-05 a       332     0    17     1    12
 -4.6695674026423779E-02 a       333     0    17     1    13
  8.1349363984110123E-01 a       334     0    17     1    14
  4.3716828501026417E-01 a       335     0    17     1    15
 -2.6601852559872274E-01 a       336     0    17     1    16
 -1.9908560537894690E-01 a       337     0    17     1    17
  1.1952238101304744E-01 a       338     0    17     1    18
 -1.0479802148065744E-01 a       339     0    17     1    19
  3.4022822408729791E-01 a       340     0    17     1    20
 -1.3616093589316550E-01 a       341     0    18     1     1
  2.2822936155528500E-01 a       342     0    18     1     2
 -1.9086530540699304E-01 a       343     0    18     1     3
  2.9306157623821716E-01 a       344     0    18     1     4
  3.3874825812868392E-01 a       345     0    18     1     5
 -2.9394926045947944E-01 a       346     0    18     1     6
 -3.4625307372989117E-01 a       347     0    18     1     7
  3.9884045811207208E-01 a       348     0    18     1     8
 -1.0989154580877425E-01 a       349     0    18     1     9
 -1.6079181044849983E-01 a       350     0    18     1    10
 -1.4927574659097312E-01 a       351     0    18     1    11
  3.1617657884435929E-01 a       352     0    18     1    12
 -7.0005592859515586E-01 a       353     0    18     1    13
  2.1697676125899604E-01 a       354     0    18     1    14
 -1.1036516945460781E+00 a       355     0    18     1    15
 -1.3390881559497622E-01 a       356     0    18     1    16
 -1.2101442920477496E+00 a       357     0    18     1    17
 -1.2154460048738372E-02 a       358     0    18     1    18
  9.6730713677327662E-03 a       359     0    18     1    19
 -2.8334194660393203E-01 a       360     0    18     1    20
 -1.2717120749946456E+00 a       361     0    19     1     1
  1.4362644605228833E-01 a       362     0    19     1     2
  2.6110675439239533E-01 a       363     0    19     1     3
  8.2612448118661197E-02 a       364     0    19     1     4
  1.4306147973293235E-01 a       365     0    19     1     5
  9.8752561944229678E-01 a       366     0    19     1     6
 -4.3468366626115323E-01 a       367     0    19     1     7
 -4.8058517482596547E-01 a       368     0    19     1     8
 -3.2049647745616672E-01 a       369     0    19     1     9
 -4.0403555750094322E-01 a       370     0    19     1    10
  1.3058834668005051E-01 a       371     0    19     1    11
 -7.4722030053845312E-01 a       372     0    19     1    12
  3.6112593803309767E-01 a       373     0    19     1    13
  7.5989681626672667E-01 a       374     0    19     1    14
  9.5142675298107771E-02 a       375     0    19     1    15
  1.1227299654536368E-01 a       376     0    19     1    16
 -6.4391388391449011E-01 a       377     0    19     1    17
  5.9308771596828713E-01 a       378     0    19     1    18
 -1.0683942278783307E-01 a       379     0    19     1    19
 -5.6443991417907638E-02 a       380     0    19     1    20
  6.3497466421759530E-01 a       381     0    20     1     1
  3.5733608541532219E-01 a       382     0    20     1     2
 -3.8336660406155243E-02 a       383     0    20     1     3
  7.3721307806803638E-02 a       384     0    20     1     4
 -1.8029959136898869E-02 a       385     0    20     1     5
 -2.4566950578038779E-01 a       386     0    20     1     6
  2.5076281895804581E-01 a       387     0    20     1     7
  1.8152531312013015E-01 a       388     0    20     1     8
  4.9493868797725832E-01 a       389     0    20     1     9
  9.1040317639416002E-02 a       390     0    20     1    10
  7.6720721225331898E-02 a       391     0    20     1    11
 -1.5606506118921344E-03 a       392     0    20     1    12
  3.9082165348583758E-01 a       393     0    20     1    13
 -8.1995472938332259E-02 a       394     0    20     1    14
  5.4631925393247638E-01 a       395     0    20     1    15
  3.8855979295700352E-02 a       396     0    20     1    16
  2.6968913036938980E-01 a       397     0    20     1    17
  3.5074095201477501E-01 a       398     0    20     1    18
 -4.5011955023838784E-01 a       399     0    20     1    19
  4.9549823918481711E-01 a       400     0    20     1    20
  2.5382052909295622E-01 a       401     0    21     1     1
 -1.4455096601798894E-02 a       402     0    21     1     2
 -4.3189973110459501E-01 a       403     0    21     1     3
 -1.3418928460827742E-01 a       404     0    21     1     4
  1.3810021523951230E-01 a       405     0    21     1     5
 -3.4252761434513185E-01 a       406     0    21     1     6
 -5.9414053069677024E-03 a       407     0    21     1     7
 -8.8673445075435797E-01 a       408     0    21     1     8
  6.2605371875741654E-03 a       409     0    21     1     9
 -3.2851689862114786E-01 a       410     0    21     1    10
 -1.2099641055021142E-01 a       411     0    21     1    11
 -4.1625691044156482E-01 a       412     0    21     1    12
  2.8768321478007411E-02 a       413     0    21     1    13
  7.8422759718941948E-01 a       414     0    21     1    14
  1.5669907987632326E-01 a       415     0    21     1    15
  5.3400682392999954E-01 a       416     0    21     1    16
 -3.9008037174985688E-01 a       417     0    21     1    17
  6.3966024548378964E-01 a       418     0    21     1    18
  3.5943771324736640E-01 a       419     0    21     1    19
 -6.7899106715067159E-01 a       420     0    21     1    20
 -5.0425079998513811E-01 a       421     0    22     1     1
 -8.3976391851827037E-02 a       422     0    22     1     2
 -4.6055672394342295E-01 a       423     0    22     1     3
  2.9153049876455506E-01 a       424     0    22     1     4
  4.1542080960100269E-01 a       425     0    22     1     5
 -1.7692807411170186E-01 a       426     0    22     1     6
  6.4573786710199510E-01 a       427     0    22     1     7
 -3.0374941008504625E-01 a       428     0    22     1     8
 -2.3570756707514770E-01 a       429     0    22     1     9
  2.7319979686256590E-01 a       430     0    22     1    10
  1.2509453075567762E-02 a       431     0    22     1    11
  1.4448857046515981E-01 a       432     0    22     1    12
  1.5846245982594753E-01 a       433     0    22     1    13
 -2.2816506560628367E-02 a       434     0    22     1    14
 -3.3656860680319700E-01 a       435     0    22     1    15
  2.0165677708710408E-01 a       436     0    22     1    16
  3.2421918455129561E-01 a       437     0    22     1    17
  2.0590723258454782E-01 a       438     0    22     1    18
  2.7706551780444916E-01 a       439     0    22     1    19
  2.1278765784138243E-01 a       440     0    22     1    20
 -2.9287212083975628E-01 a       441     0    23     1     1
 -4.3855179661784133E-01 a       442     0    23     1     2
  2.4608495247880149E-01 a       443     0    23     1     3
 -7.7325738556976997E-01 a       444     0    23     1     4
 -2.1611929368973701E-01 a       445     0    23     1     5
  1.2905891418332661E-02 a       446     0    23     1     6
 -2.4539203158013626E-01 a       447     0    23     1     7
  5.9047827546477938E-01 a       448     0    23     1     8
 -1.9841024774108476E-01 a       449     0    23     1     9
 -1.9061303699453694E-01 a       450     0    23     1    10
  5.8796324883870488E-01 a       451     0    23     1    11
 -2.6274855285844106E-01 a       452     0    23     1    12
 -3.8116124957079278E-01 a       453     0    23     1    13
  1.7900035019495444E-01 a       454     0    23     1    14
 -1.8228943955722884E-01 a       455     0    23     1    15
 -1.5717719740292443E-01 a       456     0    23     1    16
  2.6028220539308838E-01 a       457     0    23     1    17
  8.9484763449568905E-01 a       458     0    23     1    18
  6.4540084183886703E-01 a       459     0    23     1    19
 -2.4418501879624013E-01 a       460     0    23     1    20
  2.7977397926880804E-01 a       461     0    24     1     1
  1.2928217379174489E-01 a       462     0    24     1     2
 -2.8021206460493980E-03 a       463     0    24     1     3
 -4.9816516191589127E-01 a       464     0    24     1     4
 -3.5104276300314879E-01 a       465     0    24     1     5
  5.3010694310185158E-01 a       466     0    24     1     6
 -1.7777820798162458E-01 a       467     0    24     1     7
 -1.1144174205162928E-01 a       468     0    24     1     8
  1.5381520741726942E-01 a       469     0    24     1     9
 -6.8821117581414526E-01 a       470     0    24     1    10
 -6.3766407445794460E-01 a       471     0    24     1    11
  7.0719580141733740E-01 a       472     0    24     1    12
  2.8947364643191603E-01 a       473     0    24     1    13
  5.6169670235103175E-01 a       474     0    24     1    14
 -2.6088447615137855E-01 a       475     0    24     1    15
 -4.4078098943876337E-01 a       476     0    24     1    16
 -6.7720273746875361E-03 a       477     0    24     1    17
  3.9676653560246994E-01 a       478     0    24     1    18
  5.3078625358297538E-01 a       479     0    24     1    19
  2.0024658643956150E-01 a       480     0    24     1    20
 -4.2738369490051037E-01 a       481     0    25     1     1
 -5.8126797108582873E-01 a       482     0    25     1     2
 -2.7053806738619024E-01 a       483     0    25     1     3
 -3.3656760339511671E-01 a       484     0    25     1     4
  3.0637237964531533E-01 a       485     0    25     1     5
 -1.0766195758997603E+00 a       486     0    25     1     6
 -4.9695832409906676E-01 a       487     0    25     1     7
  4.5039953504629676E-01 a       488     0    25     1     8
 -6.0364142313319491E-01 a       489     0    25     1     9
  3.2743726012032520E-01 a       490     0    25     1    10
  1.5333984875716518E+00 a       491     0    25     1    11
 -7.2231128511074183E-01 a       492     0    25     1    12
 -2.1901179273404886E-01 a       493     0    25     1    13
  6.2033265495716361E-01 a       494     0    25     1    14
 -4.4149150277682941E-01 a       495     0    25     1    15
 -2.0419547857598122E-01 a       496     0    25     1    16
 -5.8574832090376117E-02 a       497     0    25     1    17
  8.4271061348306464E-01 a       498     0    25     1    18
  8.3569411275452676E-01 a       499     0    25     1    19
  5.0446403998218550E-02 a       500     0    25     1    20
 -3.9626438288199856E-01 a       501     0    26     1     1
  3.8702616027509566E-02 a       502     0    26     1     2
  5.4476165902249763E-03 a       503     0    26     1     3
 -8.6668234422675919E-02 a       504     0    26     1     4
  4.9680016849416619E-01 a       505     0    26     1     5
 -5.0671959507068032E-01 a       506     0    26     1     6
  1.5976572602649455E-01 a       507     0    26     1     7
 -1.2997736970624216E-01 a       508     0    26     1     8
 -2.9359539969905385E-01 a       509     0    26     1     9
  4.6400198319691943E-01 a       510     0    26     1    10
  2.7371410247084099E-01 a       511     0    26     1    11
 -4.0149925042728080E-01 a       512     0    26     1    12
  2.3310874493897307E-02 a       513     0    26     1    13
 -2.7856406176399851E-01 a       514     0    26     1    14
  1.6629867629290745E-01 a       515     0    26     1    15
  2.8281704068777003E-01 a       516     0    26     1    16
  1.4211831160830984E-01 a       517     0    26     1    17
 -4.8642986756426382E-01 a       518     0    26     1    18
 -2.8523685173003710E-01 a       519     0    26     1    19
  3.4122159472946591E-02 a       520     0    26     1    20
  1.8361106417610937E-01 a       521     0    27     1     1
  5.9317170213306614E-01 a       522     0    27     1     2
  2.3480979669208921E-01 a       523     0    27     1     3
  5.5238994544784425E-01 a       524     0    27     1     4
 -2.1858100154725568E-01 a       525     0    27     1     5
  1.3047601153749886E+00 a       526     0    27     1     6
 -1.2188387790607789E-01 a       527     0    27     1     7
 -7.5550085661911615E-01 a       528     0    27     1     8
 -7.4531926799138656E-02 a       529     0    27     1     9
 -3.5246608109148908E-01 a       530     0    27     1    10
 -1.2118374982568909E+00 a       531     0    27     1    11
  2.7099231940561508E-01 a       532     0    27     1    12
  5.6068550345949109E-01 a       533     0    27     1    13
 -1.6420486036255552E-01 a       534     0    27     1    14
  1.3408950768756966E-01 a       535     0    27     1    15
  5.5162073335207940E-01 a       536     0    27     1    16
 -2.4659968287130091E-01 a       537     0    27     1    17
 -1.4819174637367067E+00 a       538     0    27     1    18
 -1.2019145738954859E-01 a       539     0    27     1    19
 -4.6481097318775366E-02 a       540     0    27     1    20
  1.4525040830144093E-01 a       541     0    28     1     1
  3.8087793217952565E-01 a       542     0    28     1     2
 -1.2884804917185033E-01 a       543     0    28     1     3
  2.6710773361916218E-01 a       544     0    28     1     4
  2.5878847259408522E-01 a       545     0    28     1     5
 -6.6136724774952094E-01 a       546     0    28     1     6
 -8.9606533786731524E-01 a       547     0    28     1     7
 -1.4496396256183591E-01 a       548     0    28     1     8
 -2.5913389537368459E-01 a       549     0    28     1     9
  3.8835720573288957E-01 a       550     0    28     1    10
 -7.2011455101539978E-01 a       551     0    28     1    11
  1.3151196492558340E-01 a       552     0    28     1    12
 -2.2138699247806615E-01 a       553     0    28     1    13
  2.0741422555309749E-01 a       554     0    28     1    14
  3.7799830616487240E-01 a       555     0    28     1    15
  4.2124305587503402E-01 a       556     0    28     1    16
 -6.1802778275855216E-02 a       557     0    28     1    17
 -5.7029115738876802E-03 a       558     0    28     1    18
 -2.7057786225458735E-01 a       559     0    28     1    19
  3.0267443120632137E-01 a       560     0    28     1    20
  2.5050926951321462E-01 a       561     0    29     1     1
  2.2594438992372523E-01 a       562     0    29     1     2
 -4.1740469997687719E-02 a       563     0    29     1     3
  4.1563675805873154E-02 a       564     0    29     1     4
  2.7544229287400529E-01 a       565     0    29     1     5
 -6.9238592292314227E-01 a       566     0    29     1     6
 -2.6656285006668856E-01 a       567     0    29     1     7
 -1.6879215684048210E-01 a       568     0    29     1     8
 -1.7033781390390806E-01 a       569     0    29     1     9
 -2.2915790309714293E-01 a       570     0    29     1    10
 -3.6519855630357934E-01 a       571     0    29     1    11
  2.5256955452749114E-01 a       572     0    29     1    12
  2.0424889506042296E-01 a       573     0    29     1    13
 -2.8719282596269252E-01 a       574     0    29     1    14
  2.5728941741210448E-01 a       575     0    29     1    15
  1.7666601026932535E-01 a       576     0    29     1    16
 -1.2205195714106820E-01 a       577     0    29     1    17
 -3.9902332053828027E-01 a       578     0    29     1    18
  1.8165607590078775E-01 a       579     0    29     1    19
  3.1055162505785522E-01 a       580     0    29     1    20
  3.5996883720680539E-01 a       581     0    30     1     1
 -2.9609604829784730E-01 a       582     0    30     1     2
 -1.1617189152960480E-01 a       583     0    30     1     3
 -2.4076423763952956E-01 a       584     0    30     1     4
 -2.2336056883641517E-01 a       585     0    30     1     5
  3.8750684458199747E-01 a       586     0    30     1     6
  1.9724874792456176E-01 a       587     0    30     1     7
 -3.1254121957580999E-01 a       588     0    30     1     8
 -1.7891199593336771E-01 a       589     0    30     1     9
  4.7159980308161409E-01 a       590     0    30     1    10
  4.4101994622293306E-01 a       591     0    30     1    11
 -2.1130779402713015E-01 a       592     0    30     1    12
 -4.4935656580955850E-02 a       593     0    30     1    13
 -1.1751229914954186E-02 a       594     0    30     1    14
 -8.8604346222094912E-02 a       595     0    30     1    15
 -5.5066232827592354E-01 a       596     0    30     1    16
  2.6858042202093413E-01 a       597     0    30     1    17
  2.5422971206846434E-01 a       598     0    30     1    18
  8.6248298835313031E-01 a       599     0    30     1    19
 -2.0738611313770458E-01 a       600     0    30     1    20
  3.6129137150588603E-01 a       601     0    31     1     1
 -5.5477709682217366E-02 a       602     0    31     1     2
  4.7499133045575626E-01 a       603     0    31     1     3
 -2.4648178099411219E-02 a       604     0    31     1     4
  8.5052333637567160E-02 a       605     0    31     1     5
 -1.9644654000760167E-01 a       606     0    31     1     6
  6.8918647107761588E-01 a       607     0    31     1     7
 -2.4692523019451257E-01 a       608     0    31     1     8
  2.8820457998310323E-01 a       609     0    31     1     9
  1.0922081423548444E-01 a       610     0    31     1    10
  1.0675081524630619E+00 a       611     0    31     1    11
  1.4851821961576081E-01 a       612     0    31     1    12
 -4.2208547162163823E-01 a       613     0    31     1    13
 -7.3300849889936487E-02 a       614     0    31     1    14
  4.8711236779082769E-02 a       615     0    31     1    15
 -8.2084172504970032E-01 a       616     0    31     1    16
  5.1951159042151751E-01 a       617     0    31     1    17
  5.6789756567568417E-01 a       618     0    31     1    18
  6.4598366951583397E-01 a       619     0    31     1    19
  2.6631826936937592E-01 a       620     0    31     1    20
 -3.2312557790564259E-02 a       621     0    32     1     1
 -4.1268051293940061E-01 a       622     0    32     1     2
  1.0021854458592305E-01 a       623     0    32     1     3
 -1.0342161402271004E-01 a       624     0    32     1     4
  2.1680978597920258E-01 a       625     0    32     1     5
 -7.5790613580027172E-02 a       626     0    32     1     6
 -2.1019944551674130E-01 a       627     0    32     1     7
 -5.5346665887632068E-02 a       628     0    32     1     8
  4.6028428198423971E-01 a       629     0    32     1     9
  1.3492068831470522E-01 a       630     0    32     1    10
 -1.4020046541269190E-01 a       631     0    32     1    11
  2.8287315336162344E-01 a       632     0    32     1    12
 -3.2599082977994631E-01 a       633     0    32     1    13
 -3.7917026952197275E-01 a       634     0    32     1    14
 -2.7483487946748109E-01 a       635     0    32     1    15
 -5.3984343691598302E-01 a       636     0    32     1    16
  3.6165446163622605E-01 a       637     0    32     1    17
 -1.4068907805389792E+00 a       638     0    32     1    18
 -5.4987486332934177E-01 a       639     0    32     1    19
  1.6062451777524347E-01 a       640     0    32     1    20
 -3.9856827104082576E-01 a       641     0    33     1     1
 -2.4386317800013110E-01 a       642     0    33     1     2
 -9.8671054414472548E-02 a       643     0    33     1     3
 -4.2662751420740919E-01 a       644     0    33     1     4
  2.2263041206100141E-02 a       645     0    33     1     5
  2.8359415907045060E-01 a       646     0    33     1     6
 -6.6722991670539758E-02 a       647     0    33     1     7
 -7.5620242887718081E-01 a       648     0    33     1     8
 -4.6429134609151307E-01 a       649     0    33     1     9
 -2.4658847507974299E-01 a       650     0    33     1    10
  9.1143288125099542E-01 a       651     0    33     1    11
  3.6927694992920090E-01 a       652     0    33     1    12
  3.0483944029268650E-01 a       653     0    33     1    13
 -6.3131956279460766E-01 a       654     0    33     1    14
 -1.2085799890644963E-01 a       655     0    33     1    15
 -9.8104666829119572E-02 a       656     0    33     1    16
 -2.2830350403340144E-01 a       657     0    33     1    17
  1.0249515290368492E-01 a       658     0    33     1    18
 -6.0373665155995057E-02 a       659     0    33     1    19
 -8.3275959073818157E-02 a       660     0    33     1    20
  1.1975561099576772E-01 a       661     0    34     1     1
  1.7495382744376639E-01 a       662     0    34     1     2
 -4.1254385075653893E-01 a       663     0    34     1     3
  1.0278134678967943E-01 a       664     0    34     1     4
 -2.1107768580901348E-01 a       665     0    34     1     5
  6.7698966331415339E-02 a       666     0    34     1     6
  2.0000448015838064E-02 a       667     0    34     1     7
  1.0577114519857470E-01 a       668     0    34     1     8
  3.7323508432489584E-02 a       669     0    34     1     9
  1.9510149908794144E-01 a       670     0    34     1    10
 -5.8508685424406952E-02 a       671     0    34     1    11
 -5.7941132224804748E-01 a       672     0    34     1    12
  3.6976107136572867E-01 a       673     0    34     1    13
  1.1145261507725826E-01 a       674     0    34     1    14
  2.8300933505217390E-01 a       675     0    34     1    15
  2.4444770080097297E-01 a       676     0    34     1    16
 -2.3820045278478905E-02 a       677     0    34     1    17
 -7.3981760078503725E-02 a       678     0    34     1    18
 -6.4412334871977298E-02 a       679     0    34     1    19
  3.0117021340485245E-01 a       680     0    34     1    20
 -2.6469904157772439E-01 a       681     0    35     1     1
 -5.4633190520381375E-02 a       682     0    35     1     2
 -5.2890479261413081E-01 a       683     0    35     1     3
  1.1173846819347819E-01 a       684     0    35     1     4
 -2.1007342692470565E-02 a       685     0    35     1     5
  8.3663645584271126E-02 a       686     0    35     1     6
  2.2606426893569148E-01 a       687     0    35     1     7
  6.1007207671988750E-02 a       688     0    35     1     8
 -2.3790358524359886E-01 a       689     0    35     1     9
  5.9063173624302301E-01 a       690     0    35     1    10
 -2.9997560275846780E-01 a       691     0    35     1    11
 -2.9504711642532960E-01 a       692     0    35     1    12
 -5.3158504171334581E-02 a       693     0    35     1    13
  1.0095077017570850E+00 a       694     0    35     1    14
  1.9385641536270351E-01 a       695     0    35     1    15
  1.5769029240091731E-01 a       696     0    35     1    16
  6.5468366290115454E-01 a       697     0    35     1    17
  7.0027615718382696E-01 a       698     0    35     1    18
  2.5984070973848261E-01 a       699     0    35     1    19
 -9.5833921082300033E-01 a       700     0    35     1    20
  3.6211022754101102E-01 a       701     0    36     1     1
  1.4678573055045183E-01 a       702     0    36     1     2
 -1.6976720750970029E-01 a       703     0    36     1     3
  4.6378459508623862E-02 a       704     0    36     1     4
 -7.4548904973781444E-02 a       705     0    36     1     5
 -1.3850606604380095E-01 a       706     0    36     1     6
  6.8088670511260191E-02 a       707     0    36     1     7
  3.7502717227097326E-01 a       708     0    36     1     8
  2.3619645089083142E-03 a       709     0    36     1     9
 -1.6146565537205779E-01 a       710     0    36     1    10
  7.1140163507775644E-01 a       711     0    36     1    11
  9.4904443636202290E-02 a       712     0    36     1    12
  1.0139658993165468E+00 a       713     0    36     1    13
 -5.5939804252746872E-01 a       714     0    36     1    14
 -1.5544162823097694E-02 a       715     0    36     1    15
  2.8138383731958466E-01 a       716     0    36     1    16
 -6.4786537034055547E-01 a       717     0    36     1    17
 -5.3899310385518134E-03 a       718     0    36     1    18
  2.2841070761169027E-01 a       719     0    36     1    19
  1.6500563290752784E-01 a       720     0    36     1    20
  1.4116061921828044E-01 a       721     0    37     1     1
  2.0757958977898502E-01 a       722     0    37     1     2
  3.0441410760622064E-02 a       723     0    37     1     3
  2.1066970983265237E-01 a       724     0    37     1     4
  6.4609075623516629E-02 a       725     0    37     1     5
 -1.7917510439673257E-01 a       726     0    37     1     6
  5.3610339871876189E-02 a       727     0    37     1     7
  6.6111274010799082E-01 a       728     0    37     1     8
  5.5100610544076445E-01 a       729     0    37     1     9
  8.2730053457313255E-02 a       730     0    37     1    10
 -7.2047118613583006E-01 a       731     0    37     1    11
 -1.9895783140529652E-01 a       732     0    37     1    12
 -2.4160433214887453E-01 a       733     0    37     1    13
  5.7662643966567384E-01 a       734     0    37     1    14
  1.7128642873338173E-01 a       735     0    37     1    15
 -1.2503928672463596E-01 a       736     0    37     1    16
 -6.1186499489124481E-03 a       737     0    37     1    17
 -1.8666538007808783E-01 a       738     0    37     1    18
 -5.2904899726723464E-02 a       739     0    37     1    19
  4.6304164158845603E-03 a       740     0    37     1    20
 -2.1966669617475906E-01 a       741     0    38     1     1
 -5.4686639392821548E-02 a       742     0    38     1     2
  2.1967840950436998E-01 a       743     0    38     1     3
 -2.7816484327706603E-01 a       744     0    38     1     4
 -1.1327209474174171E-01 a       745     0    38     1     5
  1.8029936785920553E-01 a       746     0    38     1     6
 -3.4865489441240474E-02 a       747     0    38     1     7
 -7.2755159577266004E-01 a       748     0    38     1     8
  1.6464619331726721E-01 a       749     0    38     1     9
 -5.8550850424893254E-02 a       750     0    38     1    10
 -2.4294594696804783E-01 a       751     0    38     1    11
 -9.2003739089490624E-02 a       752     0    38     1    12
 -4.3110902104710569E-01 a       753     0    38     1    13
  5.5501634596042126E-02 a       754     0    38     1    14
 -5.2590692822407518E-02 a       755     0    38     1    15
 -4.4407673529677866E-02 a       756     0    38     1    16
  3.3455435972548109E-01 a       757     0    38     1    17
  1.3728760027341622E-01 a       758     0    38     1    18
 -3.4360754652483599E-01 a       759     0    38     1    19
  1.3754953752576354E-01 a       760     0    38     1    20
  9.4668901247590498E-01 a       761     0    39     1     1
  2.5304533319238898E-01 a       762     0    39     1     2
 -3.3939300084839347E-01 a       763     0    39     1     3
  5.4594871391004149E-02 a       764     0    39     1     4
 -4.3018151308712810E-01 a       765     0    39     1     5
  4.2868734537998182E-01 a       766     0    39     1     6
  5.1340670230642105E-01 a       767     0    39     1     7
  5.1513584887520580E-01 a       768     0    39     1     8
  3.5671412455761453E-01 a       769     0    39     1     9
  2.8774438205711765E-03 a       770     0    39     1    10
  7.2327236190854105E-01 a       771     0    39     1    11
 -2.2401826891262666E-01 a       772     0    39     1    12
  7.6533401683054711E-02 a       773     0    39     1    13
 -5.3097107441856506E-01 a       774     0    39     1    14
  3.1335742327368993E-02 a       775     0    39     1    15
  2.9969266674832479E-01 a       776     0    39     1    16
  3.7601646042621367E-01 a       777     0    39     1    17
  1.7903514087840414E-01 a       778     0    39     1    18
 -3.7641707069746150E-01 a       779     0    39     1    19
 -2.1689836543693869E-01 a       780     0    39     1    20
 -9.7889192404558989E-01 a       781     0    40     1     1
  1.4138248775884954E-01 a       782     0    40     1     2
  6.5968686504438961E-02 a       783     0    40     1     3
 -1.0189843212199590E+00 a       784     0    40     1     4
  4.3411929071751304E-01 a       785     0    40     1     5
 -4.8541541903019000E-02 a       786     0    40     1     6
 -1.3508898169483616E-01 a       787     0    40     1     7
 -1.2460210701060745E+00 a       788     0    40     1     8
 -6.2342649318625853E-01 a       789     0    40     1     9
  3.9470091210292285E-01 a       790     0    40     1    10
 -1.0346590593995859E-01 a       791     0    40     1    11
  2.8772189331686848E-02 a       792     0    40     1    12
  3.5717218687924895E-01 a       793     0    40     1    13
 -4.3386738230238092E-01 a       794     0    40     1    14
 -2.0642950628680196E-01 a       795     0    40     1    15
 -3.7902381604269275E-01 a       796     0    40     1    16
  1.0394098237140802E-01 a       797     0    40     1    17
 -3.8763015254659372E-01 a       798     0    40     1    18
  3.3996164802679135E-01 a       799     0    40     1    19
  7.8380373940883874E-02 a       800     0    40     1    20
 -3.8498765833203652E-01 a       801     0    41     1     1
 -2.3213493739088251E-01 a       802     0    41     1     2
 -4.0661696736699854E-01 a       803     0    41     1     3
  5.4387142954260906E-02 a       804     0    41     1     4
  1.2301131613081699E-01 a       805     0    41     1     5
  2.7571725305366643E-02 a       806     0    41     1     6
  7.2036111620376823E-03 a       807     0    41     1     7
  1.6948795461830632E-01 a       808     0    41     1     8
  8.2947798823078289E-01 a       809     0    41     1     9
 -4.2593231251477293E-01 a       810     0    41     1    10
 -4.1369546241068172E-01 a       811     0    41     1    11
  7.0930693652830057E-02 a       812     0    41     1    12
  2.3231469194961224E-01 a       813     0    41     1    13
  3.2189059805598114E-01 a       814     0    41     1    14
  1.2958497816899578E-01 a       815     0    41     1    15
  3.2257075841640270E-01 a       816     0    41     1    16
  4.7385725105969459E-02 a       817     0    41     1    17
  6.3802491018998791E-02 a       818     0    41     1    18
  9.5431722421398676E-02 a       819     0    41     1    19
 -4.2409855666635204E-01 a       820     0    41     1    20
 -2.8572891027198616E-01 a       821     0    42     1     1
 -4.7082798804331744E-01 a       822     0    42     1     2
 -6.6354473260131042E-01 a       823     0    42     1     3
  1.5184667295300486E-01 a       824     0    42     1     4
  2.9207120559186994E-01 a       825     0    42     1     5
  3.2664815919061847E-02 a       826     0    42     1     6
 -4.2897000305491273E-01 a       827     0    42     1     7
  5.7198375352874598E-01 a       828     0    42     1     8
 -1.5886559512111909E-01 a       829     0    42     1     9
 -4.8845027307431194E-01 a       830     0    42     1    10
 -6.5238206340667237E-01 a       831     0    42     1    11
 -9.6427262523864667E-03 a       832     0    42     1    12
  1.5733749195585930E-01 a       833     0    42     1    13
  3.0272993220411942E-01 a       834     0    42     1    14
 -1.1949248683165714E-01 a       835     0    42     1    15
  5.1077831984898021E-02 a       836     0    42     1    16
 -1.7200315986955825E-01 a       837     0    42     1    17
 -8.9144845466478806E-01 a       838     0    42     1    18
 -3.1151465226479536E-01 a       839     0    42     1    19
  1.6402491063784212E-02 a       840     0    42     1    20
  2.6455660651850166E-01 a       841     0    43     1     1
  1.2153118569382883E-01 a       842     0    43     1     2
 -4.2888929668166337E-01 a       843     0    43     1     3
  8.1439709126919468E-01 a       844     0    43     1     4
 -3.5650601149617739E-01 a       845     0    43     1     5
  2.6569307123975416E-01 a       846     0    43     1     6
  9.0361235228431169E-01 a       847     0    43     1     7
  2.8035503400096928E-01 a       848     0    43     1     8
  2.6719594869373031E-01 a       849     0    43     1     9
  4.9597897670091723E-01 a       850     0    43     1    10
  6.6770440893640959E-01 a       851     0    43     1    11
  1.5858969084986616E-01 a       852     0    43     1    12
 -9.6685185184960803E-02 a       853     0    43     1    13
 -8.4716670508404845E-01 a       854     0    43     1    14
  1.1503145988358378E-01 a       855     0    43     1    15
 -1.2535354372421439E-01 a       856     0    43     1    16
  8.5470845344044599E-01 a       857     0    43     1    17
  3.5466234369402244E-01 a       858     0    43     1    18
 -2.9738790847052721E-01 a       859     0    43     1    19
 -4.3136468880735379E-01 a       860     0    43     1    20
 -3.4389173444050740E-03 a       861     0    44     1     1
 -3.9991638434900056E-02 a       862     0    44     1     2
  5.1578657378097548E-01 a       863     0    44     1     3
 -1.4540336230348722E-01 a       864     0    44     1     4
  7.6978937330142799E-02 a       865     0    44     1     5
  2.7469382308572467E-02 a       866     0    44     1     6
 -2.7400530675149515E-01 a       867     0    44     1     7
 -3.1262579119193268E-01 a       868     0    44     1     8
 -6.0501318229098822E-01 a       869     0    44     1     9
 -2.0023113460183043E-02 a       870     0    44     1    10
  2.0161502734264435E-02 a       871     0    44     1    11
 -7.2310692935686399E-02 a       872     0    44     1    12
 -3.5457764254373569E-01 a       873     0    44     1    13
  2.3603728664271437E-01 a       874     0    44     1    14
 -2.1048169717352269E-01 a       875     0    44     1    15
 -4.6860167790157220E-01 a       876     0    44     1    16
 -3.1675923111532001E-02 a       877     0    44     1    17
 -4.3078709899899509E-01 a       878     0    44     1    18
 -1.1360364571740209E-01 a       879     0    44     1    19
  3.2895468295786273E-01 a       880     0    44     1    20
 -1.6873361829623078E-02 a       881     0    45     1     1
 -2.0082141012141563E-01 a       882     0    45     1     2
  6.0807667194705017E-01 a       883     0    45     1     3
  1.8997075593908108E-01 a       884     0    45     1     4
 -8.4776299791789592E-02 a       885     0    45     1     5
 -6.0761530141189224E-01 a       886     0    45     1     6
  1.9102034755297552E+00 a       887     0    45     1     7
  2.2992045492348653E-01 a       888     0    45     1     8
 -5.2804424875489669E-02 a       889     0    45     1     9
 -7.4483655002194032E-02 a       890     0    45     1    10
  9.7913515149302938E-02 a       891     0    45     1    11
  4.2400332187360129E-01 a       892     0    45     1    12
 -1.6519224814158115E-01 a       893     0    45     1    13
 -3.2187865921241919E-02 a       894     0    45     1    14
 -1.4662245940376456E-01 a       895     0    45     1    15
  1.4492755885325126E-01 a       896     0    45     1    16
 -1.5737218790555776E-01 a       897     0    45     1    17
  5.0963456347321046E-01 a       898     0    45     1    18
 -4.9442829776294200E-01 a       899     0    45     1    19
  1.9866448543010434E-01 a       900     0    45     1    20
  2.7386719132201293E-01 a       901     0    46     1     1
 -2.4421664665965373E-01 a       902     0    46     1     2
  2.5496733159228357E-01 a       903     0    46     1     3
  4.6394613277136516E-02 a       904     0    46     1     4
 -6.6229118618381311E-01 a       905     0    46     1     5
  6.9762245933822298E-01 a       906     0    46     1     6
 -5.1498509915933932E-01 a       907     0    46     1     7
  6.9201433025369763E-01 a       908     0    46     1     8
  2.8827704551343708E-01 a       909     0    46     1     9
  1.5123310085995553E-01 a       910     0    46     1    10
 -8.5477734476355066E-02 a       911     0    46     1    11
  3.5764826900495877E-01 a       912     0    46     1    12
 -1.7312608467814267E-01 a       913     0    46     1    13
 -2.6474731422874204E-01 a       914     0    46     1    14
 -2.1530072826758362E-01 a       915     0    46     1    15
  5.4295731258273161E-01 a       916     0    46     1    16
 -5.9558006868517033E-01 a       917     0    46     1    17
  2.8979700288886412E-02 a       918     0    46     1    18
 -9.0409797466861885E-01 a       919     0    46     1    19
 -7.6088353047645674E-01 a       920     0    46     1    20
 -1.2239117886812261E+00 b       921     1     1
 -1.2791282183250663E+00 b       922     1     2
  1.6846999742318465E-03 b       923     1     3
 -8.5394776074050249E-01 b       924     1     4
 -4.4402812318770329E-01 b       925     1     5
  1.1340871399150594E+00 b       926     1     6
  9.6109516286730434E-01 b       927     1     7
 -1.0503112393622867E+00 b       928     1     8
  8.0363658329047460E-01 b       929     1     9
  7.5717071371008970E-02 b       930     1    10
  9.1907300329814035E-01 b       931     1    11
  8.8940448819417606E-01 b       932     1    12
  1.1854051689019949E+00 b       933     1    13
  4.0099235177072046E-01 b       934     1    14
 -4.7147575969364164E-01 b       935     1    15
  4.4688386019176252E-01 b       936     1    16
  1.6069638909032431E+00 b       937     1    17
  1.5659098828579860E+00 b       938     1    18
  4.7083295949867038E-01 b       939     1    19
  4.1182134338427340E-01 b       940     1    20
 -5.9579138920165653E-01 a       941     1     1     2     1
  5.5171401843564294E-01 a       942     1     1     2     2
 -3.0058007614768761E-02 a       943     1     1     2     3
 -4.8067433044496188E-01 a       944     1     1     2     4
  3.5162208852902566E-01 a       945     1     1     2     5
 -1.5852046874464823E-01 a       946     1     1     2     6
 -1.5763834469516003E-01 a       947     1     1     2     7
  1.6451755012696218E-01 a       948     1     1     2     8
 -5.8401892811653063E-03 a       949     1     1     2     9
 -5.0946372324709877E-01 a       950     1     1     2    10
  5.0901369464302881E-01 a       951     1     1     2    11
  8.0908275459263851E-02 a       952     1     1     2    12
  3.3092440695912689E-01 a       953     1     1     2    13
  4.3726424074178222E-01 a       954     1     1     2    14
 -4.1136173726621872E-02 a       955     1     1     2    15
  7.2694622617265087E-02 a       956     1     1     2    16
 -4.5076061074845231E-01 a       957     1     1     2    17
 -1.5280950360665360E-01 a       958     1     1     2    18
 -5.6939141483380240E-01 a       959     1     1     2    19
  5.1618821856910313E-01 a       960     1     1     2    20
  2.6248600254420651E-01 a       961     1     2     2     1
  1.5009192766582422E-01 a       962     1     2     2     2
 -5.4247609863420077E-01 a       963     1     2     2     3
  4.7560321825006924E-01 a       964     1     2     2     4
  1.2585236508440101E-01 a       965     1     2     2     5
  1.6902249403230735E-01 a       966     1     2     2     6
 -1.1187108511286603E-01 a       967     1     2     2     7
 -3.4453214838808893E-01 a       968     1     2     2     8
 -5.5170069840318758E-01 a       969     1     2     2     9
  8.3063827338178631E-01 a       970     1     2     2    10
 -5.8641359803760584E-01 a       971     1     2     2    11
 -1.4262645681800140E-01 a       972     1     2     2    12
  2.5892515064292432E-01 a       973     1     2     2    13
 -1.9229120621546253E-01 a       974     1     2     2    14
  1.1374322536731175E-01 a       975     1     2     2    15
 -8.7855533381364626E-01 a       976     1     2     2    16
  6.0112995148581892E-02 a       977     1     2     2    17
 -7.8859745152954552E-01 a       978     1     2     2    18
  5.3969154943725384E-01 a       979     1     2     2    19
  2.8855199840076018E-01 a       980     1     2     2    20
 -8.3055077845181446E-01 a       981     1     3     2     1
  1.3103852192650800E-01 a       982     1     3     2     2
  3.6249704127044140E-02 a       983     1     3     2     3
  8.2694094406192931E-01 a       984     1     3     2     4
  6.7203958668641439E-01 a       985     1     3     2     5
 -5.1222181994615823E-01 a       986     1     3     2     6
 -3.1098751982121631E-01 a       987     1     3     2     7
  4.0258711540512343E-01 a       988     1     3     2     8
  2.3446840387972007E-01 a       989     1     3     2     9
 -2.3076432918761497E-01 a       990     1     3     2    10
 -6.6822002715993356E-01 a       991     1     3     2    11
 -7.7157737553023886E-01 a       992     1     3     2    12
  3.2600658132071518E-02 a       993     1     3     2    13
  5.1661199701068539E-01 a       994     1     3     2    14
  3.6964272460966894E-03 a       995     1     3     2    15
  2.9730046129090076E-01 a       996     1     3     2    16
 -6.9797634831283317E-02 a       997     1     3     2    17
  5.7231341647324707E-01 a       998     1     3     2    18
 -3.7630284685465587E-01 a       999     1     3     2    19
 -3.1465065332146208E-01 a      1000     1     3     2    20
  2.8570538086568359E-01 a      1001     1     4     2     1
  1.1102089564638593E-01 a      1002     1     4     2     2
 -7.7842741137044402E-01 a      1003     1     4     2     3
  1.4795099509954218E-01 a      1004     1     4     2     4
  1.8698342099389723E-01 a      1005     1     4     2     5
  6.6571329797916501E-01 a      1006     1     4     2     6
  4.5072848708220298E-01 a      1007     1     4     2     7
  3.5264858145777622E-01 a      1008     1     4     2     8
 -2.2799719775466532E-01 a      1009     1     4     2     9
 -3.1691911728529798E-01 a      1010     1     4     2    10
 -1.7117293915830775E-01 a      1011     1     4     2    11
 -8.2841689262906104E-01 a      1012     1     4     2    12
 -8.9232833921335775E-01 a      1013     1     4     2    13
 -1.2434189272140485E-01 a      1014     1     4     2    14
 -1.2460011764533140E-01 a      1015     1     4     2    15
 -7.6699798769489325E-01 a      1016     1     4     2    16
 -5.6305178354040508E-01 a      1017     1     4     2    17
  5.0916366118200287E-02 a      1018     1     4     2    18
 -2.0329253181794321E-02 a      1019     1     4     2    19
  1.1917132128563830E-01 a      1020     1     4     2    20
  2.7286932548321863E-01 a      1021     1     5     2     1
 -1.1752734040355547E-03 a      1022     1     5     2     2
  4.1991035816377370E-01 a      1023     1     5     2     3
 -1.5329296729290029E-01 a      1024     1     5     2     4
  1.4679356302754731E-01 a      1025     1     5     2     5
 -5.0734368043188349E-01 a      1026     1     5     2     6
  3.4802834460507848E-01 a      1027     1     5     2     7
  4.4601254359495934E-01 a      1028     1     5     2     8
  1.7333498538120370E-01 a      1029     1     5     2     9
  9.4864950581237797E-02 a      1030     1     5     2    10
  6.4904045081469997E-01 a      1031     1     5     2    11
  4.7667058464784506E-01 a      1032     1     5     2    12
  3.1534224767870400E-01 a      1033     1     5     2    13
 -4.5298031027634644E-01 a      1034     1     5     2    14
  2.6609342552452581E-01 a      1035     1     5     2    15
  8.9256513472987953E-01 a      1036     1     5     2    16
  2.2842325799011570E-01 a      1037     1     5     2    17
 -7.9809424959912922E-01 a      1038     1     5     2    18
  7.3203777493422739E-01 a      1039     1     5     2    19
  2.1460824460330341E-01 a      1040     1     5     2    20
  3.0710114846118669E-01 a      1041     1     6     2     1
  9.0574434045143093E-01 a      1042     1     6     2     2
 -5.9754639017164557E-01 a      1043     1     6     2     3
 -7.2961490398391254E-02 a      1044     1     6     2     4
 -5.2588944529164805E-01 a      1045     1     6     2     5
  7.0894470693700709E-02 a      1046     1     6     2     6
  1.5751711207551680E-01 a      1047     1     6     2     7
  1.2479582427037259E-01 a      1048     1     6     2     8
  9.0449420321508406E-02 a      1049     1     6     2     9
  3.9227177192241947E-01 a      1050     1     6     2    10
  4.7134721825111144E-02 a      1051     1     6     2    11
  6.7480051049057055E-01 a      1052     1     6     2    12
 -2.5501045532575478E-01 a      1053     1     6     2    13
  2.3688345938333072E-01 a      1054     1     6     2    14
  5.4396880241753864E-01 a      1055     1     6     2    15
 -4.6682309927570337E-01 a      1056     1     6     2    16
  2.8483355334114019E-01 a      1057     1     6     2    17
  1.2727729233641154E+00 a      1058     1     6     2    18
 -3.5777881726466343E-01 a      1059     1     6     2    19
 -2.7732521674027621E-01 a      1060     1     6     2    20
  1.9243392184686661E-01 a      1061     1     7     2     1
 -7.5600322263585762E-01 a      1062     1     7     2     2
  7.5868252334558139E-01 a      1063     1     7     2     3
 -8.2132469423389742E-01 a      1064     1     7     2     4
  6.8094998266132511E-01 a      1065     1     7     2     5
 -3.2428545889369642E-01 a      1066     1     7     2     6
  5.2051184342952861E-02 a      1067     1     7     2     7
 -1.2833031308827605E-01 a      1068     1     7     2     8
 -2.9466520575600630E-01 a      1069     1     7     2     9
 -7.5426917010821659E-01 a      1070     1     7     2    10
 -3.0245520730080050E-01 a      1071     1     7     2    11
 -5.1497475088880762E-01 a      1072     1     7     2    12
  5.1612838340784906E-01 a      1073     1     7     2    13
  7.2441587834936516E-01 a      1074     1     7     2    14
  7.7475665946307548E-01 a      1075     1     7     2    15
  1.3311515520554587E-01 a      1076     1     7     2    16
  3.3242388606687889E-01 a      1077     1     7     2    17
 -1.0690959542492537E+00 a      1078     1     7     2    18
 -2.4573831476154190E-01 a      1079     1     7     2    19
 -1.2133160372193297E+00 a      1080     1     7     2    20
  7.6481225633648908E-01 a      1081     1     8     2     1
  4.0537492463345814E-01 a      1082     1     8     2     2
  1.3600427191672876E-01 a      1083     1     8     2     3
 -7.0934405713264148E-01 a      1084     1     8     2     4
 -4.5219301778575283E-01 a      1085     1     8     2     5
 -7.9129882675339569E-01 a      1086     1     8     2     6
 -1.3381888850497065E-01 a      1087     1     8     2     7
 -1.0448871183284811E-01 a      1088     1     8     2     8
 -1.3219051626688014E-01 a      1089     1     8     2     9
  1.0667148181026372E-01 a      1090     1     8     2    10
  9.2348686059400809E-01 a      1091     1     8     2    11
 -1.1121705229709071E-01 a      1092     1     8     2    12
 -4.5402428636778000E-02 a      1093     1     8     2    13
  8.2596140365272563E-01 a      1094     1     8     2    14
  6.4237988404294732E-01 a      1095     1     8     2    15
  1.8630119243719245E-01 a      1096     1     8     2    16
 -5.4911885728181131E-01 a      1097     1     8     2    17
 -9.8384516765001900E-02 a      1098     1     8     2    18
 -4.8238160798908353E-01 a      1099     1     8     2    19
  2.2473139839150863E-01 a      1100     1     8     2    20
  7.0132073570072229E-01 a      1101     1     9     2     1
  3.7916662034081539E-01 a      1102     1     9     2     2
  2.1083337882100944E-01 a      1103     1     9     2     3
  7.6586226393415491E-01 a      1104     1     9     2     4
 -1.1511082372873382E-01 a      1105     1     9     2     5
 -1.3204210184659493E-01 a      1106     1     9     2     6
  2.5386149288783538E-01 a      1107     1     9     2     7
 -1.7760134080705503E-01 a      1108     1     9     2     8
 -1.0872980621842793E-01 a      1109     1     9     2     9
 -3.9475840794880324E-01 a      1110     1     9     2    10
  3.0736393776710463E-01 a      1111     1     9     2    11
  1.2401440112123363E+00 a      1112     1     9     2    12
  3.8554019071653345E-02 a      1113     1     9     2    13
 -1.5730095880092682E-01 a      1114     1     9     2    14
  8.7882280143203345E-02 a      1115     1     9     2    15
 -5.0238534139871494E-01 a      1116     1     9     2    16
  3.9780841523654864E-01 a      1117     1     9     2    17
 -1.9852644517095022E-01 a      1118     1     9     2    18
 -6.4305345451526974E-01 a      1119     1     9     2    19
  2.3122497086191937E-01 a      1120     1     9     2    20
 -1.4853573122635019E-01 a      1121     1    10     2     1
  8.5041835848374159E-02 a      1122     1    10     2     2
  1.3718875916311754E-01 a      1123     1    10     2     3
 -7.2661758836989110E-01 a      1124     1    10     2     4
 -5.4997928656702932E-01 a      1125     1    10     2     5
  4.3362405171746604E-01 a      1126     1    10     2     6
 -4.8859241248821400E-01 a      1127     1    10     2     7
  3.0960899663458336E-01 a      1128     1    10     2     8
  6.0710180842781325E-01 a      1129     1    10     2     9
 -2.5949843404303075E-01 a      1130     1    10     2    10
 -1.1507734200005153E-01 a      1131     1    10     2    11
 -1.6517925864021113E-01 a      1132     1    10     2    12
  5.1896843058276465E-01 a      1133     1    10     2    13
  4.3263841707157247E-02 a      1134     1    10     2    14
  1.2340183413083962E-01 a      1135     1    10     2    15
 -2.2008013504193957E-01 a      1136     1    10     2    16
 -3.7513817664631288E-01 a      1137     1    10     2    17
  9.2041131145602834E-02 a      1138     1    10     2    18
 -3.0387715056470999E-01 a      1139     1    10     2    19
 -3.4416571714387345E-01 a      1140     1    10     2    20
 -1.0292423750347464E-01 a      1141     1    11     2     1
 -3.8857592568267091E-01 a      1142     1    11     2     2
  3.8715554756048209E-01 a      1143     1    11     2     3
  4.2637988509993513E-01 a      1144     1    11     2     4
 -5.4912722987978069E-01 a      1145     1    11     2     5
 -4.2547479948422751E-01 a      1146     1    11     2     6
  9.0322340346679381E-02 a      1147     1    11     2     7
 -3.5876514523955172E-01 a      1148     1    11     2     8
 -2.2991252765264897E-01 a      1149     1    11     2     9
 -2.6519697521535024E-01 a      1150     1    11     2    10
  3.3037197728907702E-02 a      1151     1    11     2    11
  3.4542212252073634E-01 a      1152     1    11     2    12
  5.0171972481410788E-02 a      1153     1    11     2    13
  6.9910494481873664E-01 a      1154     1    11     2    14
  6.0777302775620379E-01 a      1155     1    11     2    15
  5.2350773852211874E-01 a      1156     1    11     2    16
  9.2765042688740654E-02 a      1157     1    11     2    17
 -2.9830690012074018E-01 a      1158     1    11     2    18
 -7.0963899626741589E-01 a      1159     1    11     2    19
 -4.6294506193889307E-02 a      1160     1    11     2    20
 -3.4494476026122145E-01 a      1161     1    12     2     1
 -1.6110973707290024E-01 a      1162     1    12     2     2
 -1.5105944945904062E-01 a      1163     1    12     2     3
  4.8602741209074440E-01 a      1164     1    12     2     4
 -2.4200578668276938E-02 a      1165     1    12     2     5
  2.0892319864050982E-01 a      1166     1    12     2     6
  2.7556068851271320E-01 a      1167     1    12     2     7
 -6.2661042410097720E-02 a      1168     1    12     2     8
 -3.5742056404436201E-01 a      1169     1    12     2     9
 -1.1209182720453549E-01 a      1170     1    12     2    10
 -3.8653622284900513E-01 a      1171     1    12     2    11
 -2.7080528636062934E-01 a      1172     1    12     2    12
 -6.8844531244739815E-01 a      1173     1    12     2    13
 -4.0444916217538415E-02 a      1174     1    12     2    14
  3.7763793957877329E-01 a      1175     1    12     2    15
 -1.5315087522268256E-01 a      1176     1    12     2    16
 -1.3400576023991542E-02 a      1177     1    12     2    17
  5.7088179364383751E-01 a      1178     1    12     2    18
 -6.4004266516063812E-01 a      1179     1    12     2    19
 -2.9143570736292912E-01 a      1180     1    12     2    20
 -4.2820543953352092E-01 a      1181     1    13     2     1
 -6.5894805992513461E-01 a      1182     1    13     2     2
 -1.2320538974547481E-01 a      1183     1    13     2     3
 -4.6103545301697046E-01 a      1184     1    13     2     4
  4.1488237850865922E-01 a      1185     1    13     2     5
  7.2757895889479562E-01 a      1186     1    13     2     6
  4.9474239319975727E-01 a      1187     1    13     2     7
 -6.2889704634238430E-01 a      1188     1    13     2     8
  5.3789007498407826E-01 a      1189     1    13     2     9
 -4.3349298731574326E-01 a      1190     1    13     2    10
  2.7277322165394230E-01 a      1191     1    13     2    11
  5.3134668731663502E-03 a      1192     1    13     2    12
 -7.0785680426628383E-01 a      1193     1    13     2    13
  5.7484367437538919E-01 a      1194     1    13     2    14
 -2.0586620449109777E-01 a      1195     1    13     2    15
 -5.0312280200930604E-01 a      1196     1    13     2    16
 -3.9791619479047380E-01 a      1197     1    13     2    17
  2.5334376163373501E-01 a      1198     1    13     2    18
  5.0057659716783043E-01 a      1199     1    13     2    19
  1.1947226210784855E-01 a      1200     1    13     2    20
 -5.2256931371951709E-01 a      1201     1    14     2     1
 -6.7133666385797175E-01 a      1202     1    14     2     2
 -5.5131563091475033E-01 a      1203     1    14     2     3
 -2.4026527058136071E-01 a      1204     1    14     2     4
 -1.0874614471203156E-01 a      1205     1    14     2     5
  2.6389534752250554E-01 a      1206     1    14     2     6
 -2.8768429039975514E-02 a      1207     1    14     2     7
  3.2165473654473298E-01 a      1208     1    14     2     8
 -2.0988716347436984E-01 a      1209     1    14     2     9
 -7.2286007191169210E-01 a      1210     1    14     2    10
  3.6857160428603725E-01 a      1211     1    14     2    11
  3.4649193006246470E-01 a      1212     1    14     2    12
 -1.9740766367230492E-01 a      1213     1    14     2    13
  7.3459604142519508E-02 a      1214     1    14     2    14
  1.0593286984334123E-02 a      1215     1    14     2    15
  3.7028799731406592E-01 a      1216     1    14     2    16
  1.7593875714069401E-01 a      1217     1    14     2    17
 -6.5816844688369250E-02 a      1218     1    14     2    18
  2.4349577034171113E-01 a      1219     1    14     2    19
 -8.4862358148098449E-01 a      1220     1    14     2    20
 -3.0520523705582181E-01 a      1221     1    15     2     1
  6.5607860867741907E-01 a      1222     1    15     2     2
 -6.8182897659568542E-01 a      1223     1    15     2     3
 -3.4038201242281474E-01 a      1224     1    15     2     4
  8.9492962652044195E-01 a      1225     1    15     2     5
  8.8841449495701288E-02 a      1226     1    15     2     6
  4.1327005515567689E-01 a      1227     1    15     2     7
 -3.8250744111798934E-01 a      1228     1    15     2     8
 -7.7430211391157841E-02 a      1229     1    15     2     9
  2.8245321926385103E-01 a      1230     1    15     2    10
 -2.5408059846793191E-01 a      1231     1    15     2    11
 -2.0404946617320319E-01 a      1232     1    15     2    12
  6.0127907011506276E-02 a      1233     1    15     2    13
 -7.0123122672598370E-01 a      1234     1    15     2    14
 -4.4451989632277356E-01 a      1235     1    15     2    15
  6.8784118600047006E-01 a      1236     1    15     2    16
  2.7509372660197762E-01 a      1237     1    15     2    17
  9.3070590301846301E-01 a      1238     1    15     2    18
  1.9532864081247814E-01 a      1239     1    15     2    19
 -1.4360880884455196E-01 a      1240     1    15     2    20
  2.8145631164674084E-01 a      1241     1    16     2     1
  7.4460013151028015E-01 a      1242     1    16     2     2
 -9.1501692346124164E-01 a      1243     1    16     2     3
  2.1350783479753982E-01 a      1244     1    16     2     4
  1.5676634727653135E-01 a      1245     1    16     2     5
 -9.1319334233794724E-01 a      1246     1    16     2     6
 -5.3157403763663080E-01 a      1247     1    16     2     7
  7.1259924353644444E-01 a      1248     1    16     2     8
 -6.8604047386067424E-01 a      1249     1    16     2     9
 -5.3542780775103882E-01 a      1250     1    16     2    10
 -8.0430656530221023E-01 a      1251     1    16     2    11
  2.3490561341533847E-01 a      1252     1    16     2    12
 -8.4834683575721562E-02 a      1253     1    16     2    13
 -2.4294118542455129E-01 a      1254     1    16     2    14
  4.0527773557504726E-01 a      1255     1    16     2    15
  1.2434565463263547E-02 a      1256     1    16     2    16
  2.8953302199298470E-01 a      1257     1    16     2    17
  1.2349903323668582E-01 a      1258     1    16     2    18
 -6.3557266700158466E-01 a      1259     1    16     2    19
  2.7484550322780277E-01 a      1260     1    16     2    20
  2.3929946868029064E-01 a      1261     1    17     2     1
  7.8173770153774402E-01 a      1262     1    17     2     2
  7.4933946237132698E-01 a      1263     1    17     2     3
 -1.5135522585603395E-01 a      1264     1    17     2     4
  3.0211214650355966E-01 a      1265     1    17     2     5
  1.7840124667549584E-01 a      1266     1    17     2     6
  3.6338609736924532E-01 a      1267     1    17     2     7
 -4.0293208304598777E-01 a      1268     1    17     2     8
  8.1773912632437273E-01 a      1269     1    17     2     9
 -2.7281310944607629E-01 a      1270     1    17     2    10
  1.3850650157616820E-01 a      1271     1    17     2    11
  1.8606473604786214E-01 a      1272     1    17     2    12
 -3.1394490553723664E-01 a      1273     1    17     2    13
 -7.1247468584986529E-01 a      1274     1    17     2    14
  7.4381857355203737E-02 a      1275     1    17     2    15
  4.6619961729819870E-01 a      1276     1    17     2    16
  5.4007118194832882E-01 a      1277     1    17     2    17
 -4.2446779353719122E-01 a      1278     1    17     2    18
  5.5585061697027172E-01 a      1279     1    17     2    19
  8.8392545322777050E-01 a      1280     1    17     2    20
  1.0245370814086822E-01 a      1281     1    18     2     1
  8.8960059265127844E-02 a      1282     1    18     2     2
  4.8548606083600332E-01 a      1283     1    18     2     3
 -1.0373714515233919E-01 a      1284     1    18     2     4
  2.1102713702152265E-01 a      1285     1    18     2     5
  1.5386359030039937E-01 a      1286     1    18     2     6
 -4.1188995898164903E-02 a      1287     1    18     2     7
  2.9772957177054732E-01 a      1288     1    18     2     8
  8.8545103630000721E-01 a      1289     1    18     2     9
  5.6916224053233333E-01 a      1290     1    18     2    10
 -3.3165927623731362E-01 a      1291     1    18     2    11
 -8.6959489981491311E-01 a      1292     1    18     2    12
  3.1251550633161018E-01 a      1293     1    18     2    13
 -3.7527502242774530E-01 a      1294     1    18     2    14
 -2.6985435281323439E-01 a      1295     1    18     2    15
 -1.5318001364600697E-01 a      1296     1    18     2    16
  2.6835579702679041E-01 a      1297     1    18     2    17
 -2.8674152518066498E-01 a      1298     1    18     2    18
  2.0378714257831446E-01 a      1299     1    18     2    19
  5.6609310841351235E-01 a      1300     1    18     2    20
  1.5413013712323628E-01 a      1301     1    19     2     1
 -4.4205394703347334E-01 a      1302     1    19     2     2
  5.5850135406500551E-02 a      1303     1    19     2     3
 -2.8915275529250511E-01 a      1304     1    19     2     4
 -1.4286756079307454E-02 a      1305     1    19     2     5
  3.2853914993731387E-01 a      1306     1    19     2     6
 -1.4062432005810996E-01 a      1307     1    19     2     7
  2.8339427951445639E-01 a      1308     1    19     2     8
  1.2202492902707394E-01 a      1309     1    19     2     9
 -1.1887206470062119E-02 a      1310     1    19     2    10
 -2.9554436998915345E-01 a      1311     1    19     2    11
  2.9357926302427312E-01 a      1312     1    19     2    12
  5.6300628697874699E-01 a      1313     1    19     2    13
 -3.3047487903999306E-01 a      1314     1    19     2    14
 -4.5125779887323803E-01 a      1315     1    19     2    15
  3.7303970624687277E-01 a      1316     1    19     2    16
 -7.0636702902194659E-01 a      1317     1    19     2    17
  6.9826039694526287E-01 a      1318     1    19     2    18
  5.9472003622885239E-01 a      1319     1    19     2    19
 -6.1261527755077139E-01 a      1320     1    19     2    20
  3.0873153486431548E-01 a      1321     1    20     2     1
 -1.0578475681018125E+00 a      1322     1    20     2     2
 -2.8732618262284176E-01 a      1323     1    20     2     3
  4.2382691878911039E-01 a      1324     1    20     2     4
 -1.3096538142486831E+00 a      1325     1    20     2     5
  5.9695818179577953E-01 a      1326     1    20     2     6
 -3.6308998842081402E-01 a      1327     1    20     2     7
  9.8527203943367669E-02 a      1328     1    20     2     8
 -2.8372519384952744E-01 a      1329     1    20     2     9
  7.6196446849383515E-01 a      1330     1    20     2    10
 -6.5529204738779023E-01 a      1331     1    20     2    11
 -8.2687318743813965E-01 a      1332     1    20     2    12
 -3.0090656167263669E-01 a      1333     1    20     2    13
  7.8548727802360795E-03 a      1334     1    20     2    14
  3.8248784911450712E-01 a      1335     1    20     2    15
  1.0417426375583030E+00 a      1336     1    20     2    16
 -1.3378597823973645E-01 a      1337     1    20     2    17
 -4.1915187162755763E-01 a      1338     1    20     2    18
  8.1449896222123308E-01 a      1339     1    20     2    19
 -5.1973651165130119E-01 a      1340     1    20     2    20
 -2.7344434714827733E-02 b      1341     2     1
  1.4236729679250253E+00 b      1342     2     2
  8.4383944130973643E-01 b      1343     2     3
 -1.4993065228297062E+00 b      1344     2     4
  4.2927404508670736E-01 b      1345     2     5
  8.4720971495323494E-01 b      1346     2     6
  1.6182698336643273E+00 b      1347     2     7
 -1.3208533131337448E+00 b      1348     2     8
  1.3367119207731601E+00 b      1349     2     9
 -9.4899914187647461E-01 b      1350     2    10
  1.8909576869821113E-01 b      1351     2    11
  1.5728750971533798E+00 b      1352     2    12
 -8.0852545606201487E-01 b      1353     2    13
  4.2414466033501054E-02 b      1354     2    14
 -2.0954238295509544E+00 b      1355     2    15
 -4.3449982465082504E-01 b      1356     2    16
  1.0308519081364693E+00 b      1357     2    17
  1.0442817707883205E+00 b      1358     2    18
 -1.6646932710500368E+00 b      1359     2    19
 -4.9319899957914581E-01 b      1360     2    20
 -6.8921389450152318E-03 a      1361     2     1     3     1
  1.0102615443615337E+00 a      1362     2     2     3     1
  1.0794393857334821E+00 a      1363     2     3     3     1
  2.6918004045645677E-02 a      1364     2     4     3     1
 -3.0298208146898570E-01 a      1365     2     5     3     1
  1.2683674887102954E+00 a      1366     2     6     3     1
  4.1318996841173050E-01 a      1367     2     7     3     1
 -9.0602299125531660E-01 a      1368     2     8     3     1
  1.9381944369304633E+00 a      1369     2     9     3     1
 -1.8620648206710217E+00 a      1370     2    10     3     1
  2.5897662904834973E-01 a      1371     2    11     3     1
  1.7032552819711644E+00 a      1372     2    12     3     1
 -1.0190558534312031E+00 a      1373     2    13     3     1
  5.7022702599144637E-01 a      1374     2    14     3     1
 -2.1045060524119670E+00 a      1375     2    15     3     1
  3.9151420501454098E-01 a      1376     2    16     3     1
  7.8836398794591633E-01 a      1377     2    17     3     1
  1.6029476414447223E+00 a      1378     2    18     3     1
 -1.2631672602335637E+00 a      1379     2    19     3     1
 -1.2319333059567013E+00 a      1380     2    20     3     1
  8.4315976593539388E-01 b      1381     3     1
