################################################################################
# Neural network connection values (weights and biases).
################################################################################
# Col  Name       Description
################################################################################
# 1    connection Neural network connection value.
# 2    t          Connection type (a = weight, b = bias).
# 3    index      Index enumerating weights.
# 4    l_s        Starting point layer (end point layer for biases).
# 5    n_s        Starting point neuron in starting layer (end point neuron for biases).
# 6    l_e        End point layer.
# 7    n_e        End point neuron in end layer.
################################################################################
#                      1 2         3     4     5     6     7
#             connection t     index   l_s   n_s   l_e   n_e
############################################################
  1.9011145289365189E-01 a         1     0     1     1     1
 -1.2337019067348363E-01 a         2     0     1     1     2
 -1.2901209490483335E-02 a         3     0     1     1     3
  2.5959037917850292E-01 a         4     0     1     1     4
 -3.5760848693478486E-01 a         5     0     1     1     5
  1.1309670607554423E-01 a         6     0     1     1     6
  1.4385999907554273E-01 a         7     0     1     1     7
 -2.1920121299460379E-01 a         8     0     1     1     8
 -7.3579225050352984E-02 a         9     0     1     1     9
  1.1483296432978871E-01 a        10     0     1     1    10
 -2.2320959844637503E-01 a        11     0     1     1    11
  3.3335861866924044E-01 a        12     0     1     1    12
  6.4130536369965213E-02 a        13     0     1     1    13
 -2.2702945550471532E-01 a        14     0     1     1    14
 -1.7937830439074104E-01 a        15     0     1     1    15
 -1.4155177545452693E-01 a        16     0     1     1    16
 -1.8853382577713795E-01 a        17     0     1     1    17
 -1.7532151454617120E-01 a        18     0     1     1    18
 -3.9973891131534856E-01 a        19     0     1     1    19
 -2.7017324173089052E-01 a        20     0     1     1    20
 -2.6648120956292881E-01 a        21     0     2     1     1
  1.0390479151417375E-02 a        22     0     2     1     2
 -2.2583194566222167E-01 a        23     0     2     1     3
 -3.2505913353087063E-01 a        24     0     2     1     4
 -1.0155842662575669E-01 a        25     0     2     1     5
 -1.2526348088314249E-01 a        26     0     2     1     6
  4.1841995530291098E-01 a        27     0     2     1     7
  1.7771109221282835E-01 a        28     0     2     1     8
 -2.2071991028356764E-02 a        29     0     2     1     9
  7.0549650120340285E-02 a        30     0     2     1    10
  1.0733363027576127E-01 a        31     0     2     1    11
  2.9107129061192882E-01 a        32     0     2     1    12
  8.9539695796036021E-03 a        33     0     2     1    13
 -5.5218217094083821E-01 a        34     0     2     1    14
  1.8911441367673715E-01 a        35     0     2     1    15
  7.4491929490222528E-02 a        36     0     2     1    16
 -3.0103347222052468E-01 a        37     0     2     1    17
 -2.4978852650753774E-01 a        38     0     2     1    18
 -5.3276003596816293E-02 a        39     0     2     1    19
  2.9444757469304994E-01 a        40     0     2     1    20
  7.1822054866048049E-02 a        41     0     3     1     1
 -1.0815274416211708E-01 a        42     0     3     1     2
  4.8460489311616631E-02 a        43     0     3     1     3
  1.1851120516744762E-01 a        44     0     3     1     4
  1.4592687123268280E-01 a        45     0     3     1     5
  1.6535941670253917E-01 a        46     0     3     1     6
 -1.1573772596124070E-01 a        47     0     3     1     7
 -4.1902744068203396E-01 a        48     0     3     1     8
 -1.8559685408848206E-01 a        49     0     3     1     9
 -1.1126458859117372E-01 a        50     0     3     1    10
 -4.1149392606133900E-01 a        51     0     3     1    11
 -1.9918488524558983E-01 a        52     0     3     1    12
 -1.7107794693134012E-01 a        53     0     3     1    13
  2.2453410900865084E-01 a        54     0     3     1    14
  4.3904600095328311E-01 a        55     0     3     1    15
  1.8094257487460491E-01 a        56     0     3     1    16
 -2.8603765598251274E-01 a        57     0     3     1    17
 -2.8058864035840175E-01 a        58     0     3     1    18
  3.0460556164326896E-01 a        59     0     3     1    19
 -7.4578547798623371E-02 a        60     0     3     1    20
  1.0495797012157464E-02 a        61     0     4     1     1
  2.7777155441236651E-01 a        62     0     4     1     2
  3.3279307258249968E-01 a        63     0     4     1     3
  6.0135951639622660E-02 a        64     0     4     1     4
  4.8420411734366420E-01 a        65     0     4     1     5
 -1.1743477442208772E-02 a        66     0     4     1     6
  1.3969492450107895E-01 a        67     0     4     1     7
 -2.1150808937254788E-02 a        68     0     4     1     8
  1.9661022068746734E-02 a        69     0     4     1     9
 -4.0430480065849672E-01 a        70     0     4     1    10
 -3.3500175627319700E-01 a        71     0     4     1    11
  6.4435794402259300E-02 a        72     0     4     1    12
 -1.1151464158076174E-01 a        73     0     4     1    13
 -1.2794438041749925E-01 a        74     0     4     1    14
 -8.8188359443850312E-02 a        75     0     4     1    15
 -1.7999406730766412E-01 a        76     0     4     1    16
  1.9628486719924507E-01 a        77     0     4     1    17
  3.3466239363428102E-01 a        78     0     4     1    18
  3.0499023894095245E-01 a        79     0     4     1    19
 -1.7513018438324829E-01 a        80     0     4     1    20
  6.4023424576958605E-03 a        81     0     5     1     1
 -1.8704741931520621E-01 a        82     0     5     1     2
 -1.5419089747229499E-02 a        83     0     5     1     3
 -1.1196206947058412E-01 a        84     0     5     1     4
  2.1531118022335038E-01 a        85     0     5     1     5
 -3.7031111497226703E-02 a        86     0     5     1     6
 -1.0038698405658170E-01 a        87     0     5     1     7
 -2.4074592890552166E-02 a        88     0     5     1     8
 -3.1927204170222062E-01 a        89     0     5     1     9
 -1.6488474902120695E-01 a        90     0     5     1    10
  4.3931436178803697E-03 a        91     0     5     1    11
  2.4250380466391261E-01 a        92     0     5     1    12
  1.1858685761018964E-01 a        93     0     5     1    13
 -2.3110448316651266E-02 a        94     0     5     1    14
 -1.2009835519029918E-01 a        95     0     5     1    15
 -1.2122447423350100E-01 a        96     0     5     1    16
  2.8808962924171205E-01 a        97     0     5     1    17
  3.7950200857445027E-01 a        98     0     5     1    18
  3.2802497568174416E-01 a        99     0     5     1    19
  1.2764848050348920E-01 a       100     0     5     1    20
 -1.3832718978785866E-01 a       101     0     6     1     1
  9.3465238032759052E-02 a       102     0     6     1     2
 -4.8741166991345247E-01 a       103     0     6     1     3
 -1.6483240911531657E-01 a       104     0     6     1     4
  6.3370749026171169E-01 a       105     0     6     1     5
 -2.6914844877135302E-01 a       106     0     6     1     6
  5.0977126362394737E-02 a       107     0     6     1     7
 -1.0289539738535908E-01 a       108     0     6     1     8
  7.6003550249068630E-01 a       109     0     6     1     9
 -5.5163806388272063E-01 a       110     0     6     1    10
 -3.8055570841796102E-02 a       111     0     6     1    11
 -2.1359878857454986E-01 a       112     0     6     1    12
 -4.8170789457737187E-02 a       113     0     6     1    13
  3.5590728808299998E-01 a       114     0     6     1    14
  2.6680917439821189E-01 a       115     0     6     1    15
  1.9180378661141201E-01 a       116     0     6     1    16
  7.2832111195741209E-03 a       117     0     6     1    17
  2.2271785732322605E-01 a       118     0     6     1    18
  1.7062690363629682E-01 a       119     0     6     1    19
  1.4663026538199583E-01 a       120     0     6     1    20
 -1.6420547190181178E-01 a       121     0     7     1     1
  2.9166456838387655E-01 a       122     0     7     1     2
  1.8889769970835876E-01 a       123     0     7     1     3
  2.1278083492480859E-01 a       124     0     7     1     4
 -6.4167398484112148E-01 a       125     0     7     1     5
 -9.1862195487014880E-02 a       126     0     7     1     6
 -3.0309174314111936E-01 a       127     0     7     1     7
  3.1740484601437596E-01 a       128     0     7     1     8
 -2.0948098268817278E-01 a       129     0     7     1     9
  1.5521315044671583E-01 a       130     0     7     1    10
  1.1920214408014693E-01 a       131     0     7     1    11
  1.0535664119202393E-01 a       132     0     7     1    12
 -1.6492163314877908E-03 a       133     0     7     1    13
  2.2854325249907737E-01 a       134     0     7     1    14
 -9.0044719467102907E-01 a       135     0     7     1    15
  1.4825835888807908E-02 a       136     0     7     1    16
  6.3626996134806504E-02 a       137     0     7     1    17
  3.7665499629822641E-01 a       138     0     7     1    18
 -1.9935730199128274E-01 a       139     0     7     1    19
  1.3558547844917385E-02 a       140     0     7     1    20
  2.3934537167879102E-01 a       141     0     8     1     1
  4.0122406229664465E-01 a       142     0     8     1     2
 -5.5488911021790648E-02 a       143     0     8     1     3
 -3.7794799527624950E-01 a       144     0     8     1     4
 -3.7236143613276970E-03 a       145     0     8     1     5
  4.5251265999708024E-02 a       146     0     8     1     6
 -2.3090690465559821E-01 a       147     0     8     1     7
  2.1338644016724105E-02 a       148     0     8     1     8
  2.8334504895636681E-01 a       149     0     8     1     9
  3.2729633507377665E-01 a       150     0     8     1    10
  2.9715072145569541E-02 a       151     0     8     1    11
 -4.9582764842010252E-01 a       152     0     8     1    12
 -1.4879278947322205E-01 a       153     0     8     1    13
 -4.4413863962009059E-01 a       154     0     8     1    14
  4.1675599724712720E-01 a       155     0     8     1    15
  1.9217862498529506E-01 a       156     0     8     1    16
  9.7550962516111561E-02 a       157     0     8     1    17
 -3.9976028313921436E-01 a       158     0     8     1    18
 -4.5919367379558507E-01 a       159     0     8     1    19
  2.9241798922540679E-01 a       160     0     8     1    20
 -2.9908524335427733E-01 a       161     0     9     1     1
 -3.7695674044588029E-01 a       162     0     9     1     2
 -4.7804988881612442E-02 a       163     0     9     1     3
  2.1498152461986680E-01 a       164     0     9     1     4
 -1.8519291983825573E-01 a       165     0     9     1     5
 -6.3768724447255887E-01 a       166     0     9     1     6
 -3.1422010779898157E-01 a       167     0     9     1     7
  3.9801137525032178E-02 a       168     0     9     1     8
  3.6973879756522499E-01 a       169     0     9     1     9
 -3.4370955760156713E-01 a       170     0     9     1    10
  2.1773552659952577E-01 a       171     0     9     1    11
 -4.1436619486189091E-01 a       172     0     9     1    12
  1.9348671123888797E-01 a       173     0     9     1    13
 -7.5948688011238941E-02 a       174     0     9     1    14
 -1.0821574218422221E-01 a       175     0     9     1    15
 -3.4772836795508251E-02 a       176     0     9     1    16
  1.2014647212210097E-01 a       177     0     9     1    17
 -2.1856718628402122E-01 a       178     0     9     1    18
 -6.0204328848950689E-02 a       179     0     9     1    19
  1.3958772036451440E-02 a       180     0     9     1    20
  5.9975023817853107E-02 a       181     0    10     1     1
  2.5406511423554701E-01 a       182     0    10     1     2
  3.3230937615222456E-01 a       183     0    10     1     3
  5.3839442222694558E-02 a       184     0    10     1     4
  1.7140239163691240E-01 a       185     0    10     1     5
  2.9592938474027541E-01 a       186     0    10     1     6
  5.6613754975898822E-02 a       187     0    10     1     7
 -1.9072719902527102E-01 a       188     0    10     1     8
  3.5447792104312301E-02 a       189     0    10     1     9
  3.5311216782793059E-01 a       190     0    10     1    10
 -2.1672447050200935E-01 a       191     0    10     1    11
  5.0561675243823510E-02 a       192     0    10     1    12
  8.7291158777387620E-02 a       193     0    10     1    13
 -1.4716616960157741E-01 a       194     0    10     1    14
  3.2879920329518676E-02 a       195     0    10     1    15
  5.6691884442595389E-02 a       196     0    10     1    16
  1.0416180015454071E-01 a       197     0    10     1    17
  4.5763416809972014E-02 a       198     0    10     1    18
  2.0677361973552080E-01 a       199     0    10     1    19
  3.3328977246530544E-01 a       200     0    10     1    20
  1.4340597528505764E-01 a       201     0    11     1     1
  6.3515744383057265E-02 a       202     0    11     1     2
 -1.0098604785254144E-02 a       203     0    11     1     3
 -4.5460942969964535E-01 a       204     0    11     1     4
 -5.9430992815240821E-02 a       205     0    11     1     5
  5.0835618632178470E-01 a       206     0    11     1     6
 -3.3350073085713389E-02 a       207     0    11     1     7
  1.4832307347464248E-02 a       208     0    11     1     8
 -4.8104169482760001E-01 a       209     0    11     1     9
 -3.0667962805502658E-01 a       210     0    11     1    10
 -9.9822011326191784E-02 a       211     0    11     1    11
  1.8448137037686822E-02 a       212     0    11     1    12
  4.0264479658642421E-01 a       213     0    11     1    13
  1.1596958098559888E-01 a       214     0    11     1    14
 -1.5606755406586327E-02 a       215     0    11     1    15
  3.0600240180871746E-01 a       216     0    11     1    16
  1.6983048549700946E-01 a       217     0    11     1    17
 -9.7812874829625279E-02 a       218     0    11     1    18
 -1.5796885316025774E-01 a       219     0    11     1    19
 -5.7554396798725586E-02 a       220     0    11     1    20
 -6.9388034226115766E-02 a       221     0    12     1     1
  3.3188039073656339E-01 a       222     0    12     1     2
  1.7101929602389149E-01 a       223     0    12     1     3
  1.9839449623110704E-02 a       224     0    12     1     4
  3.2257929226844423E-02 a       225     0    12     1     5
  5.9201248526867402E-02 a       226     0    12     1     6
  2.6161113679816489E-01 a       227     0    12     1     7
  3.4085671468743689E-01 a       228     0    12     1     8
  1.2831821828764120E-01 a       229     0    12     1     9
 -1.5397581562826648E-01 a       230     0    12     1    10
 -7.2389735242469749E-02 a       231     0    12     1    11
  3.2486479504716820E-01 a       232     0    12     1    12
  1.5249584860143542E-01 a       233     0    12     1    13
 -2.9115721261712918E-01 a       234     0    12     1    14
  8.2454329544302638E-02 a       235     0    12     1    15
  1.7962665907796938E-01 a       236     0    12     1    16
 -4.0628566056692317E-01 a       237     0    12     1    17
 -2.4305316106486685E-01 a       238     0    12     1    18
  1.5307180378290036E-01 a       239     0    12     1    19
 -1.4123567167765033E-01 a       240     0    12     1    20
 -2.3114805478926229E-01 a       241     0    13     1     1
  1.8053917066497868E-01 a       242     0    13     1     2
  1.4166596798826700E-01 a       243     0    13     1     3
  2.3700410014020731E-02 a       244     0    13     1     4
 -1.7187859755822230E-01 a       245     0    13     1     5
  1.6940110817745641E-01 a       246     0    13     1     6
  1.0420171963633479E-01 a       247     0    13     1     7
  2.4226089967420364E-01 a       248     0    13     1     8
  2.4168233053391275E-01 a       249     0    13     1     9
  2.6842824429850070E-02 a       250     0    13     1    10
  4.9722510010516285E-01 a       251     0    13     1    11
  3.7981215249268951E-01 a       252     0    13     1    12
 -2.7157162296720461E-01 a       253     0    13     1    13
  3.5515408157469464E-01 a       254     0    13     1    14
 -4.1508612606019846E-02 a       255     0    13     1    15
 -4.6958342904309197E-01 a       256     0    13     1    16
 -3.3000606192541543E-01 a       257     0    13     1    17
 -1.4173264662534255E-01 a       258     0    13     1    18
  3.1855580058707547E-02 a       259     0    13     1    19
 -3.2693000592192670E-02 a       260     0    13     1    20
  8.0594928467663529E-02 a       261     0    14     1     1
 -7.9417908119585698E-02 a       262     0    14     1     2
  3.7363979253323076E-01 a       263     0    14     1     3
  4.6827703143718574E-01 a       264     0    14     1     4
  1.9369671209773945E-01 a       265     0    14     1     5
 -3.8403629338921545E-02 a       266     0    14     1     6
 -3.8195761754504504E-01 a       267     0    14     1     7
  1.4257843219595306E-01 a       268     0    14     1     8
 -1.7561991858675371E-01 a       269     0    14     1     9
  2.9633508926881364E-04 a       270     0    14     1    10
 -5.4561822481975575E-01 a       271     0    14     1    11
 -2.4368559331169964E-02 a       272     0    14     1    12
 -3.5442326996042084E-01 a       273     0    14     1    13
 -2.2965123709732477E-01 a       274     0    14     1    14
  5.5926882066384735E-02 a       275     0    14     1    15
  2.4299488188148718E-01 a       276     0    14     1    16
  2.7315023533819351E-02 a       277     0    14     1    17
 -1.1876152199487859E-01 a       278     0    14     1    18
 -2.1797831757702371E-01 a       279     0    14     1    19
  1.9707624664314659E-02 a       280     0    14     1    20
  2.9764418542592038E-02 a       281     0    15     1     1
  1.1273311304611719E-01 a       282     0    15     1     2
 -7.9412862826315142E-02 a       283     0    15     1     3
  8.4395551666219398E-02 a       284     0    15     1     4
 -2.1146655365265921E-01 a       285     0    15     1     5
 -1.3268723787429146E-01 a       286     0    15     1     6
 -2.6776818449556083E-01 a       287     0    15     1     7
  2.6600295815721910E-02 a       288     0    15     1     8
  1.7688769018557385E-01 a       289     0    15     1     9
  5.0864160708603029E-02 a       290     0    15     1    10
  4.0895571728974296E-02 a       291     0    15     1    11
 -1.0651166121101195E-01 a       292     0    15     1    12
  4.0341126082271273E-01 a       293     0    15     1    13
 -2.1417729419927492E-02 a       294     0    15     1    14
  2.3506450682674672E-02 a       295     0    15     1    15
 -5.9600914795924789E-02 a       296     0    15     1    16
  3.2942658311706896E-01 a       297     0    15     1    17
  1.1930719105529800E-01 a       298     0    15     1    18
 -1.3704751074485846E-01 a       299     0    15     1    19
  4.4463082710547686E-01 a       300     0    15     1    20
  2.0260357281796132E-01 a       301     0    16     1     1
 -4.4224659296399216E-01 a       302     0    16     1     2
 -5.6444651110295274E-01 a       303     0    16     1     3
 -1.5535903787941255E-01 a       304     0    16     1     4
 -1.3797520964858825E+00 a       305     0    16     1     5
 -4.5005047316160263E-01 a       306     0    16     1     6
  3.5750103724047422E-01 a       307     0    16     1     7
  2.8461950920091944E-01 a       308     0    16     1     8
 -6.6470296280897689E-01 a       309     0    16     1     9
 -3.0806376504872146E-01 a       310     0    16     1    10
 -8.1032909085792040E-02 a       311     0    16     1    11
 -1.7138072503072788E-01 a       312     0    16     1    12
 -2.5783950912327319E-01 a       313     0    16     1    13
  3.7730024759208419E-01 a       314     0    16     1    14
  2.6456652544511822E-01 a       315     0    16     1    15
  2.5755936969887240E-02 a       316     0    16     1    16
  5.5842353545007772E-02 a       317     0    16     1    17
 -1.8609180964506658E-01 a       318     0    16     1    18
 -9.4303944649525115E-02 a       319     0    16     1    19
 -1.1905857988084265E+00 a       320     0    16     1    20
  9.2884538288636492E-02 a       321     0    17     1     1
  6.1060500906409054E-01 a       322     0    17     1     2
  1.9855388177879776E-01 a       323     0    17     1     3
  4.2194072558034740E-01 a       324     0    17     1     4
  1.0263606152033171E+00 a       325     0    17     1     5
 -1.7572511372319272E-02 a       326     0    17     1     6
  4.7451308003915844E-02 a       327     0    17     1     7
 -1.0810995842315355E-01 a       328     0    17     1     8
  6.5954462516913837E-01 a       329     0    17     1     9
  3.6351320325505104E-01 a       330     0    17     1    10
  5.2129022943116343E-01 a       331     0    17     1    11
  1.5924965880364231E-01 a       332     0    17     1    12
  5.7769964129684659E-01 a       333     0    17     1    13
 -8.5362508344308385E-01 a       334     0    17     1    14
 -3.3890931765375931E-01 a       335     0    17     1    15
  3.7789383846672875E-01 a       336     0    17     1    16
  1.1888802747335177E-01 a       337     0    17     1    17
  4.8177129906891414E-01 a       338     0    17     1    18
  1.3493737645533718E-01 a       339     0    17     1    19
  7.9639741038963008E-01 a       340     0    17     1    20
  2.6307081597574347E-02 a       341     0    18     1     1
 -2.1547992907771682E-01 a       342     0    18     1     2
  4.1930583320384301E-01 a       343     0    18     1     3
 -4.0392753523523767E-01 a       344     0    18     1     4
 -3.6905750325493536E-02 a       345     0    18     1     5
 -2.6907984831780407E-01 a       346     0    18     1     6
  1.5474276542496454E-01 a       347     0    18     1     7
 -3.6779925583893652E-01 a       348     0    18     1     8
  3.1612124490350635E-01 a       349     0    18     1     9
  2.0630723424764136E-01 a       350     0    18     1    10
 -6.2945363904424442E-02 a       351     0    18     1    11
 -1.9659897039454716E-01 a       352     0    18     1    12
 -2.1428776797529905E-01 a       353     0    18     1    13
  1.0776153630819421E-01 a       354     0    18     1    14
  5.0410380871784555E-01 a       355     0    18     1    15
 -1.9923239807263063E-01 a       356     0    18     1    16
 -4.7761655998152575E-02 a       357     0    18     1    17
  5.0755313691148067E-03 a       358     0    18     1    18
 -2.8690045289196603E-01 a       359     0    18     1    19
  1.0912231399124472E-01 a       360     0    18     1    20
 -3.3800997497884000E-01 a       361     0    19     1     1
 -3.3695966604282995E-01 a       362     0    19     1     2
 -1.2317364033434439E-01 a       363     0    19     1     3
  3.1173937993473982E-01 a       364     0    19     1     4
  1.5386743935133354E-01 a       365     0    19     1     5
  1.2147575578038522E-01 a       366     0    19     1     6
  1.6310260256246767E-02 a       367     0    19     1     7
  2.8259955487942339E-02 a       368     0    19     1     8
 -3.8760138132233007E-01 a       369     0    19     1     9
  4.1221444369952454E-01 a       370     0    19     1    10
 -4.5305474115547312E-01 a       371     0    19     1    11
  3.6205647043921657E-01 a       372     0    19     1    12
  7.7013265351383767E-02 a       373     0    19     1    13
 -2.5378265324205790E-01 a       374     0    19     1    14
 -4.6096976897574748E-01 a       375     0    19     1    15
  1.0163202250771695E-02 a       376     0    19     1    16
  4.6633634692711728E-02 a       377     0    19     1    17
 -3.5807957193563589E-01 a       378     0    19     1    18
  3.8246996442326103E-01 a       379     0    19     1    19
 -2.5725361794238471E-03 a       380     0    19     1    20
  1.6609997386223099E-01 a       381     0    20     1     1
  6.1986025984870963E-01 a       382     0    20     1     2
  4.9416673497003610E-01 a       383     0    20     1     3
  3.5362150348949034E-01 a       384     0    20     1     4
  5.4711513043823556E-01 a       385     0    20     1     5
  9.0942228762290966E-02 a       386     0    20     1     6
  4.0529043765733291E-01 a       387     0    20     1     7
 -1.2360611247921707E-01 a       388     0    20     1     8
  2.5316462403514167E-01 a       389     0    20     1     9
 -4.4382149355939005E-01 a       390     0    20     1    10
  1.7857400225140291E-01 a       391     0    20     1    11
  1.1784407689263506E-02 a       392     0    20     1    12
 -3.8484989632682964E-01 a       393     0    20     1    13
 -8.7760005280313719E-02 a       394     0    20     1    14
 -4.4273830506112133E-01 a       395     0    20     1    15
  2.3101235586760915E-02 a       396     0    20     1    16
 -4.0142822580550885E-01 a       397     0    20     1    17
  3.1174168538490776E-01 a       398     0    20     1    18
  5.6778453242189088E-02 a       399     0    20     1    19
 -8.1506897308588649E-02 a       400     0    20     1    20
 -9.5125797050149438E-02 a       401     0    21     1     1
  6.6280756269517299E-03 a       402     0    21     1     2
  3.9319062657391497E-02 a       403     0    21     1     3
 -6.9168635073682663E-02 a       404     0    21     1     4
 -2.2719835401242658E-01 a       405     0    21     1     5
  1.0860266632884132E-01 a       406     0    21     1     6
 -3.2715165323780848E-01 a       407     0    21     1     7
 -1.9098597745162198E-02 a       408     0    21     1     8
 -1.7095585197831245E-01 a       409     0    21     1     9
 -5.2722179012647219E-01 a       410     0    21     1    10
 -2.4420881667409797E-01 a       411     0    21     1    11
 -2.6655931028585894E-01 a       412     0    21     1    12
  7.3484315158351451E-02 a       413     0    21     1    13
  1.1305670647794931E-01 a       414     0    21     1    14
  1.8068526916051009E-01 a       415     0    21     1    15
  2.8634121402164092E-01 a       416     0    21     1    16
 -5.1360972668226146E-02 a       417     0    21     1    17
 -4.8433972569438832E-01 a       418     0    21     1    18
 -1.9475224595234934E-02 a       419     0    21     1    19
 -1.1827752932337262E-02 a       420     0    21     1    20
  1.0578808130387075E-01 a       421     0    22     1     1
 -1.5190971110476961E-01 a       422     0    22     1     2
 -8.4763601862129972E-02 a       423     0    22     1     3
 -7.2783653444482514E-03 a       424     0    22     1     4
 -2.7019287406549197E-02 a       425     0    22     1     5
 -1.8335300964683157E-01 a       426     0    22     1     6
  2.2003971379673742E-01 a       427     0    22     1     7
  4.7704487886110314E-01 a       428     0    22     1     8
 -2.7274307193275515E-01 a       429     0    22     1     9
 -4.5824230218672751E-01 a       430     0    22     1    10
  5.9608269805809886E-03 a       431     0    22     1    11
  2.0112798750264962E-01 a       432     0    22     1    12
  5.3502667060809361E-01 a       433     0    22     1    13
 -1.7315124919999964E-01 a       434     0    22     1    14
 -2.4070106062455521E-01 a       435     0    22     1    15
  2.2296961661656237E-01 a       436     0    22     1    16
 -5.5486729867818947E-02 a       437     0    22     1    17
 -1.8322532898352545E-01 a       438     0    22     1    18
  3.3418315507641172E-01 a       439     0    22     1    19
 -5.2222609255788310E-02 a       440     0    22     1    20
  1.5112319194477281E-01 a       441     0    23     1     1
  4.1940397575538796E-01 a       442     0    23     1     2
  7.6874068010134147E-02 a       443     0    23     1     3
  1.6373224478601900E-01 a       444     0    23     1     4
  6.9788594060819192E-02 a       445     0    23     1     5
 -7.7517010609376782E-02 a       446     0    23     1     6
 -7.4214332139052569E-02 a       447     0    23     1     7
 -1.9686409360125098E-01 a       448     0    23     1     8
  1.9271820409612406E-01 a       449     0    23     1     9
 -3.4095841429039370E-01 a       450     0    23     1    10
  4.0307434166477962E-01 a       451     0    23     1    11
 -3.4039482200023014E-01 a       452     0    23     1    12
  1.1925807253462217E-01 a       453     0    23     1    13
 -1.1545710211829024E-01 a       454     0    23     1    14
 -3.3257017133937035E-02 a       455     0    23     1    15
  2.5322454822111845E-01 a       456     0    23     1    16
  6.0321953373779535E-01 a       457     0    23     1    17
  6.8577680518358686E-01 a       458     0    23     1    18
  2.5054938373855562E-01 a       459     0    23     1    19
  2.6882662516173933E-01 a       460     0    23     1    20
 -2.0774777761297583E-01 a       461     0    24     1     1
 -9.6777736342600507E-02 a       462     0    24     1     2
  3.5273243236202123E-02 a       463     0    24     1     3
 -1.2404793128077068E-01 a       464     0    24     1     4
  3.4990630125828585E-02 a       465     0    24     1     5
  5.6603785443980044E-02 a       466     0    24     1     6
  2.1305902608109922E-01 a       467     0    24     1     7
  2.9460640469426258E-01 a       468     0    24     1     8
  1.5715330442548348E-01 a       469     0    24     1     9
 -4.4594245190240406E-01 a       470     0    24     1    10
  2.7458136614008505E-01 a       471     0    24     1    11
 -2.9427386811353051E-03 a       472     0    24     1    12
 -2.8404657378774303E-02 a       473     0    24     1    13
  1.0921422810517997E-01 a       474     0    24     1    14
 -3.1364483949293037E-01 a       475     0    24     1    15
 -1.5117652366980450E-02 a       476     0    24     1    16
 -6.0741975200996878E-01 a       477     0    24     1    17
 -6.2618875191170556E-02 a       478     0    24     1    18
  1.3692032508236124E-01 a       479     0    24     1    19
 -1.6095510759418680E-01 a       480     0    24     1    20
  5.0496128183358469E-01 a       481     0    25     1     1
  1.4933758752637330E-01 a       482     0    25     1     2
 -2.2199292735775669E-02 a       483     0    25     1     3
 -3.4437722236225776E-01 a       484     0    25     1     4
  3.7185322069024623E-01 a       485     0    25     1     5
 -1.2370398348522367E-02 a       486     0    25     1     6
 -4.6748539249793792E-04 a       487     0    25     1     7
 -2.3859274933466632E-01 a       488     0    25     1     8
  1.5430332826814228E-01 a       489     0    25     1     9
  2.0652913562320196E-01 a       490     0    25     1    10
  6.8302407351965277E-01 a       491     0    25     1    11
  1.0776366174836995E-01 a       492     0    25     1    12
  4.5581140407487364E-01 a       493     0    25     1    13
 -1.4647989055162070E-02 a       494     0    25     1    14
  6.4213085331193520E-01 a       495     0    25     1    15
  1.6547529248374326E-01 a       496     0    25     1    16
 -4.8035360253818976E-01 a       497     0    25     1    17
  3.1286402950110180E-04 a       498     0    25     1    18
  5.8367620923415235E-02 a       499     0    25     1    19
 -3.2026460012261260E-01 a       500     0    25     1    20
  2.6555647891607570E-01 a       501     0    26     1     1
 -3.6953410276301202E-01 a       502     0    26     1     2
 -2.8702615231580053E-01 a       503     0    26     1     3
 -2.5492804080374348E-01 a       504     0    26     1     4
 -5.0824058707574331E-02 a       505     0    26     1     5
 -1.4385364936743422E-01 a       506     0    26     1     6
 -3.4128577775518126E-01 a       507     0    26     1     7
 -4.7099058763091139E-01 a       508     0    26     1     8
  6.3194658339460794E-02 a       509     0    26     1     9
 -2.3285985960854977E-01 a       510     0    26     1    10
  2.0765219221354012E-01 a       511     0    26     1    11
 -5.6598373976870475E-01 a       512     0    26     1    12
 -1.6439480716437796E-01 a       513     0    26     1    13
 -3.8825645444982494E-02 a       514     0    26     1    14
  4.3954922202595788E-02 a       515     0    26     1    15
  3.4500145527247346E-02 a       516     0    26     1    16
 -1.3761774583013142E-01 a       517     0    26     1    17
 -1.0957696562408281E-01 a       518     0    26     1    18
  3.5237634773420817E-01 a       519     0    26     1    19
 -1.4237505924378469E-01 a       520     0    26     1    20
 -2.8467934929421179E-01 a       521     0    27     1     1
 -1.0720756641485947E-02 a       522     0    27     1     2
 -2.7902768691923280E-01 a       523     0    27     1     3
 -7.4057445177018205E-02 a       524     0    27     1     4
  4.4001744996296344E-01 a       525     0    27     1     5
  7.3979167110008520E-03 a       526     0    27     1     6
 -6.5489380963989585E-01 a       527     0    27     1     7
 -1.2284481590149823E-02 a       528     0    27     1     8
  4.7652450072640580E-02 a       529     0    27     1     9
  3.5587801158265492E-01 a       530     0    27     1    10
 -3.9334543626954038E-01 a       531     0    27     1    11
  3.0354436349425681E-02 a       532     0    27     1    12
  4.9647534885083000E-01 a       533     0    27     1    13
 -7.4228443374593889E-01 a       534     0    27     1    14
 -3.5921182342768798E-01 a       535     0    27     1    15
 -1.2546613172070129E-02 a       536     0    27     1    16
  1.0856378787697628E-01 a       537     0    27     1    17
  1.6525571005520573E-01 a       538     0    27     1    18
 -3.6622398552466844E-02 a       539     0    27     1    19
 -2.2580350591737813E-01 a       540     0    27     1    20
 -9.0951387190150182E-02 a       541     0    28     1     1
 -3.7976846209235710E-01 a       542     0    28     1     2
 -1.7001820667380899E-01 a       543     0    28     1     3
  1.2596531457455457E-01 a       544     0    28     1     4
  1.2870705238970784E-01 a       545     0    28     1     5
  3.4324546676550982E-01 a       546     0    28     1     6
 -1.4249718553123106E-01 a       547     0    28     1     7
 -2.4391808498185991E-01 a       548     0    28     1     8
 -1.6316116765282465E-01 a       549     0    28     1     9
  1.6261734233966346E-01 a       550     0    28     1    10
 -2.8314262296101333E-01 a       551     0    28     1    11
  1.7282503944044192E-01 a       552     0    28     1    12
  1.8476305558541465E-02 a       553     0    28     1    13
  2.3966043994703125E-02 a       554     0    28     1    14
  3.0494408314130156E-01 a       555     0    28     1    15
 -7.7459925000264968E-02 a       556     0    28     1    16
 -9.5826116401219102E-02 a       557     0    28     1    17
 -3.7722236227836187E-01 a       558     0    28     1    18
  8.5650450782537468E-02 a       559     0    28     1    19
  1.9256981491509371E-02 a       560     0    28     1    20
 -5.3743453796122898E-01 a       561     0    29     1     1
 -3.9008396785162582E-02 a       562     0    29     1     2
  2.3369740247081000E-01 a       563     0    29     1     3
  1.8099809080369689E-01 a       564     0    29     1     4
  4.5073466990816664E-02 a       565     0    29     1     5
  9.3943716166801847E-02 a       566     0    29     1     6
  2.8524857317615210E-01 a       567     0    29     1     7
  2.6825247804491292E-01 a       568     0    29     1     8
 -4.6141649439354387E-01 a       569     0    29     1     9
 -7.1178443225488802E-02 a       570     0    29     1    10
 -8.3814483506352580E-02 a       571     0    29     1    11
 -6.9030635812554517E-02 a       572     0    29     1    12
 -6.4195591119242182E-02 a       573     0    29     1    13
  3.0016938616727512E-01 a       574     0    29     1    14
  7.9810383925695751E-03 a       575     0    29     1    15
 -7.2804992045265721E-02 a       576     0    29     1    16
  7.8414744391043761E-02 a       577     0    29     1    17
 -8.9310032003440468E-02 a       578     0    29     1    18
 -1.0149266459640666E-01 a       579     0    29     1    19
 -4.2594192475929316E-01 a       580     0    29     1    20
  3.6368118911889047E-01 a       581     0    30     1     1
  6.2192601272971837E-01 a       582     0    30     1     2
 -1.7483483529613844E-01 a       583     0    30     1     3
  1.0385964466197987E-01 a       584     0    30     1     4
 -4.4481603133517272E-01 a       585     0    30     1     5
 -3.8463626011432300E-01 a       586     0    30     1     6
  1.0758981811104318E-01 a       587     0    30     1     7
 -8.6759155964436549E-02 a       588     0    30     1     8
  1.9312034651270876E-01 a       589     0    30     1     9
  2.5730990667655462E-01 a       590     0    30     1    10
  1.2469063966603160E-01 a       591     0    30     1    11
  1.8111188258455685E-01 a       592     0    30     1    12
 -2.6182789577931487E-01 a       593     0    30     1    13
 -5.2378243035411852E-02 a       594     0    30     1    14
 -1.1840118127442593E-01 a       595     0    30     1    15
 -3.6169460997706911E-02 a       596     0    30     1    16
  2.6620333633388454E-01 a       597     0    30     1    17
 -3.0240176620758088E-02 a       598     0    30     1    18
 -4.1404016464454013E-01 a       599     0    30     1    19
  2.8538713204134925E-01 a       600     0    30     1    20
  1.4055471967296332E-01 a       601     0    31     1     1
  3.5979169976115516E-01 a       602     0    31     1     2
 -6.3772760128801148E-03 a       603     0    31     1     3
 -1.6802610172228538E-01 a       604     0    31     1     4
 -7.6555241421086317E-01 a       605     0    31     1     5
  4.1462525315508938E-02 a       606     0    31     1     6
 -6.0062025329881830E-01 a       607     0    31     1     7
  2.5140031584839428E-01 a       608     0    31     1     8
  4.2236864929437457E-01 a       609     0    31     1     9
  3.2757523058098842E-02 a       610     0    31     1    10
  2.6475363147675834E-01 a       611     0    31     1    11
 -5.3232889099769209E-01 a       612     0    31     1    12
  7.5182608668133533E-02 a       613     0    31     1    13
  3.4966271847667429E-02 a       614     0    31     1    14
 -2.1607761554241448E-02 a       615     0    31     1    15
  2.4051838340232173E-01 a       616     0    31     1    16
  2.1269011155987347E-01 a       617     0    31     1    17
  2.7464951662945475E-01 a       618     0    31     1    18
 -6.6541571719908765E-02 a       619     0    31     1    19
  3.1538768403252765E-01 a       620     0    31     1    20
  1.3349270566654975E-01 a       621     0    32     1     1
  4.8065168177703725E-03 a       622     0    32     1     2
  8.4808231000471801E-02 a       623     0    32     1     3
  2.0006505678066971E-02 a       624     0    32     1     4
  9.5043641792593614E-02 a       625     0    32     1     5
  4.1007042176575512E-02 a       626     0    32     1     6
 -2.9498865299307203E-01 a       627     0    32     1     7
 -3.1814122106927878E-01 a       628     0    32     1     8
  2.0470211222492252E-01 a       629     0    32     1     9
  1.2534204467989207E-01 a       630     0    32     1    10
  1.1685060565710313E-01 a       631     0    32     1    11
 -5.2270455635185786E-01 a       632     0    32     1    12
  5.3612442711035424E-01 a       633     0    32     1    13
  8.2713194052449146E-02 a       634     0    32     1    14
  7.6424935171768751E-02 a       635     0    32     1    15
  2.3614624935614455E-02 a       636     0    32     1    16
  4.6231470303968203E-01 a       637     0    32     1    17
  3.7761163792843577E-01 a       638     0    32     1    18
  1.5137132083581631E-01 a       639     0    32     1    19
  5.8674489253149394E-02 a       640     0    32     1    20
  2.5694863287357611E-01 a       641     0    33     1     1
 -2.9560114983207608E-01 a       642     0    33     1     2
 -1.6143020739287611E-01 a       643     0    33     1     3
 -1.2905485101539199E-01 a       644     0    33     1     4
  2.3998610285975738E-01 a       645     0    33     1     5
  3.6347803872591045E-01 a       646     0    33     1     6
  1.3345381176662719E-02 a       647     0    33     1     7
  3.4020214815336913E-01 a       648     0    33     1     8
 -2.0268713827576271E-01 a       649     0    33     1     9
  7.6852979523919965E-02 a       650     0    33     1    10
 -8.1969281510368350E-02 a       651     0    33     1    11
 -2.5440000513958627E-01 a       652     0    33     1    12
  1.0734378581985056E-01 a       653     0    33     1    13
 -6.3426154376336297E-01 a       654     0    33     1    14
  1.2198591233409968E-01 a       655     0    33     1    15
 -1.2065922930589415E-01 a       656     0    33     1    16
  9.2427089091073278E-02 a       657     0    33     1    17
 -1.0767861276856977E-01 a       658     0    33     1    18
 -1.9646532473083362E-02 a       659     0    33     1    19
 -1.0367350024693990E-01 a       660     0    33     1    20
 -3.4403525146879649E-01 a       661     0    34     1     1
 -3.5489090504169546E-01 a       662     0    34     1     2
  7.3658103692262486E-02 a       663     0    34     1     3
  4.9304675786652125E-01 a       664     0    34     1     4
  4.5618226006698087E-01 a       665     0    34     1     5
  2.9129747297007097E-02 a       666     0    34     1     6
  1.4112929508103284E-01 a       667     0    34     1     7
 -9.5703251913100973E-02 a       668     0    34     1     8
  1.2454669909860751E-01 a       669     0    34     1     9
  1.3705793097007432E-01 a       670     0    34     1    10
 -2.1858616496069874E-02 a       671     0    34     1    11
 -4.4869065828192034E-01 a       672     0    34     1    12
  2.6727486696317448E-01 a       673     0    34     1    13
  1.5671469453633416E-01 a       674     0    34     1    14
 -2.5304432874077371E-01 a       675     0    34     1    15
 -4.1611300762711378E-01 a       676     0    34     1    16
 -1.3686047548439162E-01 a       677     0    34     1    17
 -9.5304319403604593E-02 a       678     0    34     1    18
 -3.8280210372600529E-02 a       679     0    34     1    19
  1.0965655521757194E-01 a       680     0    34     1    20
 -9.6747310729773467E-02 a       681     0    35     1     1
  5.1411868247548309E-01 a       682     0    35     1     2
  4.1341849240741753E-02 a       683     0    35     1     3
 -8.4083157160978986E-02 a       684     0    35     1     4
 -1.6699232947124820E-01 a       685     0    35     1     5
 -3.9619635901480260E-01 a       686     0    35     1     6
 -3.1737734998531275E-01 a       687     0    35     1     7
  5.8850452976713423E-02 a       688     0    35     1     8
 -2.0113656592838930E-01 a       689     0    35     1     9
  6.4203505088750029E-02 a       690     0    35     1    10
  1.1817276880940628E-01 a       691     0    35     1    11
  7.5049212506628923E-02 a       692     0    35     1    12
 -9.1974173263905806E-02 a       693     0    35     1    13
 -2.3282443897982369E-01 a       694     0    35     1    14
 -7.8819682977638833E-02 a       695     0    35     1    15
  2.2939768799208957E-01 a       696     0    35     1    16
  4.6322426358194890E-02 a       697     0    35     1    17
  4.3948289591525976E-02 a       698     0    35     1    18
 -2.1041858611402561E-01 a       699     0    35     1    19
 -5.4733108336848683E-02 a       700     0    35     1    20
  5.0388543703299238E-01 a       701     0    36     1     1
 -2.7908831397931488E-01 a       702     0    36     1     2
 -3.0712346204816943E-01 a       703     0    36     1     3
  2.3516971107505547E-01 a       704     0    36     1     4
  1.3870000746481764E-01 a       705     0    36     1     5
 -3.1628414558992773E-01 a       706     0    36     1     6
  1.3139444494861890E-01 a       707     0    36     1     7
 -1.2066657904385445E-02 a       708     0    36     1     8
  1.8434036020191091E-01 a       709     0    36     1     9
 -2.4262299429754303E-01 a       710     0    36     1    10
 -4.5018434983718320E-01 a       711     0    36     1    11
  3.8010873571501519E-01 a       712     0    36     1    12
 -1.8666156769009529E-01 a       713     0    36     1    13
  4.2292121312129566E-01 a       714     0    36     1    14
 -3.5920098201738426E-01 a       715     0    36     1    15
 -1.1267466216002298E-01 a       716     0    36     1    16
  2.5708623122961510E-01 a       717     0    36     1    17
  2.3590382757343542E-01 a       718     0    36     1    18
  3.8427063537823457E-02 a       719     0    36     1    19
  1.4001120839865050E-01 a       720     0    36     1    20
 -1.4258272048235135E-01 a       721     0    37     1     1
  1.3937337771695366E-01 a       722     0    37     1     2
 -2.2239630658081150E-01 a       723     0    37     1     3
  2.8371240533277903E-01 a       724     0    37     1     4
  5.6022342721600316E-01 a       725     0    37     1     5
  1.3234743924186104E-01 a       726     0    37     1     6
  2.7069965534449159E-01 a       727     0    37     1     7
  1.8612042248822894E-01 a       728     0    37     1     8
 -8.8943347754329619E-02 a       729     0    37     1     9
  3.7933306079287438E-01 a       730     0    37     1    10
 -3.0180816277300992E-01 a       731     0    37     1    11
 -3.1408307857203377E-01 a       732     0    37     1    12
  1.0049786485046784E-01 a       733     0    37     1    13
  3.6758427849594300E-01 a       734     0    37     1    14
  1.7863525596054855E-01 a       735     0    37     1    15
 -1.6322723522285440E-01 a       736     0    37     1    16
  2.2764011052937169E-02 a       737     0    37     1    17
  7.3837186431842446E-03 a       738     0    37     1    18
 -1.4472218139911963E-01 a       739     0    37     1    19
  3.2468620021344030E-01 a       740     0    37     1    20
 -3.2553459351921721E-01 a       741     0    38     1     1
 -9.9341605718910514E-02 a       742     0    38     1     2
  1.4023585659043725E-01 a       743     0    38     1     3
  2.9788858463083975E-02 a       744     0    38     1     4
 -5.8331191974953533E-01 a       745     0    38     1     5
 -2.4871532623810677E-01 a       746     0    38     1     6
  6.5887817671034854E-01 a       747     0    38     1     7
  6.2445059051557938E-01 a       748     0    38     1     8
  2.7927805360926661E-01 a       749     0    38     1     9
 -5.2479050766773228E-01 a       750     0    38     1    10
  6.3893618145839340E-02 a       751     0    38     1    11
  5.7190054841632931E-01 a       752     0    38     1    12
 -3.2536038476421403E-01 a       753     0    38     1    13
  4.2228677229761719E-01 a       754     0    38     1    14
  1.8097772696885926E-02 a       755     0    38     1    15
 -4.0544496611870942E-02 a       756     0    38     1    16
  1.3691491890178731E-01 a       757     0    38     1    17
  5.3463707242007374E-01 a       758     0    38     1    18
  1.9088629670142138E-01 a       759     0    38     1    19
 -1.9260779942958584E-01 a       760     0    38     1    20
 -2.4724442117480505E-01 a       761     0    39     1     1
  6.1690591826606656E-01 a       762     0    39     1     2
  2.2443162697425889E-01 a       763     0    39     1     3
  1.1509115843331919E-01 a       764     0    39     1     4
  1.2588913886234615E-02 a       765     0    39     1     5
 -1.8478748930191974E-01 a       766     0    39     1     6
  4.2142322028911744E-01 a       767     0    39     1     7
 -6.2894851687506206E-02 a       768     0    39     1     8
 -9.6996173429806758E-03 a       769     0    39     1     9
  2.8110979459752788E-01 a       770     0    39     1    10
 -3.0201959153526725E-01 a       771     0    39     1    11
  1.6630845190309404E-01 a       772     0    39     1    12
 -3.4935143244193567E-01 a       773     0    39     1    13
 -5.1969411517321110E-02 a       774     0    39     1    14
  2.3970666303862748E-01 a       775     0    39     1    15
  3.3541858109316591E-01 a       776     0    39     1    16
 -2.5135887205126795E-01 a       777     0    39     1    17
  1.5660867489500442E-02 a       778     0    39     1    18
 -4.4579449289311662E-01 a       779     0    39     1    19
  2.3189414266504005E-01 a       780     0    39     1    20
  5.3655140571571714E-03 a       781     0    40     1     1
 -1.7842665233813010E-01 a       782     0    40     1     2
 -1.3620489270057641E-03 a       783     0    40     1     3
 -1.1691723393391762E-01 a       784     0    40     1     4
 -3.8304909500561685E-01 a       785     0    40     1     5
 -3.7109575741595641E-01 a       786     0    40     1     6
 -4.0981470468503332E-02 a       787     0    40     1     7
 -4.7756697557563027E-01 a       788     0    40     1     8
 -1.2908182102889254E-01 a       789     0    40     1     9
 -2.9792257807777650E-01 a       790     0    40     1    10
  4.1768556571454407E-01 a       791     0    40     1    11
  1.4498200892884766E-01 a       792     0    40     1    12
 -4.8489605130360897E-01 a       793     0    40     1    13
 -1.6066908213349626E-01 a       794     0    40     1    14
 -1.8868162103913591E-01 a       795     0    40     1    15
 -1.9390321600179647E-01 a       796     0    40     1    16
  9.6477498622996621E-02 a       797     0    40     1    17
 -6.4081179261177845E-01 a       798     0    40     1    18
  2.9555531011804087E-01 a       799     0    40     1    19
 -4.8528238463794293E-01 a       800     0    40     1    20
  7.5071000432608531E-02 a       801     0    41     1     1
 -3.7716408081084722E-02 a       802     0    41     1     2
  6.4333131427874432E-02 a       803     0    41     1     3
  2.7446135543282063E-01 a       804     0    41     1     4
  2.1951043730756767E-01 a       805     0    41     1     5
  2.4918845368333128E-01 a       806     0    41     1     6
 -9.3490532772025153E-02 a       807     0    41     1     7
 -5.7917887836847474E-02 a       808     0    41     1     8
  2.2053167342178853E-02 a       809     0    41     1     9
 -7.4148021319237617E-02 a       810     0    41     1    10
 -6.4235494821407613E-02 a       811     0    41     1    11
  1.5342114826843831E-01 a       812     0    41     1    12
  1.0740642457584804E-01 a       813     0    41     1    13
  2.0452662958632534E-01 a       814     0    41     1    14
  1.2829750902550697E-02 a       815     0    41     1    15
  7.6994409192975089E-03 a       816     0    41     1    16
 -1.3643012029679541E-01 a       817     0    41     1    17
 -1.5691032809742264E-01 a       818     0    41     1    18
  3.1894623221677652E-02 a       819     0    41     1    19
  2.8924008743766055E-01 a       820     0    41     1    20
 -2.4965159365325589E-03 a       821     0    42     1     1
  9.4830716640976601E-02 a       822     0    42     1     2
 -2.5440414454525939E-01 a       823     0    42     1     3
 -6.1588728314380004E-01 a       824     0    42     1     4
  1.5486496412543438E-01 a       825     0    42     1     5
 -1.5169905698562453E-01 a       826     0    42     1     6
 -1.1150199290805149E-01 a       827     0    42     1     7
 -3.9777883961727625E-03 a       828     0    42     1     8
 -1.3512520712463227E-01 a       829     0    42     1     9
 -2.2171795187515719E-01 a       830     0    42     1    10
 -4.3167282216557664E-03 a       831     0    42     1    11
 -3.3675849478218561E-01 a       832     0    42     1    12
  3.8870016805719243E-01 a       833     0    42     1    13
  9.6670384776763457E-02 a       834     0    42     1    14
  1.3061143397135128E-01 a       835     0    42     1    15
 -3.6457794604721899E-02 a       836     0    42     1    16
 -1.2108189401320053E-01 a       837     0    42     1    17
 -1.9967217151513769E-02 a       838     0    42     1    18
 -3.3778885756919180E-01 a       839     0    42     1    19
  3.4709760543663776E-01 a       840     0    42     1    20
 -7.9718608592410006E-02 a       841     0    43     1     1
  1.5984594065366872E-01 a       842     0    43     1     2
 -1.2049642776293581E-01 a       843     0    43     1     3
 -5.9708094208922792E-02 a       844     0    43     1     4
  2.3587936858683725E-01 a       845     0    43     1     5
 -1.1294178502900466E-01 a       846     0    43     1     6
 -1.1688935538852951E-01 a       847     0    43     1     7
  1.1535112138339760E-03 a       848     0    43     1     8
 -6.8315229120104570E-02 a       849     0    43     1     9
  2.4252813069950922E-02 a       850     0    43     1    10
 -7.4636100452328876E-03 a       851     0    43     1    11
  2.2301723682756885E-01 a       852     0    43     1    12
 -8.9925506204873815E-02 a       853     0    43     1    13
  6.9725790376351668E-02 a       854     0    43     1    14
  1.0584245968382651E-01 a       855     0    43     1    15
 -1.1850263535575815E-01 a       856     0    43     1    16
 -2.0772072333584279E-01 a       857     0    43     1    17
 -1.6075577094981258E-01 a       858     0    43     1    18
  1.7834320633990974E-01 a       859     0    43     1    19
  1.5982333735395551E-01 a       860     0    43     1    20
  2.1726186329435176E-01 a       861     0    44     1     1
 -4.6943327613274227E-01 a       862     0    44     1     2
  2.3073213982710963E-01 a       863     0    44     1     3
  2.4169875790904063E-01 a       864     0    44     1     4
 -5.8335108810787595E-01 a       865     0    44     1     5
  1.5286502874855148E-01 a       866     0    44     1     6
  4.2524496298487074E-01 a       867     0    44     1     7
 -2.3224661403398411E-01 a       868     0    44     1     8
  1.9347278249981614E-01 a       869     0    44     1     9
  3.2087368102207586E-01 a       870     0    44     1    10
 -5.4360434835771410E-01 a       871     0    44     1    11
  3.5790712536808972E-01 a       872     0    44     1    12
 -5.3944468422087588E-01 a       873     0    44     1    13
  1.1944751289557609E-01 a       874     0    44     1    14
 -3.7198191946616061E-04 a       875     0    44     1    15
 -2.7297404947041698E-01 a       876     0    44     1    16
  4.3551439222483601E-01 a       877     0    44     1    17
  4.8132680479699336E-01 a       878     0    44     1    18
  3.8606945191954167E-01 a       879     0    44     1    19
 -4.6886424349304384E-01 a       880     0    44     1    20
 -7.7224747780983538E-02 a       881     0    45     1     1
  3.1787466093419231E-01 a       882     0    45     1     2
  3.5527190005252807E-01 a       883     0    45     1     3
 -8.1108948468347697E-01 a       884     0    45     1     4
  4.7588076153544107E-01 a       885     0    45     1     5
  3.6424445808538007E-02 a       886     0    45     1     6
 -7.5784507012406288E-01 a       887     0    45     1     7
 -1.7751588413024580E-01 a       888     0    45     1     8
  1.7284711509880962E-01 a       889     0    45     1     9
  4.9808908163476123E-01 a       890     0    45     1    10
  1.8635904854701477E-01 a       891     0    45     1    11
  9.9109547092061698E-02 a       892     0    45     1    12
  4.3116839909247451E-01 a       893     0    45     1    13
 -2.2537739549390559E-01 a       894     0    45     1    14
 -1.1290372076480586E-01 a       895     0    45     1    15
  2.3008983372662234E-01 a       896     0    45     1    16
 -4.8770229863491132E-01 a       897     0    45     1    17
 -3.3959666759867285E-01 a       898     0    45     1    18
  2.1528220201606201E-02 a       899     0    45     1    19
  2.4958532253435703E-01 a       900     0    45     1    20
  3.0970705494432330E-02 a       901     0    46     1     1
 -3.0343124162206714E-01 a       902     0    46     1     2
  1.1134983088222249E-01 a       903     0    46     1     3
 -4.6771334713700784E-02 a       904     0    46     1     4
 -4.9735714052493557E-01 a       905     0    46     1     5
 -1.1791322133160027E-01 a       906     0    46     1     6
  3.3128761071300861E-01 a       907     0    46     1     7
  1.7110953318799715E-01 a       908     0    46     1     8
 -3.0152471866139324E-01 a       909     0    46     1     9
 -7.1123505960294020E-01 a       910     0    46     1    10
 -3.4749208547964577E-01 a       911     0    46     1    11
 -2.7739210011863641E-01 a       912     0    46     1    12
 -5.4259489040000553E-01 a       913     0    46     1    13
 -1.8749183987424425E-01 a       914     0    46     1    14
  1.1023386525031027E-01 a       915     0    46     1    15
  1.4449896439434482E-02 a       916     0    46     1    16
 -1.6301256126248256E-01 a       917     0    46     1    17
 -1.9629291912194053E-02 a       918     0    46     1    18
  1.1818755390489101E-01 a       919     0    46     1    19
 -2.5657093086021415E-01 a       920     0    46     1    20
 -7.8592487072618467E-01 a       921     0    47     1     1
 -4.1335942191101549E-01 a       922     0    47     1     2
  3.7850919630274080E-02 a       923     0    47     1     3
  5.4120974861514903E-01 a       924     0    47     1     4
 -4.0360268758872286E-01 a       925     0    47     1     5
 -2.2522732342814447E-02 a       926     0    47     1     6
 -3.2699635839612599E-02 a       927     0    47     1     7
 -2.3697753585592500E-02 a       928     0    47     1     8
  9.8322518949875953E-02 a       929     0    47     1     9
 -1.4585005822718289E-01 a       930     0    47     1    10
  1.8045764379840040E-01 a       931     0    47     1    11
  1.4649824265794467E-01 a       932     0    47     1    12
  2.3132319733004794E-01 a       933     0    47     1    13
 -4.5377087218417808E-02 a       934     0    47     1    14
  8.7068050642691061E-02 a       935     0    47     1    15
 -3.5983491201689410E-01 a       936     0    47     1    16
  2.4931492820435522E-01 a       937     0    47     1    17
 -6.7943594331449489E-02 a       938     0    47     1    18
 -5.7351672016985167E-01 a       939     0    47     1    19
 -2.6080751774514405E-01 a       940     0    47     1    20
  4.9082905061521721E-02 a       941     0    48     1     1
  3.3315394093780475E-02 a       942     0    48     1     2
 -5.2711779262665050E-02 a       943     0    48     1     3
 -5.8143731921708020E-01 a       944     0    48     1     4
  4.8587455073812524E-01 a       945     0    48     1     5
 -2.0525287349029608E-01 a       946     0    48     1     6
  6.3343770818837325E-02 a       947     0    48     1     7
 -5.0373948089912961E-02 a       948     0    48     1     8
  7.3678325125619004E-02 a       949     0    48     1     9
  1.1256339301937753E-01 a       950     0    48     1    10
  3.4592246679765126E-02 a       951     0    48     1    11
  6.0889927645552799E-01 a       952     0    48     1    12
  2.7961258556406315E-01 a       953     0    48     1    13
  3.4921415270146239E-01 a       954     0    48     1    14
 -1.6970220947456621E-01 a       955     0    48     1    15
 -4.0879827723891433E-02 a       956     0    48     1    16
 -3.6330771354757441E-01 a       957     0    48     1    17
  9.3913576192421536E-02 a       958     0    48     1    18
  1.4107306682502432E-01 a       959     0    48     1    19
  4.8033512392485295E-02 a       960     0    48     1    20
 -2.6965216489263855E-01 a       961     0    49     1     1
  2.1745591496972139E-01 a       962     0    49     1     2
 -1.6758163964242362E-01 a       963     0    49     1     3
 -3.3159412211464850E-01 a       964     0    49     1     4
  6.9759309553504700E-01 a       965     0    49     1     5
  1.1149946681157417E-01 a       966     0    49     1     6
  2.2738424508150770E-01 a       967     0    49     1     7
 -7.4020735973756191E-01 a       968     0    49     1     8
 -7.4617496760313851E-01 a       969     0    49     1     9
  7.8870937092927595E-01 a       970     0    49     1    10
  2.6181489773618333E-01 a       971     0    49     1    11
 -3.9945536632506967E-01 a       972     0    49     1    12
 -4.7610351294653253E-01 a       973     0    49     1    13
 -1.5178162093327346E-01 a       974     0    49     1    14
 -6.5392848316140006E-02 a       975     0    49     1    15
  4.7008770271005901E-01 a       976     0    49     1    16
  5.1362123932354375E-01 a       977     0    49     1    17
  2.2820265785667612E-01 a       978     0    49     1    18
 -7.6897557738632619E-02 a       979     0    49     1    19
  5.2849962243217063E-01 a       980     0    49     1    20
  9.7565143751869166E-01 a       981     0    50     1     1
 -5.2776536898324333E-01 a       982     0    50     1     2
 -9.0692461349133557E-02 a       983     0    50     1     3
  2.3414946834165198E-01 a       984     0    50     1     4
 -1.0001950424389980E+00 a       985     0    50     1     5
  1.0617292943165568E+00 a       986     0    50     1     6
  2.4582453491235040E-01 a       987     0    50     1     7
  5.8203866704895690E-01 a       988     0    50     1     8
  5.9144664476366918E-02 a       989     0    50     1     9
  9.1257063042076841E-03 a       990     0    50     1    10
  4.5319086509394348E-02 a       991     0    50     1    11
  7.3721476179451365E-02 a       992     0    50     1    12
  4.9445249128161312E-02 a       993     0    50     1    13
 -2.8330823930892389E-02 a       994     0    50     1    14
  2.9004648922173754E-01 a       995     0    50     1    15
 -9.5888025796230694E-02 a       996     0    50     1    16
 -9.0158903688509942E-02 a       997     0    50     1    17
  2.6605138887024010E-01 a       998     0    50     1    18
 -1.2201390197120339E-01 a       999     0    50     1    19
 -8.3576317467081096E-01 a      1000     0    50     1    20
  1.2973536803258551E-01 a      1001     0    51     1     1
 -4.4303439399315265E-03 a      1002     0    51     1     2
 -1.2237840044225146E-01 a      1003     0    51     1     3
 -5.5747225949351020E-01 a      1004     0    51     1     4
  2.3673849572340623E-02 a      1005     0    51     1     5
 -3.0642477931844292E-01 a      1006     0    51     1     6
  5.3831158262160450E-01 a      1007     0    51     1     7
  2.1149772264526118E-01 a      1008     0    51     1     8
 -2.1253372409913296E-01 a      1009     0    51     1     9
 -7.1241119950869333E-02 a      1010     0    51     1    10
 -1.1130574146412649E-01 a      1011     0    51     1    11
  2.8686614686075895E-01 a      1012     0    51     1    12
 -3.5192420995821927E-01 a      1013     0    51     1    13
  8.2260138299070404E-02 a      1014     0    51     1    14
 -5.4874420738081624E-02 a      1015     0    51     1    15
  2.5145125367596838E-01 a      1016     0    51     1    16
  9.6362965899628575E-02 a      1017     0    51     1    17
  2.1098316532809320E-02 a      1018     0    51     1    18
 -1.7529194015513450E-01 a      1019     0    51     1    19
 -1.6793799059807410E-01 a      1020     0    51     1    20
  1.4514585169242709E+00 b      1021     1     1
  1.1821050576801155E+00 b      1022     1     2
 -9.8675099283580411E-02 b      1023     1     3
  1.2116462163682669E+00 b      1024     1     4
  1.3290622363417097E+00 b      1025     1     5
 -1.0059086197856493E+00 b      1026     1     6
  1.2977982179123808E+00 b      1027     1     7
  4.3116618812101859E-01 b      1028     1     8
  1.1475111952100304E-01 b      1029     1     9
  1.1127931879288804E+00 b      1030     1    10
  5.9812834145079652E-02 b      1031     1    11
 -1.1178721169762660E+00 b      1032     1    12
 -6.5366657307755072E-01 b      1033     1    13
 -8.9047276055325664E-01 b      1034     1    14
 -8.9247897630542292E-02 b      1035     1    15
  9.9775121883673934E-01 b      1036     1    16
 -1.6009431139045374E+00 b      1037     1    17
  1.5471508172718123E+00 b      1038     1    18
 -1.5023963713358173E+00 b      1039     1    19
 -1.4410933403124344E+00 b      1040     1    20
  1.8830295385303591E-02 a      1041     1     1     2     1
 -6.4331001872602001E-01 a      1042     1     1     2     2
 -4.5419728405359844E-01 a      1043     1     1     2     3
 -2.7112952766977694E-01 a      1044     1     1     2     4
  4.1465770469811353E-01 a      1045     1     1     2     5
  7.7509603728937015E-01 a      1046     1     1     2     6
  5.4041435214187561E-01 a      1047     1     1     2     7
 -1.4104643696256361E-01 a      1048     1     1     2     8
 -7.1138427977298768E-01 a      1049     1     1     2     9
 -6.3383794701025487E-01 a      1050     1     1     2    10
  2.6208677163969496E-01 a      1051     1     1     2    11
 -2.6815301852068402E-01 a      1052     1     1     2    12
 -1.5876504191616242E-01 a      1053     1     1     2    13
  6.7633335122049199E-01 a      1054     1     1     2    14
 -2.8218274975019091E-02 a      1055     1     1     2    15
  1.5542794155086392E-01 a      1056     1     1     2    16
 -6.9207314903965289E-01 a      1057     1     1     2    17
  7.2384619422825813E-01 a      1058     1     1     2    18
  2.3675371031674140E-02 a      1059     1     1     2    19
  1.0525645830377087E-01 a      1060     1     1     2    20
  9.3085369028557824E-03 a      1061     1     2     2     1
  5.5501311031863876E-01 a      1062     1     2     2     2
  4.6929239400392697E-01 a      1063     1     2     2     3
 -1.1466282444396284E-01 a      1064     1     2     2     4
  1.5817122960523183E-01 a      1065     1     2     2     5
 -4.7711908865576841E-01 a      1066     1     2     2     6
  2.6074166894078647E-02 a      1067     1     2     2     7
  1.1309548435565418E-01 a      1068     1     2     2     8
 -2.9176150830858222E-01 a      1069     1     2     2     9
 -6.2430320006930239E-02 a      1070     1     2     2    10
 -1.1780980141739801E-01 a      1071     1     2     2    11
  6.9949110618107058E-01 a      1072     1     2     2    12
  1.2911828174705364E-01 a      1073     1     2     2    13
 -4.6172450858768400E-02 a      1074     1     2     2    14
 -5.8689732518944722E-02 a      1075     1     2     2    15
 -5.5243287691774744E-02 a      1076     1     2     2    16
 -5.9033137298822946E-01 a      1077     1     2     2    17
  7.4382591135600551E-01 a      1078     1     2     2    18
  3.2451892659452780E-02 a      1079     1     2     2    19
  3.3143514031225602E-01 a      1080     1     2     2    20
 -4.7534119890186360E-01 a      1081     1     3     2     1
  2.3653715874280948E-01 a      1082     1     3     2     2
  4.0264353391335889E-01 a      1083     1     3     2     3
  5.2525314594724326E-01 a      1084     1     3     2     4
 -2.7841532288210957E-01 a      1085     1     3     2     5
 -1.4719653277133923E-01 a      1086     1     3     2     6
  4.8532147240144369E-01 a      1087     1     3     2     7
 -4.6569156962228131E-01 a      1088     1     3     2     8
 -9.6746810286320906E-01 a      1089     1     3     2     9
  5.3720463018843789E-01 a      1090     1     3     2    10
  4.2456908075692257E-01 a      1091     1     3     2    11
 -3.1046287289819674E-01 a      1092     1     3     2    12
  2.4374998837991335E-01 a      1093     1     3     2    13
  8.7136501783175432E-02 a      1094     1     3     2    14
  5.5643658086451864E-01 a      1095     1     3     2    15
  5.6560067097727373E-01 a      1096     1     3     2    16
  1.0444397105826014E-02 a      1097     1     3     2    17
  3.9576876198276462E-02 a      1098     1     3     2    18
 -4.2392028025263534E-01 a      1099     1     3     2    19
 -1.8024389313314118E-01 a      1100     1     3     2    20
  3.0735880569525192E-01 a      1101     1     4     2     1
  1.0296639101050178E-02 a      1102     1     4     2     2
  7.0560608480042405E-02 a      1103     1     4     2     3
 -1.4921046726327537E-02 a      1104     1     4     2     4
  5.6993299601914627E-01 a      1105     1     4     2     5
  5.7105782929489035E-01 a      1106     1     4     2     6
 -5.6017553154596660E-02 a      1107     1     4     2     7
 -5.2747054115466696E-01 a      1108     1     4     2     8
  9.6846601695592019E-02 a      1109     1     4     2     9
 -2.9163359861040034E-02 a      1110     1     4     2    10
 -4.8348121672009314E-01 a      1111     1     4     2    11
  1.3901440823729649E-01 a      1112     1     4     2    12
 -2.4751725495662952E-01 a      1113     1     4     2    13
 -3.4298021754247998E-01 a      1114     1     4     2    14
 -2.2100059857722512E-01 a      1115     1     4     2    15
 -2.7268102910220171E-01 a      1116     1     4     2    16
 -5.6834340377002168E-01 a      1117     1     4     2    17
  2.5418015251139386E-01 a      1118     1     4     2    18
 -4.6599023889778274E-01 a      1119     1     4     2    19
  4.3675649913046138E-01 a      1120     1     4     2    20
  5.4883160701328582E-01 a      1121     1     5     2     1
 -4.3080451033684886E-01 a      1122     1     5     2     2
  3.7047454357020293E-01 a      1123     1     5     2     3
  1.9735994159336104E-01 a      1124     1     5     2     4
  4.6574817205520475E-01 a      1125     1     5     2     5
  7.4495625097934048E-01 a      1126     1     5     2     6
  2.2332959024117091E-01 a      1127     1     5     2     7
  8.7650521416563057E-02 a      1128     1     5     2     8
  7.3710014118161055E-02 a      1129     1     5     2     9
  2.9150013677087144E-01 a      1130     1     5     2    10
  4.4306899575512715E-01 a      1131     1     5     2    11
 -3.1301098583846401E-03 a      1132     1     5     2    12
  7.7483454822277087E-02 a      1133     1     5     2    13
 -5.3817602169867684E-01 a      1134     1     5     2    14
 -9.8997826823323698E-01 a      1135     1     5     2    15
 -2.4712413459719157E-01 a      1136     1     5     2    16
 -3.4323667045977885E-01 a      1137     1     5     2    17
 -3.0958466112722888E-01 a      1138     1     5     2    18
  2.5699921448248373E-02 a      1139     1     5     2    19
  4.4158716617370014E-01 a      1140     1     5     2    20
 -7.1453838354325380E-02 a      1141     1     6     2     1
  6.6409238506687518E-01 a      1142     1     6     2     2
  2.8718959889084533E-01 a      1143     1     6     2     3
 -1.1686261425016671E-01 a      1144     1     6     2     4
 -3.5006262545064565E-01 a      1145     1     6     2     5
  4.8549926415827493E-01 a      1146     1     6     2     6
 -4.2192235142731216E-01 a      1147     1     6     2     7
 -5.9724739730508158E-01 a      1148     1     6     2     8
 -8.6758872117273497E-02 a      1149     1     6     2     9
  2.4721078967547977E-01 a      1150     1     6     2    10
 -7.2814496922998329E-01 a      1151     1     6     2    11
 -4.2785083706380594E-01 a      1152     1     6     2    12
  3.4748453990398637E-01 a      1153     1     6     2    13
  1.0114649786270569E-01 a      1154     1     6     2    14
 -1.5580270828660320E-01 a      1155     1     6     2    15
  3.1152887625947135E-02 a      1156     1     6     2    16
 -3.4559830841939788E-02 a      1157     1     6     2    17
 -2.9664042621909820E-01 a      1158     1     6     2    18
  2.8321123419231720E-01 a      1159     1     6     2    19
 -1.0564496475093595E-01 a      1160     1     6     2    20
  3.1506159820036461E-01 a      1161     1     7     2     1
 -1.0377859495596107E+00 a      1162     1     7     2     2
 -1.9363303461196596E-01 a      1163     1     7     2     3
  6.5951731758449350E-01 a      1164     1     7     2     4
  4.0372082417935706E-01 a      1165     1     7     2     5
  3.7622821574022475E-01 a      1166     1     7     2     6
 -1.1963469727807909E-01 a      1167     1     7     2     7
  8.0622247478472797E-02 a      1168     1     7     2     8
  2.2153589067973217E-01 a      1169     1     7     2     9
  2.1588682653255900E-01 a      1170     1     7     2    10
 -6.7918345357365040E-01 a      1171     1     7     2    11
 -6.3605079893315830E-01 a      1172     1     7     2    12
 -3.3912995154756975E-01 a      1173     1     7     2    13
  4.2805389175867153E-01 a      1174     1     7     2    14
  8.6884706227755345E-03 a      1175     1     7     2    15
  8.5258280142390799E-02 a      1176     1     7     2    16
  1.0248911211325477E-01 a      1177     1     7     2    17
 -3.5301847674538545E-01 a      1178     1     7     2    18
  2.6370997377280314E-01 a      1179     1     7     2    19
  4.2632129514054301E-01 a      1180     1     7     2    20
 -5.1229042565269486E-02 a      1181     1     8     2     1
  2.2857354369898508E-01 a      1182     1     8     2     2
  8.3574534196452066E-01 a      1183     1     8     2     3
  1.0616395796940911E-01 a      1184     1     8     2     4
 -3.5051065326222491E-01 a      1185     1     8     2     5
  2.8360949314140715E-01 a      1186     1     8     2     6
 -1.5075092010215477E-01 a      1187     1     8     2     7
  4.1115384965103946E-01 a      1188     1     8     2     8
  2.5189926089925269E-01 a      1189     1     8     2     9
  4.5627461814916831E-01 a      1190     1     8     2    10
 -3.4966794705092397E-01 a      1191     1     8     2    11
  2.9717573201782593E-01 a      1192     1     8     2    12
  1.4235273752180734E-02 a      1193     1     8     2    13
 -4.8621459264029970E-01 a      1194     1     8     2    14
 -3.4174240949517537E-01 a      1195     1     8     2    15
  4.7132965006360694E-01 a      1196     1     8     2    16
 -3.7327867254053793E-01 a      1197     1     8     2    17
  1.6233866399405963E-02 a      1198     1     8     2    18
  4.1827748952665145E-01 a      1199     1     8     2    19
  3.8538245492048084E-01 a      1200     1     8     2    20
 -4.3409391556575377E-01 a      1201     1     9     2     1
 -4.4313088055186828E-02 a      1202     1     9     2     2
 -4.7408986885694976E-01 a      1203     1     9     2     3
  6.7380199326558554E-01 a      1204     1     9     2     4
  5.4927265610162979E-01 a      1205     1     9     2     5
  1.1185858522500799E-01 a      1206     1     9     2     6
  7.4281039780206670E-01 a      1207     1     9     2     7
  2.9353780399163015E-01 a      1208     1     9     2     8
 -2.3352036168140258E-01 a      1209     1     9     2     9
 -7.1137676552238704E-01 a      1210     1     9     2    10
  3.8834957858221214E-01 a      1211     1     9     2    11
  4.3545742364646195E-01 a      1212     1     9     2    12
 -2.3692048224107418E-01 a      1213     1     9     2    13
 -1.1538387878617570E-01 a      1214     1     9     2    14
  6.1647776325913795E-01 a      1215     1     9     2    15
 -1.0761727279272564E-01 a      1216     1     9     2    16
  1.5818393833844650E-02 a      1217     1     9     2    17
 -1.4805631909831632E-01 a      1218     1     9     2    18
 -5.1108170720996671E-01 a      1219     1     9     2    19
  3.6066911612347957E-01 a      1220     1     9     2    20
  4.0326154948155102E-01 a      1221     1    10     2     1
 -1.3502663370614407E-01 a      1222     1    10     2     2
  9.2086645327843963E-01 a      1223     1    10     2     3
  2.5483233766302188E-01 a      1224     1    10     2     4
  3.0901839773076056E-01 a      1225     1    10     2     5
  3.6407546069222052E-01 a      1226     1    10     2     6
  3.2871449775753142E-01 a      1227     1    10     2     7
 -7.9993495692963468E-01 a      1228     1    10     2     8
 -2.6303629383389489E-02 a      1229     1    10     2     9
  2.6564681580779415E-01 a      1230     1    10     2    10
 -4.7265581502218912E-01 a      1231     1    10     2    11
  4.6512519766051454E-02 a      1232     1    10     2    12
  3.1868857534581191E-01 a      1233     1    10     2    13
 -5.8639897111527894E-01 a      1234     1    10     2    14
  2.6191803556617671E-01 a      1235     1    10     2    15
  3.3132528933826810E-01 a      1236     1    10     2    16
  2.8465900031170494E-01 a      1237     1    10     2    17
 -4.6546391926884306E-01 a      1238     1    10     2    18
 -2.2500112071569475E-01 a      1239     1    10     2    19
 -8.2904123024733012E-01 a      1240     1    10     2    20
 -1.5538819216347180E-02 a      1241     1    11     2     1
 -5.9401736998460519E-01 a      1242     1    11     2     2
 -1.3762544643276187E-01 a      1243     1    11     2     3
  6.1987540619540205E-01 a      1244     1    11     2     4
  4.9879756565969247E-01 a      1245     1    11     2     5
 -2.4453926434991488E-01 a      1246     1    11     2     6
 -5.3133172777634152E-01 a      1247     1    11     2     7
 -6.6286430948579667E-02 a      1248     1    11     2     8
 -3.2074251260642195E-01 a      1249     1    11     2     9
  8.3078550399998549E-02 a      1250     1    11     2    10
 -6.6146670838831090E-01 a      1251     1    11     2    11
 -6.5729290008725627E-01 a      1252     1    11     2    12
 -5.7467548780663846E-01 a      1253     1    11     2    13
  5.4247680658294151E-01 a      1254     1    11     2    14
  6.4207073889710031E-01 a      1255     1    11     2    15
  1.3980337609571153E-01 a      1256     1    11     2    16
  3.1049085967185069E-01 a      1257     1    11     2    17
 -3.8172314838484661E-01 a      1258     1    11     2    18
  4.7357894429872827E-01 a      1259     1    11     2    19
 -1.9360813718857353E-02 a      1260     1    11     2    20
 -6.9201813190067685E-01 a      1261     1    12     2     1
  2.4186309765038100E-01 a      1262     1    12     2     2
  1.0452992386298996E+00 a      1263     1    12     2     3
 -2.7516256998499289E-01 a      1264     1    12     2     4
  5.8937420431449741E-02 a      1265     1    12     2     5
 -3.3720576852566582E-02 a      1266     1    12     2     6
 -2.1460722677653296E-02 a      1267     1    12     2     7
  2.8953866991531890E-01 a      1268     1    12     2     8
  7.6616686856974731E-02 a      1269     1    12     2     9
  2.0462537684209361E-01 a      1270     1    12     2    10
  2.4726561468419775E-01 a      1271     1    12     2    11
  3.3821898543687434E-01 a      1272     1    12     2    12
 -3.3110115547087188E-01 a      1273     1    12     2    13
 -1.2276622657263712E-01 a      1274     1    12     2    14
 -3.3640479183413417E-02 a      1275     1    12     2    15
  1.6181094633256751E-01 a      1276     1    12     2    16
 -1.8138716196843391E-01 a      1277     1    12     2    17
 -1.1349288569954788E-01 a      1278     1    12     2    18
  7.8173844444550400E-01 a      1279     1    12     2    19
  5.8282298363862554E-02 a      1280     1    12     2    20
 -7.6223627584525233E-01 a      1281     1    13     2     1
  6.5469444858067227E-01 a      1282     1    13     2     2
 -1.5182727661962489E-01 a      1283     1    13     2     3
 -2.3399060707857522E-01 a      1284     1    13     2     4
  5.0122223116025943E-01 a      1285     1    13     2     5
  2.3918606503934253E-01 a      1286     1    13     2     6
 -3.2565913368413069E-01 a      1287     1    13     2     7
  7.3766168165463619E-01 a      1288     1    13     2     8
 -6.4891241721545589E-01 a      1289     1    13     2     9
  4.5720313525173695E-01 a      1290     1    13     2    10
  1.7101610346043759E-02 a      1291     1    13     2    11
  1.6796973761480291E-01 a      1292     1    13     2    12
 -1.1117875862752449E-01 a      1293     1    13     2    13
 -1.9414820227674455E-02 a      1294     1    13     2    14
 -4.2368944728974045E-01 a      1295     1    13     2    15
  3.5865645979303901E-01 a      1296     1    13     2    16
 -2.1535851530057232E-01 a      1297     1    13     2    17
  4.3525405453111660E-01 a      1298     1    13     2    18
  4.7883895517330305E-01 a      1299     1    13     2    19
  4.4213064450553458E-01 a      1300     1    13     2    20
  3.9729649789245307E-03 a      1301     1    14     2     1
  2.7245662760878314E-01 a      1302     1    14     2     2
 -5.4549838204581991E-01 a      1303     1    14     2     3
  4.6620356475728136E-01 a      1304     1    14     2     4
 -3.7216304561802541E-02 a      1305     1    14     2     5
 -2.9881615964932068E-01 a      1306     1    14     2     6
  2.0746759502278625E-02 a      1307     1    14     2     7
  6.9022118298049695E-01 a      1308     1    14     2     8
  8.6659156211686650E-01 a      1309     1    14     2     9
 -3.6062666803488852E-01 a      1310     1    14     2    10
  3.2330178247025371E-01 a      1311     1    14     2    11
  4.1765479944096762E-01 a      1312     1    14     2    12
 -4.4897190626816581E-02 a      1313     1    14     2    13
 -2.3726649184753412E-01 a      1314     1    14     2    14
  6.5805439925706963E-02 a      1315     1    14     2    15
 -5.1620827972679438E-02 a      1316     1    14     2    16
  1.0200688657055790E-01 a      1317     1    14     2    17
 -2.8777816108650944E-01 a      1318     1    14     2    18
 -2.2119195620284321E-01 a      1319     1    14     2    19
  5.2614602925362808E-01 a      1320     1    14     2    20
 -6.0147935290872379E-01 a      1321     1    15     2     1
  1.7856296229685396E-02 a      1322     1    15     2     2
 -9.8534733939927510E-01 a      1323     1    15     2     3
  3.9733188871167141E-01 a      1324     1    15     2     4
 -2.0200544096796000E-01 a      1325     1    15     2     5
  2.1499823094559581E-01 a      1326     1    15     2     6
  3.8845018904229556E-01 a      1327     1    15     2     7
 -4.0209751803813731E-01 a      1328     1    15     2     8
 -2.3714538386227427E-01 a      1329     1    15     2     9
  2.7850440776416568E-01 a      1330     1    15     2    10
 -2.8695464708718138E-01 a      1331     1    15     2    11
 -4.2490453430666997E-01 a      1332     1    15     2    12
  2.7695259618261531E-01 a      1333     1    15     2    13
  3.8254471773837545E-01 a      1334     1    15     2    14
  2.1153923968421326E-01 a      1335     1    15     2    15
  6.3917321758250090E-01 a      1336     1    15     2    16
  2.0706808578956903E-01 a      1337     1    15     2    17
 -3.7038610240351150E-01 a      1338     1    15     2    18
 -9.7600630353300311E-01 a      1339     1    15     2    19
  5.1235127395282276E-01 a      1340     1    15     2    20
  6.3918815147176317E-03 a      1341     1    16     2     1
  1.4130962240292730E-01 a      1342     1    16     2     2
  5.4297515688194664E-01 a      1343     1    16     2     3
  2.0271776046697787E-01 a      1344     1    16     2     4
 -1.3891773836832161E-01 a      1345     1    16     2     5
 -5.7502172598646062E-01 a      1346     1    16     2     6
  1.4857597773927742E-01 a      1347     1    16     2     7
 -1.2094189816189545E-01 a      1348     1    16     2     8
 -2.1708833005812120E-01 a      1349     1    16     2     9
 -1.7057912364193409E-01 a      1350     1    16     2    10
  3.4162954555928088E-01 a      1351     1    16     2    11
 -1.7600947274555823E-01 a      1352     1    16     2    12
  1.1110686852758953E-01 a      1353     1    16     2    13
 -1.5888661013774164E-01 a      1354     1    16     2    14
 -3.1211225340557952E-01 a      1355     1    16     2    15
  4.2859711141185053E-01 a      1356     1    16     2    16
  3.0351001825651203E-01 a      1357     1    16     2    17
 -1.0227831360931840E-01 a      1358     1    16     2    18
 -1.4646410667394855E-01 a      1359     1    16     2    19
 -2.9154662725760772E-01 a      1360     1    16     2    20
 -1.4608010730265300E-01 a      1361     1    17     2     1
 -8.8650277957108795E-02 a      1362     1    17     2     2
  7.2143568584018414E-01 a      1363     1    17     2     3
 -4.1211120684187258E-01 a      1364     1    17     2     4
 -1.0497700151542426E-01 a      1365     1    17     2     5
  3.8042110847065302E-01 a      1366     1    17     2     6
 -5.2432265883623798E-02 a      1367     1    17     2     7
 -7.3888161157215929E-02 a      1368     1    17     2     8
 -7.7262702437190989E-01 a      1369     1    17     2     9
  1.0062618336491149E+00 a      1370     1    17     2    10
 -2.4768525262070160E-02 a      1371     1    17     2    11
 -3.8509650490929248E-01 a      1372     1    17     2    12
  7.7840293376689318E-01 a      1373     1    17     2    13
 -1.4238699625809931E-01 a      1374     1    17     2    14
  6.4831908374932379E-01 a      1375     1    17     2    15
 -1.0649251689913353E-01 a      1376     1    17     2    16
  6.7255502263898526E-01 a      1377     1    17     2    17
 -8.4189417089616969E-01 a      1378     1    17     2    18
  6.8531082884542693E-01 a      1379     1    17     2    19
 -4.1620071963480582E-01 a      1380     1    17     2    20
 -2.4573746552999878E-01 a      1381     1    18     2     1
  2.6561591471014134E-01 a      1382     1    18     2     2
 -5.5232101374738451E-01 a      1383     1    18     2     3
  5.8072309790257470E-01 a      1384     1    18     2     4
  3.9337016115985540E-01 a      1385     1    18     2     5
  1.0316720061223410E-01 a      1386     1    18     2     6
 -6.0628850196685957E-01 a      1387     1    18     2     7
 -2.3886542059290763E-01 a      1388     1    18     2     8
  6.5688448131641619E-01 a      1389     1    18     2     9
 -3.0423183890206928E-01 a      1390     1    18     2    10
 -1.7868655108458448E-02 a      1391     1    18     2    11
 -3.2723742458583238E-01 a      1392     1    18     2    12
 -7.6792710752113780E-01 a      1393     1    18     2    13
 -1.8942365356185767E-01 a      1394     1    18     2    14
  6.8478121298240668E-01 a      1395     1    18     2    15
  8.4910059670135030E-01 a      1396     1    18     2    16
 -6.3267323702142975E-01 a      1397     1    18     2    17
  3.9899328208819967E-01 a      1398     1    18     2    18
 -9.5094691459098754E-02 a      1399     1    18     2    19
  8.7857594018553864E-01 a      1400     1    18     2    20
  4.2039526013245127E-01 a      1401     1    19     2     1
 -1.4253174369010990E-01 a      1402     1    19     2     2
  2.8817988095370534E-02 a      1403     1    19     2     3
 -5.5507923919951641E-01 a      1404     1    19     2     4
 -1.8076810968492432E-01 a      1405     1    19     2     5
  6.1604627914718346E-01 a      1406     1    19     2     6
 -2.4100619502892374E-02 a      1407     1    19     2     7
 -3.3805577456193364E-01 a      1408     1    19     2     8
 -1.7374526429549544E-01 a      1409     1    19     2     9
 -1.2756684263407614E-01 a      1410     1    19     2    10
  2.3239094575565258E-01 a      1411     1    19     2    11
  3.0659872778803532E-01 a      1412     1    19     2    12
  6.9331136588482645E-01 a      1413     1    19     2    13
 -6.3857896934309144E-01 a      1414     1    19     2    14
  5.7046794791271738E-01 a      1415     1    19     2    15
 -2.0914987164189480E-01 a      1416     1    19     2    16
  7.0163098390326428E-01 a      1417     1    19     2    17
 -8.0992465275540204E-01 a      1418     1    19     2    18
 -2.2334989572170053E-01 a      1419     1    19     2    19
  1.9561060332981597E-01 a      1420     1    19     2    20
 -2.9711340435212780E-01 a      1421     1    20     2     1
 -6.9244484807880202E-02 a      1422     1    20     2     2
  6.4582872509382627E-01 a      1423     1    20     2     3
 -5.4505394226408166E-01 a      1424     1    20     2     4
 -5.6124658828876139E-01 a      1425     1    20     2     5
  3.3394586857468644E-01 a      1426     1    20     2     6
  2.0038045010499034E-01 a      1427     1    20     2     7
  5.4642475567256488E-01 a      1428     1    20     2     8
  4.2325693063149794E-01 a      1429     1    20     2     9
 -2.2320976229888764E-01 a      1430     1    20     2    10
  4.3018302044411089E-01 a      1431     1    20     2    11
 -1.9023617499097611E-01 a      1432     1    20     2    12
  8.4009554924144791E-01 a      1433     1    20     2    13
  3.2211214880670164E-01 a      1434     1    20     2    14
  1.4295248810218131E-01 a      1435     1    20     2    15
 -1.6679870779015796E-02 a      1436     1    20     2    16
  5.4215058078087575E-01 a      1437     1    20     2    17
 -1.5820405167343723E-01 a      1438     1    20     2    18
 -8.0991141995400542E-02 a      1439     1    20     2    19
 -7.3091100372215878E-01 a      1440     1    20     2    20
  1.0985411794054460E+00 b      1441     2     1
 -1.0264852890869083E+00 b      1442     2     2
  3.0292572096962067E-01 b      1443     2     3
 -8.5828631137909517E-01 b      1444     2     4
  1.6143183688449367E+00 b      1445     2     5
  1.8667350051167220E+00 b      1446     2     6
 -1.4594299528156032E+00 b      1447     2     7
 -1.2731236334419371E+00 b      1448     2     8
 -6.7706144597542470E-02 b      1449     2     9
  3.1245786373957946E-01 b      1450     2    10
  1.0038147454575774E+00 b      1451     2    11
  1.2400836603839962E+00 b      1452     2    12
  1.5836863583270613E-01 b      1453     2    13
  1.1490751758669693E+00 b      1454     2    14
  1.1915512621384514E+00 b      1455     2    15
 -1.3998077805561562E-01 b      1456     2    16
 -1.2081686979801588E-01 b      1457     2    17
  5.4467222090100902E-04 b      1458     2    18
 -1.1126998677986439E+00 b      1459     2    19
  8.5350669288506764E-01 b      1460     2    20
  1.6286162062712830E+00 a      1461     2     1     3     1
 -2.0851100900386217E+00 a      1462     2     2     3     1
  2.8619144446506323E-01 a      1463     2     3     3     1
  6.5688639371782276E-01 a      1464     2     4     3     1
  6.8732921308206885E-01 a      1465     2     5     3     1
  1.7295265819670491E+00 a      1466     2     6     3     1
 -3.6209691977909114E-01 a      1467     2     7     3     1
 -1.7632276797525068E+00 a      1468     2     8     3     1
 -7.0985822586442371E-02 a      1469     2     9     3     1
 -1.4449041358315955E+00 a      1470     2    10     3     1
 -8.4523272946297690E-02 a      1471     2    11     3     1
  1.0949749377662588E+00 a      1472     2    12     3     1
 -1.9900070238627237E+00 a      1473     2    13     3     1
  1.8696808531808893E+00 a      1474     2    14     3     1
 -8.3629869507287527E-02 a      1475     2    15     3     1
  1.2065482774943279E+00 a      1476     2    16     3     1
 -2.0842061146029858E+00 a      1477     2    17     3     1
  6.5044148875703622E-01 a      1478     2    18     3     1
 -1.4978593276079675E+00 a      1479     2    19     3     1
  1.9993244360953104E+00 a      1480     2    20     3     1
  1.9792752117887433E+00 b      1481     3     1
