################################################################################
# Neural network connection values (weights and biases).
################################################################################
# Col  Name       Description
################################################################################
# 1    connection Neural network connection value.
# 2    t          Connection type (a = weight, b = bias).
# 3    index      Index enumerating weights.
# 4    l_s        Starting point layer (end point layer for biases).
# 5    n_s        Starting point neuron in starting layer (end point neuron for biases).
# 6    l_e        End point layer.
# 7    n_e        End point neuron in end layer.
################################################################################
#                      1 2         3     4     5     6     7
#             connection t     index   l_s   n_s   l_e   n_e
############################################################
 -2.0932507459335775E-01 a         1     0     1     1     1
 -6.5103721515309176E-01 a         2     0     1     1     2
  1.9938196288789228E-01 a         3     0     1     1     3
 -4.5331334760878743E-02 a         4     0     1     1     4
  1.3651784212674525E-01 a         5     0     1     1     5
 -1.4601479659619243E-01 a         6     0     1     1     6
  1.3284539671251880E-01 a         7     0     1     1     7
  9.5424741691806717E-02 a         8     0     1     1     8
  3.5028334444431503E-01 a         9     0     1     1     9
  6.0467291033133908E-01 a        10     0     1     1    10
 -2.1647314352767671E-01 a        11     0     1     1    11
  4.9069619788671651E-02 a        12     0     1     1    12
 -3.3115931420819283E-01 a        13     0     1     1    13
 -2.6131910328925179E-01 a        14     0     1     1    14
 -5.4276435766576155E-02 a        15     0     1     1    15
  9.6354783297168609E-02 a        16     0     1     1    16
 -1.9925529677715989E-01 a        17     0     1     1    17
 -4.0940023803835079E-01 a        18     0     1     1    18
  4.3006808274667074E-01 a        19     0     1     1    19
 -4.8117606766138460E-01 a        20     0     1     1    20
 -4.1984104020140758E-02 a        21     0     2     1     1
 -2.7713874045871517E-01 a        22     0     2     1     2
  2.6883440267012593E-01 a        23     0     2     1     3
 -2.9216852257422543E-01 a        24     0     2     1     4
  3.0242731883562857E-01 a        25     0     2     1     5
 -2.0335171617822981E-01 a        26     0     2     1     6
  2.8920863995518804E-02 a        27     0     2     1     7
  1.4122649239730567E-01 a        28     0     2     1     8
  1.8337083475612503E-01 a        29     0     2     1     9
  3.2318216862820565E-01 a        30     0     2     1    10
  3.4460485991090711E-01 a        31     0     2     1    11
 -2.1177890876841082E-01 a        32     0     2     1    12
 -3.9719427066801150E-01 a        33     0     2     1    13
 -1.8863755674783884E-02 a        34     0     2     1    14
  1.1267285862205995E-01 a        35     0     2     1    15
 -2.4333085080721467E-01 a        36     0     2     1    16
 -1.4251310155366922E-01 a        37     0     2     1    17
 -5.3303801834732843E-02 a        38     0     2     1    18
 -2.9099364114835224E-01 a        39     0     2     1    19
 -2.2113820972380102E-01 a        40     0     2     1    20
  6.1615697589154458E-02 a        41     0     3     1     1
 -2.3978727254173444E-02 a        42     0     3     1     2
 -1.3423405891602636E-01 a        43     0     3     1     3
  2.7021395721085578E-01 a        44     0     3     1     4
 -2.1683668950947710E-01 a        45     0     3     1     5
 -4.0969582909613639E-01 a        46     0     3     1     6
 -2.3241150275958691E-01 a        47     0     3     1     7
  1.5098516580545257E-01 a        48     0     3     1     8
 -2.5194029394455991E-01 a        49     0     3     1     9
  4.2981562422204067E-01 a        50     0     3     1    10
  2.3461502086446880E-02 a        51     0     3     1    11
  3.2148886603020382E-01 a        52     0     3     1    12
  6.9063424862778652E-02 a        53     0     3     1    13
  3.8692011337016191E-01 a        54     0     3     1    14
 -3.5157857604439491E-01 a        55     0     3     1    15
 -5.7300391110189600E-02 a        56     0     3     1    16
 -9.7971337732438074E-02 a        57     0     3     1    17
  5.3023636144655928E-01 a        58     0     3     1    18
  2.6734498080176528E-02 a        59     0     3     1    19
  2.5029945216086580E-01 a        60     0     3     1    20
 -3.5862312199833705E-02 a        61     0     4     1     1
  5.0478488139545519E-01 a        62     0     4     1     2
 -4.7815272332048830E-01 a        63     0     4     1     3
  7.7188994967112332E-02 a        64     0     4     1     4
 -7.0898625951271277E-02 a        65     0     4     1     5
  3.3829967186275740E-02 a        66     0     4     1     6
  1.1212715719824914E-01 a        67     0     4     1     7
 -1.4918389142329957E-01 a        68     0     4     1     8
 -5.3894217608456127E-02 a        69     0     4     1     9
 -1.6989264680377295E-01 a        70     0     4     1    10
 -3.2669517201332121E-01 a        71     0     4     1    11
  4.3849456630648875E-01 a        72     0     4     1    12
  8.5661714409399334E-02 a        73     0     4     1    13
  2.0032295062696649E-02 a        74     0     4     1    14
  3.0869233388479028E-01 a        75     0     4     1    15
  2.5869577899078117E-01 a        76     0     4     1    16
 -8.1842774383492772E-02 a        77     0     4     1    17
  4.4775255402336922E-01 a        78     0     4     1    18
  2.2342309704647262E-02 a        79     0     4     1    19
  4.7326718118915576E-02 a        80     0     4     1    20
 -1.3451674110644340E-01 a        81     0     5     1     1
 -5.1690533423810213E-02 a        82     0     5     1     2
  1.3144147157531766E-01 a        83     0     5     1     3
  7.9151078409441133E-02 a        84     0     5     1     4
  1.6550011304150444E-01 a        85     0     5     1     5
  8.4034848473137136E-01 a        86     0     5     1     6
 -1.6227906139362480E-01 a        87     0     5     1     7
 -3.0829739915017539E-02 a        88     0     5     1     8
 -4.1759178634220179E-01 a        89     0     5     1     9
 -5.8530467160244559E-01 a        90     0     5     1    10
 -3.7304221104519308E-01 a        91     0     5     1    11
 -6.6114228069308956E-01 a        92     0     5     1    12
  1.5151623370265260E-01 a        93     0     5     1    13
 -4.4033185405953429E-01 a        94     0     5     1    14
  4.2841872535301762E-01 a        95     0     5     1    15
  3.1137224845240224E-01 a        96     0     5     1    16
  1.4497711975231800E-01 a        97     0     5     1    17
 -3.3975948368030207E-01 a        98     0     5     1    18
 -3.7943456148068584E-04 a        99     0     5     1    19
  2.0703924417675446E-01 a       100     0     5     1    20
 -5.1106726561608619E-02 a       101     0     6     1     1
  1.2490175996967263E-01 a       102     0     6     1     2
 -1.0713790746205053E-01 a       103     0     6     1     3
 -4.9920070301008833E-02 a       104     0     6     1     4
 -1.7639683972979966E-01 a       105     0     6     1     5
  4.5795837112061988E-01 a       106     0     6     1     6
 -7.3356537292688040E-01 a       107     0     6     1     7
 -2.8063564968200819E-03 a       108     0     6     1     8
 -1.3038270287917131E+00 a       109     0     6     1     9
 -4.0554981031636339E-01 a       110     0     6     1    10
 -1.8777963102456507E-01 a       111     0     6     1    11
 -3.2463125402858023E-01 a       112     0     6     1    12
  9.3748675955987307E-02 a       113     0     6     1    13
 -2.4873474735550728E-02 a       114     0     6     1    14
  3.5834471418213210E-01 a       115     0     6     1    15
 -3.2071744616335129E-01 a       116     0     6     1    16
  2.6288371446933878E-01 a       117     0     6     1    17
  9.3004413227814631E-01 a       118     0     6     1    18
 -4.6451943823434477E-01 a       119     0     6     1    19
 -1.4731375289276277E-01 a       120     0     6     1    20
  2.5962758752914511E-01 a       121     0     7     1     1
 -3.2555334657720320E-01 a       122     0     7     1     2
 -9.7502899572800472E-01 a       123     0     7     1     3
  9.7238070387526160E-02 a       124     0     7     1     4
  4.6346509743588449E-02 a       125     0     7     1     5
 -5.9299875641558930E-01 a       126     0     7     1     6
  2.4180591806114057E-01 a       127     0     7     1     7
  2.3416425600311846E-01 a       128     0     7     1     8
  1.7298912990213196E+00 a       129     0     7     1     9
  4.6489351596604511E-01 a       130     0     7     1    10
  6.2485105597014978E-01 a       131     0     7     1    11
  3.6026915291235090E-01 a       132     0     7     1    12
  4.0025623149308687E-02 a       133     0     7     1    13
  5.9511290391982596E-01 a       134     0     7     1    14
  1.2099825133242308E-01 a       135     0     7     1    15
  1.2360977169445955E-01 a       136     0     7     1    16
 -4.4008912288750257E-01 a       137     0     7     1    17
 -5.4440813253695730E-01 a       138     0     7     1    18
 -2.0251831686763125E-01 a       139     0     7     1    19
  3.0338460828701497E-01 a       140     0     7     1    20
 -3.5318144387885560E-02 a       141     0     8     1     1
  6.2015423200007282E-02 a       142     0     8     1     2
  1.8203079494530897E-01 a       143     0     8     1     3
 -2.0309167418809029E-01 a       144     0     8     1     4
 -1.1346921370874231E-01 a       145     0     8     1     5
  1.6482546257907690E-01 a       146     0     8     1     6
 -2.0747938939178692E-01 a       147     0     8     1     7
 -5.9710492752937813E-02 a       148     0     8     1     8
 -6.5070275882905737E-01 a       149     0     8     1     9
 -5.4815892925772672E-02 a       150     0     8     1    10
 -1.8788409053880448E-01 a       151     0     8     1    11
 -1.5117364565537164E-01 a       152     0     8     1    12
 -3.0633627484486298E-01 a       153     0     8     1    13
 -3.2632929192819356E-02 a       154     0     8     1    14
 -1.6110670766216970E-01 a       155     0     8     1    15
 -1.9151514841213363E-01 a       156     0     8     1    16
 -8.2663992419004143E-02 a       157     0     8     1    17
  4.8634208233849491E-01 a       158     0     8     1    18
  5.7532622606232742E-01 a       159     0     8     1    19
 -4.4495269805580873E-01 a       160     0     8     1    20
 -5.9938041986032253E-01 a       161     0     9     1     1
  3.4540869879228900E-02 a       162     0     9     1     2
 -2.9145478471737207E-01 a       163     0     9     1     3
  2.9530536383934991E-01 a       164     0     9     1     4
 -2.0554375002159304E+00 a       165     0     9     1     5
  2.1950125009036256E-01 a       166     0     9     1     6
  1.8491207749266844E-01 a       167     0     9     1     7
 -5.2255542882349837E-01 a       168     0     9     1     8
 -2.2408541704952150E+00 a       169     0     9     1     9
  1.0088667481004250E-01 a       170     0     9     1    10
 -6.2602009953597659E-02 a       171     0     9     1    11
 -7.5298450428564911E-01 a       172     0     9     1    12
 -4.8782326100350171E-01 a       173     0     9     1    13
  7.8737133888156641E-01 a       174     0     9     1    14
 -4.6985369333256449E-01 a       175     0     9     1    15
  3.4925104316247740E-01 a       176     0     9     1    16
 -1.3443095084163806E-01 a       177     0     9     1    17
  5.0928567883883324E-01 a       178     0     9     1    18
 -4.6904787238660611E-01 a       179     0     9     1    19
 -3.4900931654057682E-01 a       180     0     9     1    20
  1.3666081871497796E-01 a       181     0    10     1     1
 -3.6014180579131622E-01 a       182     0    10     1     2
  2.5168706685627287E-02 a       183     0    10     1     3
 -5.8940645920658181E-02 a       184     0    10     1     4
  1.6764052079190048E+00 a       185     0    10     1     5
  2.3735497077855602E-01 a       186     0    10     1     6
 -1.5943039772490680E-01 a       187     0    10     1     7
  3.1780977953270828E-01 a       188     0    10     1     8
  2.8540443622536342E+00 a       189     0    10     1     9
 -6.9282690415637260E-01 a       190     0    10     1    10
  3.3010355589916046E-01 a       191     0    10     1    11
  7.9229638331158803E-01 a       192     0    10     1    12
  1.0396828912825529E+00 a       193     0    10     1    13
 -4.8214599929480861E-01 a       194     0    10     1    14
  1.0242454562210923E+00 a       195     0    10     1    15
 -5.9396837671178626E-01 a       196     0    10     1    16
  1.1776814324397649E+00 a       197     0    10     1    17
 -7.9162273134180638E-01 a       198     0    10     1    18
  3.5033210135183329E-01 a       199     0    10     1    19
  4.7272381758527260E-01 a       200     0    10     1    20
 -1.7279958258723305E-02 a       201     0    11     1     1
  2.2588884783093971E-01 a       202     0    11     1     2
  2.6428678681699963E-01 a       203     0    11     1     3
 -7.8161560605899671E-01 a       204     0    11     1     4
 -9.4142899282794723E-01 a       205     0    11     1     5
 -9.9335700899868462E-01 a       206     0    11     1     6
  1.8685060696530847E-01 a       207     0    11     1     7
  5.7310942489872496E-01 a       208     0    11     1     8
  7.6255842236108276E-02 a       209     0    11     1     9
  5.2528200878618336E-01 a       210     0    11     1    10
  4.5526214405515181E-01 a       211     0    11     1    11
  1.1615034753307285E-01 a       212     0    11     1    12
 -5.0283497161132573E-01 a       213     0    11     1    13
 -3.7565659230796189E-01 a       214     0    11     1    14
 -5.8116547099788529E-01 a       215     0    11     1    15
  8.8367490691819095E-01 a       216     0    11     1    16
 -4.9800570995686494E-01 a       217     0    11     1    17
  1.2812573524437174E+00 a       218     0    11     1    18
 -4.4627605907801376E-01 a       219     0    11     1    19
  1.9357218807274590E-01 a       220     0    11     1    20
  1.4895135597450976E-01 a       221     0    12     1     1
 -5.9090975629168180E-02 a       222     0    12     1     2
  1.4228866507602425E-01 a       223     0    12     1     3
  2.5143861297634501E-01 a       224     0    12     1     4
 -9.1983013489624857E-02 a       225     0    12     1     5
  5.0393237073071095E-01 a       226     0    12     1     6
 -3.5212399604524847E-01 a       227     0    12     1     7
 -3.9465505594758421E-01 a       228     0    12     1     8
 -7.4036194989698956E-01 a       229     0    12     1     9
  2.2272465130032507E-01 a       230     0    12     1    10
 -7.8685015358230381E-01 a       231     0    12     1    11
 -4.6637191152673008E-01 a       232     0    12     1    12
  1.8577369400964072E-01 a       233     0    12     1    13
 -1.6001620906864942E-02 a       234     0    12     1    14
  1.0628260771667256E-01 a       235     0    12     1    15
 -6.7759556438918334E-01 a       236     0    12     1    16
 -5.6204758930557697E-01 a       237     0    12     1    17
 -8.3839102779998143E-01 a       238     0    12     1    18
  5.9793127899458798E-01 a       239     0    12     1    19
 -4.2392857801917067E-01 a       240     0    12     1    20
  3.1085939996682538E-01 a       241     0    13     1     1
  5.0138207912129702E-02 a       242     0    13     1     2
  7.9079051328837580E-01 a       243     0    13     1     3
 -2.2556418844052328E-01 a       244     0    13     1     4
 -3.2976979327000544E-01 a       245     0    13     1     5
 -2.9494082330714583E-01 a       246     0    13     1     6
 -1.6375586732055358E-01 a       247     0    13     1     7
  5.5650914455709202E-02 a       248     0    13     1     8
  2.0384752543931231E-01 a       249     0    13     1     9
  5.4548956631902334E-01 a       250     0    13     1    10
 -1.3427642233785775E-01 a       251     0    13     1    11
  4.3260056360851618E-01 a       252     0    13     1    12
 -4.6337413053046150E-01 a       253     0    13     1    13
  9.3447977554573736E-02 a       254     0    13     1    14
 -3.5655620841393848E-01 a       255     0    13     1    15
  3.2136403701992174E-02 a       256     0    13     1    16
  9.8234792702074927E-02 a       257     0    13     1    17
  2.1731302726173615E-01 a       258     0    13     1    18
 -2.2351599670992678E-02 a       259     0    13     1    19
 -2.4471418290606239E-01 a       260     0    13     1    20
  1.4066518532358288E-01 a       261     0    14     1     1
 -1.9655644278190673E-01 a       262     0    14     1     2
 -4.1475367260911854E-02 a       263     0    14     1     3
 -1.8916436243940898E-01 a       264     0    14     1     4
 -5.8757375032594084E-01 a       265     0    14     1     5
  7.9089970335880680E-02 a       266     0    14     1     6
 -1.6329402102211479E-02 a       267     0    14     1     7
 -2.0473744174002542E-01 a       268     0    14     1     8
 -2.4758592294186840E-01 a       269     0    14     1     9
 -4.4836545808946741E-02 a       270     0    14     1    10
 -1.0449781570965440E-02 a       271     0    14     1    11
  8.5693980818865353E-02 a       272     0    14     1    12
 -7.5718894140580284E-01 a       273     0    14     1    13
 -3.6466146186434828E-01 a       274     0    14     1    14
 -3.1308914053040665E-01 a       275     0    14     1    15
 -1.5928221380805166E-01 a       276     0    14     1    16
 -2.6796579583402524E-01 a       277     0    14     1    17
  6.2107229498993755E-01 a       278     0    14     1    18
  1.3447228227008096E-01 a       279     0    14     1    19
 -9.1947835385016274E-02 a       280     0    14     1    20
 -4.1087507760867009E-01 a       281     0    15     1     1
 -2.7776215962834588E-01 a       282     0    15     1     2
  1.7525593980506565E-01 a       283     0    15     1     3
  3.8458467693443910E-01 a       284     0    15     1     4
 -3.2159396595973377E-01 a       285     0    15     1     5
  3.1065837677804514E-01 a       286     0    15     1     6
 -1.4405776910968529E-01 a       287     0    15     1     7
  3.1089108382409253E-01 a       288     0    15     1     8
  5.5949785309940048E-01 a       289     0    15     1     9
 -4.7607588273396326E-02 a       290     0    15     1    10
 -1.4174975528704198E-01 a       291     0    15     1    11
 -3.2104603549742661E-01 a       292     0    15     1    12
  8.3065061524577835E-02 a       293     0    15     1    13
 -1.7504687245017314E-01 a       294     0    15     1    14
 -5.0356877855326965E-01 a       295     0    15     1    15
  3.0243088124639533E-01 a       296     0    15     1    16
 -5.3250078587298877E-01 a       297     0    15     1    17
 -3.0386924792313249E-02 a       298     0    15     1    18
  2.7359265083549655E-01 a       299     0    15     1    19
 -2.5828881648112229E-01 a       300     0    15     1    20
 -4.5875174643946137E-01 a       301     0    16     1     1
 -1.2040873777717305E-01 a       302     0    16     1     2
 -1.5422310330178801E-01 a       303     0    16     1     3
  1.2390122142108521E-02 a       304     0    16     1     4
  5.6227933084005788E-01 a       305     0    16     1     5
 -4.8743291515909942E-01 a       306     0    16     1     6
 -4.0230465761540102E-02 a       307     0    16     1     7
 -3.9056292912424390E-01 a       308     0    16     1     8
 -7.2784098760757177E-01 a       309     0    16     1     9
 -2.5706416892778083E-01 a       310     0    16     1    10
 -1.4329547274340856E-01 a       311     0    16     1    11
 -1.3458040105173857E-01 a       312     0    16     1    12
  2.3382810339467103E-01 a       313     0    16     1    13
  3.8491076206324204E-01 a       314     0    16     1    14
  3.7215448489130654E-01 a       315     0    16     1    15
 -2.1041011221270531E-01 a       316     0    16     1    16
  3.8891196882085521E-01 a       317     0    16     1    17
 -2.4548093211548624E-01 a       318     0    16     1    18
 -5.5015329970981752E-01 a       319     0    16     1    19
 -8.0158956589161612E-02 a       320     0    16     1    20
  2.6754953567419665E-01 a       321     0    17     1     1
  2.3489295827066659E-01 a       322     0    17     1     2
 -2.4279724884179391E-01 a       323     0    17     1     3
 -4.8611200952685646E-01 a       324     0    17     1     4
 -4.7430412307938830E-01 a       325     0    17     1     5
  5.9666707175533032E-02 a       326     0    17     1     6
  9.1274534479766156E-01 a       327     0    17     1     7
  4.5201221459006957E-01 a       328     0    17     1     8
  1.6557315159869354E-01 a       329     0    17     1     9
 -2.0441762901473706E-01 a       330     0    17     1    10
  5.3107778356389322E-02 a       331     0    17     1    11
  4.8418210422922042E-01 a       332     0    17     1    12
  1.9687997158883919E-01 a       333     0    17     1    13
  2.4717932177078714E-02 a       334     0    17     1    14
 -5.6340550001077538E-01 a       335     0    17     1    15
  4.8831090134938404E-01 a       336     0    17     1    16
  2.9879617878099068E-01 a       337     0    17     1    17
  6.9958217494483954E-01 a       338     0    17     1    18
 -2.5937134946179402E-01 a       339     0    17     1    19
  1.6414575597901407E-01 a       340     0    17     1    20
  1.9179177514197021E-01 a       341     0    18     1     1
  2.9077200724950025E-01 a       342     0    18     1     2
 -2.4091561373451498E-01 a       343     0    18     1     3
 -1.1324594556070575E-01 a       344     0    18     1     4
 -2.3866803871256403E-01 a       345     0    18     1     5
 -1.1274931428466980E-01 a       346     0    18     1     6
 -1.4946573307325919E-01 a       347     0    18     1     7
 -3.1123613786652266E-01 a       348     0    18     1     8
 -8.0547075284909464E-01 a       349     0    18     1     9
  4.7989254891759603E-01 a       350     0    18     1    10
 -6.6549452922610897E-01 a       351     0    18     1    11
 -7.1955879312969304E-02 a       352     0    18     1    12
  8.2055491657514149E-02 a       353     0    18     1    13
 -7.3630186763764829E-02 a       354     0    18     1    14
  5.2783195807739181E-01 a       355     0    18     1    15
  4.5971107916210063E-01 a       356     0    18     1    16
 -8.2454990826967944E-02 a       357     0    18     1    17
 -4.5047421667803461E-01 a       358     0    18     1    18
  9.5856400704982136E-02 a       359     0    18     1    19
 -5.1514807045762750E-02 a       360     0    18     1    20
  1.2777709912990251E-01 a       361     0    19     1     1
  8.2142384900958740E-03 a       362     0    19     1     2
 -4.0963578735058226E-01 a       363     0    19     1     3
  9.4415283582012954E-01 a       364     0    19     1     4
  5.6791516952573606E-01 a       365     0    19     1     5
 -5.0790960145614428E-01 a       366     0    19     1     6
  1.2001369851460109E-01 a       367     0    19     1     7
  1.8938572952988764E-01 a       368     0    19     1     8
 -5.5438542496715892E-01 a       369     0    19     1     9
  1.2071153803028467E-01 a       370     0    19     1    10
  4.2342963455894850E-01 a       371     0    19     1    11
 -1.8589789685777944E-01 a       372     0    19     1    12
  5.5481749001061720E-01 a       373     0    19     1    13
  7.0872875986354977E-01 a       374     0    19     1    14
 -1.3580777386088189E-01 a       375     0    19     1    15
 -5.3309334399285746E-01 a       376     0    19     1    16
 -2.5672901531537834E-01 a       377     0    19     1    17
  2.5901778259028391E-01 a       378     0    19     1    18
 -5.2670411277140528E-01 a       379     0    19     1    19
  2.3273549407075778E-01 a       380     0    19     1    20
  1.6488961128075789E-02 a       381     0    20     1     1
  2.1439780108302292E-01 a       382     0    20     1     2
  3.4919428730122173E-02 a       383     0    20     1     3
  9.7809850144116001E-02 a       384     0    20     1     4
  4.7145285042251456E-01 a       385     0    20     1     5
  9.7039835063448977E-03 a       386     0    20     1     6
 -1.1448409582932444E-01 a       387     0    20     1     7
  1.9151960647918773E-01 a       388     0    20     1     8
  1.5494717838080138E-01 a       389     0    20     1     9
 -9.8700870870515406E-02 a       390     0    20     1    10
  1.5900028851355069E-01 a       391     0    20     1    11
 -4.6777365169079724E-02 a       392     0    20     1    12
 -4.9628136834492448E-01 a       393     0    20     1    13
 -1.1805971824588056E-01 a       394     0    20     1    14
 -7.5321047694829280E-01 a       395     0    20     1    15
 -3.5986852306888868E-02 a       396     0    20     1    16
  4.2143664828317537E-02 a       397     0    20     1    17
 -2.5992014675917313E-01 a       398     0    20     1    18
 -3.5260534799164484E-01 a       399     0    20     1    19
  3.3857418842409959E-01 a       400     0    20     1    20
  2.8855208843983043E-01 a       401     0    21     1     1
 -7.9148906366855398E-02 a       402     0    21     1     2
 -1.9502961394168319E-01 a       403     0    21     1     3
  5.1117987986757252E-01 a       404     0    21     1     4
 -1.5888669581441317E-01 a       405     0    21     1     5
  1.9397508790352014E-01 a       406     0    21     1     6
  3.1414774067458379E-02 a       407     0    21     1     7
 -1.4100704520109003E-01 a       408     0    21     1     8
  4.8112521450936196E-01 a       409     0    21     1     9
  2.3192675214423167E-01 a       410     0    21     1    10
  1.1461832984771474E-01 a       411     0    21     1    11
  2.2637451462072325E-01 a       412     0    21     1    12
 -7.0892529829807482E-02 a       413     0    21     1    13
 -4.9406245410162149E-02 a       414     0    21     1    14
 -9.9952251215133503E-01 a       415     0    21     1    15
 -5.0542363889871239E-02 a       416     0    21     1    16
  9.7677202165251609E-01 a       417     0    21     1    17
  4.6851591854507774E-01 a       418     0    21     1    18
 -1.9229739986612490E-01 a       419     0    21     1    19
 -3.3175024999178106E-02 a       420     0    21     1    20
 -2.7149126890888609E-01 a       421     0    22     1     1
  5.4079885609974766E-02 a       422     0    22     1     2
  1.4015006456773987E-01 a       423     0    22     1     3
  2.4185716574794933E-01 a       424     0    22     1     4
  2.1297733105746605E-01 a       425     0    22     1     5
  1.8403207834992444E-01 a       426     0    22     1     6
 -1.8921205628321891E-01 a       427     0    22     1     7
  4.5750100796052118E-01 a       428     0    22     1     8
  9.1560915963565304E-02 a       429     0    22     1     9
 -2.5799870545731057E-01 a       430     0    22     1    10
  4.9145666233404472E-01 a       431     0    22     1    11
 -8.4779279841549010E-02 a       432     0    22     1    12
  5.6156847080330796E-01 a       433     0    22     1    13
 -1.5897501569648939E-01 a       434     0    22     1    14
 -4.7442671523334323E-03 a       435     0    22     1    15
  3.4955089250351806E-01 a       436     0    22     1    16
  4.6645787707395481E-01 a       437     0    22     1    17
 -8.4707370501503121E-01 a       438     0    22     1    18
 -4.0397762681838467E-01 a       439     0    22     1    19
  6.2033830701257797E-01 a       440     0    22     1    20
 -3.7933403062703952E-01 a       441     0    23     1     1
  1.3074644618207448E-01 a       442     0    23     1     2
  1.4009360529290751E-01 a       443     0    23     1     3
  5.1663709569939187E-01 a       444     0    23     1     4
  2.3020327566659872E-02 a       445     0    23     1     5
  3.5440177526426564E-01 a       446     0    23     1     6
  2.9053084009276942E-01 a       447     0    23     1     7
  5.0435441514580948E-01 a       448     0    23     1     8
 -2.5228244372812297E-01 a       449     0    23     1     9
  4.1650481479454748E-01 a       450     0    23     1    10
 -1.0355778127978643E-01 a       451     0    23     1    11
 -2.9637651050274344E-01 a       452     0    23     1    12
  3.3308488630694116E-01 a       453     0    23     1    13
  3.7315923960806929E-01 a       454     0    23     1    14
  1.7853263712146378E-01 a       455     0    23     1    15
 -5.3684239765828611E-02 a       456     0    23     1    16
  1.3821982714827272E-01 a       457     0    23     1    17
 -1.3627684237856092E-02 a       458     0    23     1    18
  1.5960574166021452E-01 a       459     0    23     1    19
  6.0080520294106363E-02 a       460     0    23     1    20
 -4.9274890673482577E-02 a       461     0    24     1     1
 -2.5351548019257031E-01 a       462     0    24     1     2
 -9.2805118563347611E-01 a       463     0    24     1     3
 -3.9226434852195630E-01 a       464     0    24     1     4
 -3.6869652783825257E-01 a       465     0    24     1     5
  2.9973139742995869E-01 a       466     0    24     1     6
 -5.6754913969330256E-01 a       467     0    24     1     7
 -5.5945246910427160E-01 a       468     0    24     1     8
 -4.8342100813935956E-01 a       469     0    24     1     9
  4.1042765641799553E-02 a       470     0    24     1    10
 -1.8380020074938452E-01 a       471     0    24     1    11
  2.9180746965705340E-01 a       472     0    24     1    12
  8.6542880184685131E-02 a       473     0    24     1    13
  8.5122882545774503E-01 a       474     0    24     1    14
 -3.8566856343351594E-02 a       475     0    24     1    15
  2.3147412136462783E-01 a       476     0    24     1    16
  1.5500545520033868E-01 a       477     0    24     1    17
  1.4390199628632311E-01 a       478     0    24     1    18
 -1.8684460020638113E-01 a       479     0    24     1    19
  3.1454374384403544E-01 a       480     0    24     1    20
  2.3452651507372406E-02 a       481     0    25     1     1
  3.5216620146030270E-01 a       482     0    25     1     2
  1.1826666838132740E+00 a       483     0    25     1     3
  1.3824393964243864E+00 a       484     0    25     1     4
  2.8554811957634618E-01 a       485     0    25     1     5
  2.1937332172177626E-01 a       486     0    25     1     6
  3.4765027943792548E-01 a       487     0    25     1     7
  4.2065056789609423E-01 a       488     0    25     1     8
 -1.0612303400580997E-01 a       489     0    25     1     9
 -9.5572659310030991E-02 a       490     0    25     1    10
  5.3423591886612420E-01 a       491     0    25     1    11
 -1.0277761140667825E-01 a       492     0    25     1    12
  7.3610752209658759E-01 a       493     0    25     1    13
 -1.0479922591729269E+00 a       494     0    25     1    14
  9.0203221562950367E-02 a       495     0    25     1    15
 -4.1191711221623301E-01 a       496     0    25     1    16
  2.4734016587954852E-01 a       497     0    25     1    17
  7.5312161074853934E-01 a       498     0    25     1    18
  3.2946786554441621E-01 a       499     0    25     1    19
 -7.6642511392238988E-01 a       500     0    25     1    20
  7.4559183619726785E-02 a       501     0    26     1     1
  1.2230522456036329E-01 a       502     0    26     1     2
  4.2596241902385118E-01 a       503     0    26     1     3
  3.8397092005044819E-01 a       504     0    26     1     4
  4.3915742138508557E-01 a       505     0    26     1     5
  3.1610483088858043E-01 a       506     0    26     1     6
  3.2900413580515048E-01 a       507     0    26     1     7
  2.4193681828222260E-01 a       508     0    26     1     8
  1.6446009779021531E-01 a       509     0    26     1     9
  3.6625676165860210E-01 a       510     0    26     1    10
  2.3460867611526282E-01 a       511     0    26     1    11
  3.3862880753531624E-02 a       512     0    26     1    12
  2.9450995004782665E-01 a       513     0    26     1    13
 -7.4746414715926424E-01 a       514     0    26     1    14
  2.6298157845599296E-01 a       515     0    26     1    15
 -5.0640638894699219E-02 a       516     0    26     1    16
  1.0885779723673755E-01 a       517     0    26     1    17
 -2.0726742242380283E-04 a       518     0    26     1    18
 -7.5493680207608063E-02 a       519     0    26     1    19
  3.2523269199331017E-01 a       520     0    26     1    20
  3.3162057847283261E-01 a       521     0    27     1     1
 -1.3090233325983608E-02 a       522     0    27     1     2
 -4.4108238858675408E-01 a       523     0    27     1     3
 -9.5346471286223045E-01 a       524     0    27     1     4
 -1.2430035390666287E-01 a       525     0    27     1     5
 -2.5145492470986686E-01 a       526     0    27     1     6
 -2.3201075007152161E-01 a       527     0    27     1     7
 -1.2129346208507845E+00 a       528     0    27     1     8
 -7.3844359762439318E-02 a       529     0    27     1     9
 -6.2569590801636077E-01 a       530     0    27     1    10
 -1.0766635999094500E+00 a       531     0    27     1    11
  2.6314382356039773E-01 a       532     0    27     1    12
 -4.0837179659563400E-01 a       533     0    27     1    13
  9.7130435357014278E-01 a       534     0    27     1    14
  8.4061947848639310E-02 a       535     0    27     1    15
  1.4031029401589512E-01 a       536     0    27     1    16
 -2.5936653503219020E-01 a       537     0    27     1    17
 -3.2678413271480372E-01 a       538     0    27     1    18
 -1.0934443702952017E+00 a       539     0    27     1    19
  1.3463882773123907E-02 a       540     0    27     1    20
  4.3648775753409719E-01 a       541     0    28     1     1
  5.7650302048932706E-02 a       542     0    28     1     2
  5.0226509236066985E-01 a       543     0    28     1     3
 -3.8286826820249281E-01 a       544     0    28     1     4
 -2.3857485599503594E-01 a       545     0    28     1     5
  5.0384617885119631E-01 a       546     0    28     1     6
 -4.2107919808973593E-01 a       547     0    28     1     7
 -3.4637974093848604E-02 a       548     0    28     1     8
 -2.3560718267260669E-01 a       549     0    28     1     9
  2.3707392566993377E-01 a       550     0    28     1    10
 -7.3746818148233029E-02 a       551     0    28     1    11
  2.2882924302888442E-02 a       552     0    28     1    12
 -7.0559648019138799E-01 a       553     0    28     1    13
 -1.9160615681240731E-01 a       554     0    28     1    14
 -8.8333756326306440E-02 a       555     0    28     1    15
  2.0993150766129201E-01 a       556     0    28     1    16
 -2.0510981498269629E-01 a       557     0    28     1    17
 -4.4453559233355450E-01 a       558     0    28     1    18
 -4.3647259613946693E-01 a       559     0    28     1    19
  2.6202396522242261E-01 a       560     0    28     1    20
  8.9773058740114708E-02 a       561     0    29     1     1
  3.0156380543648605E-02 a       562     0    29     1     2
  3.6279399854060007E-01 a       563     0    29     1     3
 -3.0023693416561842E-01 a       564     0    29     1     4
 -1.5268349900059902E-01 a       565     0    29     1     5
 -1.6639391630642494E-01 a       566     0    29     1     6
 -3.0045564768922839E-01 a       567     0    29     1     7
 -3.5775626149764150E-02 a       568     0    29     1     8
 -1.6601556766461148E-01 a       569     0    29     1     9
  2.6424497331023250E-01 a       570     0    29     1    10
 -4.6524732432987000E-02 a       571     0    29     1    11
 -4.6427271555218069E-01 a       572     0    29     1    12
 -3.6179323224318405E-01 a       573     0    29     1    13
 -6.5178760650585432E-01 a       574     0    29     1    14
 -4.4473757986183537E-01 a       575     0    29     1    15
  1.3154230775396193E-02 a       576     0    29     1    16
  8.6339270598670470E-02 a       577     0    29     1    17
  6.2332937710871686E-02 a       578     0    29     1    18
 -3.1316041740121653E-01 a       579     0    29     1    19
  3.6410297909391381E-01 a       580     0    29     1    20
  1.8834366276680964E-01 a       581     0    30     1     1
  2.0058111257462802E-01 a       582     0    30     1     2
  4.6776848893145268E-01 a       583     0    30     1     3
  1.9291229790100295E-01 a       584     0    30     1     4
 -3.1419844775034261E-01 a       585     0    30     1     5
 -1.9082775261459287E-01 a       586     0    30     1     6
  1.0258104393738521E-01 a       587     0    30     1     7
  1.4754885227011072E-01 a       588     0    30     1     8
  1.6711049178356646E-01 a       589     0    30     1     9
 -7.1200099299361941E-02 a       590     0    30     1    10
  1.1988324982494550E-01 a       591     0    30     1    11
 -9.6659506816521232E-03 a       592     0    30     1    12
 -1.2651757649639350E-01 a       593     0    30     1    13
  5.6811141907559326E-01 a       594     0    30     1    14
 -3.2090035881865864E-01 a       595     0    30     1    15
  1.5607149068371232E-01 a       596     0    30     1    16
  1.7569269326273476E-01 a       597     0    30     1    17
  5.0344420868235845E-02 a       598     0    30     1    18
  3.3849635254575816E-01 a       599     0    30     1    19
 -6.0004164187811349E-01 a       600     0    30     1    20
  2.3904887761886248E-01 a       601     0    31     1     1
  1.7510176042906181E-01 a       602     0    31     1     2
  2.6151677030008275E-01 a       603     0    31     1     3
 -1.4042204058796287E-01 a       604     0    31     1     4
 -1.7773998810837974E-01 a       605     0    31     1     5
 -2.6078049593593450E-01 a       606     0    31     1     6
  6.1366172552810605E-01 a       607     0    31     1     7
 -2.2507573389337066E-02 a       608     0    31     1     8
  3.5918243726105126E-01 a       609     0    31     1     9
  7.2346391685128089E-02 a       610     0    31     1    10
 -2.2571199664495442E-01 a       611     0    31     1    11
  2.8690881599010232E-01 a       612     0    31     1    12
  2.6668233361894411E-01 a       613     0    31     1    13
  4.0633341315530580E-01 a       614     0    31     1    14
 -1.9417432265860790E-02 a       615     0    31     1    15
  9.4260833735173730E-02 a       616     0    31     1    16
  6.7301943116957452E-01 a       617     0    31     1    17
  2.7280445723877828E-01 a       618     0    31     1    18
  4.0630582608953225E-01 a       619     0    31     1    19
 -2.9954639025481983E-01 a       620     0    31     1    20
 -3.5698581965807047E-01 a       621     0    32     1     1
  3.6740831236803752E-02 a       622     0    32     1     2
 -1.3630046332332543E-01 a       623     0    32     1     3
 -9.6361438677374978E-01 a       624     0    32     1     4
 -1.0840020799668644E-01 a       625     0    32     1     5
 -4.0348635158448221E-01 a       626     0    32     1     6
  2.7915206503678269E-01 a       627     0    32     1     7
 -2.5664947468359480E-02 a       628     0    32     1     8
 -4.4247432139943427E-01 a       629     0    32     1     9
 -5.3960408186325935E-02 a       630     0    32     1    10
 -5.0367247415420402E-01 a       631     0    32     1    11
 -4.3326056087122328E-01 a       632     0    32     1    12
 -1.0415956362048222E-01 a       633     0    32     1    13
 -3.1737052870834476E-01 a       634     0    32     1    14
  3.0222847134193237E-01 a       635     0    32     1    15
  1.4392385894336540E-01 a       636     0    32     1    16
 -4.5916313055627034E-01 a       637     0    32     1    17
 -2.9887203937260787E-01 a       638     0    32     1    18
  2.0693247276967000E-01 a       639     0    32     1    19
  1.0019268608733299E-01 a       640     0    32     1    20
 -2.1521863967758650E-01 a       641     0    33     1     1
 -2.8330996109132028E-01 a       642     0    33     1     2
  1.1087504188443181E-02 a       643     0    33     1     3
  1.9659102709452159E-01 a       644     0    33     1     4
 -3.0981503755667905E-01 a       645     0    33     1     5
 -1.6436785897093809E-01 a       646     0    33     1     6
  5.7627564429817957E-01 a       647     0    33     1     7
 -3.3555021410896751E-01 a       648     0    33     1     8
 -1.4602464696165460E-01 a       649     0    33     1     9
 -7.0090954681019278E-03 a       650     0    33     1    10
 -5.4260901083268587E-01 a       651     0    33     1    11
  2.2200620915877703E-01 a       652     0    33     1    12
  7.4649977670958045E-01 a       653     0    33     1    13
 -5.2323874308146168E-02 a       654     0    33     1    14
  2.0456855832822959E-01 a       655     0    33     1    15
 -2.6578866546557200E-01 a       656     0    33     1    16
  4.2147131844843873E-02 a       657     0    33     1    17
  3.8746577688407408E-01 a       658     0    33     1    18
  3.9864287890432171E-02 a       659     0    33     1    19
  6.1570801901528145E-02 a       660     0    33     1    20
 -1.3011494908520433E-02 a       661     0    34     1     1
  5.6449935838340431E-02 a       662     0    34     1     2
  3.8745162870468787E-02 a       663     0    34     1     3
 -4.2586770110220745E-02 a       664     0    34     1     4
  2.6967355114368197E-01 a       665     0    34     1     5
  1.5470714989294856E-01 a       666     0    34     1     6
 -3.8355933944369563E-01 a       667     0    34     1     7
  1.0508168401985712E-01 a       668     0    34     1     8
  2.9605112355955997E-02 a       669     0    34     1     9
 -9.0184507754067070E-02 a       670     0    34     1    10
  4.1248782283768681E-01 a       671     0    34     1    11
 -6.6425741370251604E-02 a       672     0    34     1    12
 -4.1940625440657675E-01 a       673     0    34     1    13
  1.3740962177897564E-01 a       674     0    34     1    14
  7.3374959449337748E-03 a       675     0    34     1    15
 -7.9175877585783247E-02 a       676     0    34     1    16
  1.5786509962525473E-02 a       677     0    34     1    17
 -3.4037124489018811E-01 a       678     0    34     1    18
  2.2373167696447885E-01 a       679     0    34     1    19
  2.6851027286174362E-01 a       680     0    34     1    20
  5.0645066859795740E-01 a       681     0    35     1     1
 -3.1602784209062729E-01 a       682     0    35     1     2
 -1.3464815891987289E-01 a       683     0    35     1     3
  4.9734838191725605E-01 a       684     0    35     1     4
  9.8960662656962295E-01 a       685     0    35     1     5
  7.0682112457495438E-01 a       686     0    35     1     6
  1.0061942082921506E-01 a       687     0    35     1     7
  5.2622069670623606E-01 a       688     0    35     1     8
  3.4317633087405713E-01 a       689     0    35     1     9
  1.8806647952033301E-01 a       690     0    35     1    10
  2.2104874227029686E-01 a       691     0    35     1    11
  6.3017875874409685E-02 a       692     0    35     1    12
  5.7621127593588151E-01 a       693     0    35     1    13
  3.5807282934161710E-01 a       694     0    35     1    14
 -3.1151595726439840E-01 a       695     0    35     1    15
  4.7467539704799844E-01 a       696     0    35     1    16
 -3.2186936711019692E-01 a       697     0    35     1    17
 -7.2383731653903063E-04 a       698     0    35     1    18
 -1.7118192601156751E-01 a       699     0    35     1    19
 -1.0597201087620887E-01 a       700     0    35     1    20
  1.8050806714901790E-01 a       701     0    36     1     1
 -2.2920307888520952E-01 a       702     0    36     1     2
 -8.4423715419566850E-02 a       703     0    36     1     3
  4.4284641730979173E-02 a       704     0    36     1     4
  4.5676131294305111E-01 a       705     0    36     1     5
 -5.2906891728054961E-01 a       706     0    36     1     6
 -1.1642288307527263E-01 a       707     0    36     1     7
 -1.2322421577810741E-01 a       708     0    36     1     8
  4.8277994971204156E-02 a       709     0    36     1     9
  3.4972112327968208E-01 a       710     0    36     1    10
  5.7719735943997257E-02 a       711     0    36     1    11
  1.0031758424507313E-01 a       712     0    36     1    12
 -3.5861424297688926E-01 a       713     0    36     1    13
 -2.3460337965023257E-02 a       714     0    36     1    14
  3.1003524414812367E-01 a       715     0    36     1    15
  4.7541789220334557E-02 a       716     0    36     1    16
  1.9266700240440360E-01 a       717     0    36     1    17
 -6.6949892279631287E-02 a       718     0    36     1    18
  1.4935272995066692E-01 a       719     0    36     1    19
  1.4361050818328053E-01 a       720     0    36     1    20
  1.9748001466608681E-01 a       721     0    37     1     1
  4.1790079462935448E-01 a       722     0    37     1     2
  3.0772801218329555E-02 a       723     0    37     1     3
 -2.2667061284550244E-01 a       724     0    37     1     4
 -2.7372460907524337E-01 a       725     0    37     1     5
  2.3712043479336212E-01 a       726     0    37     1     6
 -5.2786063176063158E-01 a       727     0    37     1     7
  4.7797058862701503E-01 a       728     0    37     1     8
 -5.8507073835739592E-03 a       729     0    37     1     9
 -2.2498269434053969E-01 a       730     0    37     1    10
  5.0019730180334776E-01 a       731     0    37     1    11
 -2.4715140353024562E-01 a       732     0    37     1    12
 -6.8042527247415419E-01 a       733     0    37     1    13
  2.2055947770700305E-02 a       734     0    37     1    14
  2.6935621863912986E-02 a       735     0    37     1    15
  5.5791760890026010E-01 a       736     0    37     1    16
 -4.6860215681012063E-02 a       737     0    37     1    17
 -3.6413594325741117E-01 a       738     0    37     1    18
  7.6591648483769814E-02 a       739     0    37     1    19
  1.5566443613815104E-01 a       740     0    37     1    20
 -5.9187203716945425E-01 a       741     0    38     1     1
  2.6350119907474012E-01 a       742     0    38     1     2
 -2.1723702697147759E-01 a       743     0    38     1     3
  2.5949548009899986E-01 a       744     0    38     1     4
  1.2156886055140521E-02 a       745     0    38     1     5
  2.7816305974993327E-01 a       746     0    38     1     6
  1.2387600700335791E-01 a       747     0    38     1     7
 -6.1519879074102723E-02 a       748     0    38     1     8
 -2.1823569247867802E-01 a       749     0    38     1     9
 -2.4157259958146104E-01 a       750     0    38     1    10
 -2.3615012993754966E-01 a       751     0    38     1    11
  3.9302223434940609E-02 a       752     0    38     1    12
  3.7764383462888296E-01 a       753     0    38     1    13
 -3.9324200845408577E-03 a       754     0    38     1    14
 -7.3229377769324672E-02 a       755     0    38     1    15
 -5.9792422052089400E-01 a       756     0    38     1    16
  6.8854814311915438E-02 a       757     0    38     1    17
  8.1459537436159232E-02 a       758     0    38     1    18
 -3.4561612870798258E-01 a       759     0    38     1    19
 -2.7156040122735745E-02 a       760     0    38     1    20
 -1.7310005872011428E-02 a       761     0    39     1     1
  3.0848967287042112E-01 a       762     0    39     1     2
 -2.6199765802786085E-01 a       763     0    39     1     3
  7.5879263562798327E-01 a       764     0    39     1     4
  3.2030554634499159E-01 a       765     0    39     1     5
  6.1326003490558545E-01 a       766     0    39     1     6
 -1.2552236396016922E-01 a       767     0    39     1     7
 -4.9784262671829577E-01 a       768     0    39     1     8
  9.4413014006033447E-01 a       769     0    39     1     9
  2.1329179418951530E-01 a       770     0    39     1    10
 -1.8109396571478453E-01 a       771     0    39     1    11
 -1.0013949869088491E-01 a       772     0    39     1    12
  2.0325257908054611E-01 a       773     0    39     1    13
 -1.5564111138182549E-01 a       774     0    39     1    14
  1.8111705142086573E-01 a       775     0    39     1    15
 -5.7582594075274329E-01 a       776     0    39     1    16
  5.6030350123841688E-01 a       777     0    39     1    17
  3.7060043465721557E-03 a       778     0    39     1    18
  1.6146879110183873E-01 a       779     0    39     1    19
 -1.2955781129221547E-01 a       780     0    39     1    20
 -2.0580753795308573E-01 a       781     0    40     1     1
 -1.2070082402034017E-01 a       782     0    40     1     2
  3.8858610273638666E-01 a       783     0    40     1     3
 -1.1563509138780120E-01 a       784     0    40     1     4
  6.8974845491035097E-01 a       785     0    40     1     5
 -1.8409380321286933E-01 a       786     0    40     1     6
 -6.2891021770851305E-02 a       787     0    40     1     7
 -1.1014543875591676E-01 a       788     0    40     1     8
 -8.2344248690086541E-01 a       789     0    40     1     9
 -6.7008509992099052E-01 a       790     0    40     1    10
 -6.6910231795857489E-01 a       791     0    40     1    11
  1.9562474448611702E-01 a       792     0    40     1    12
  5.5974515334809694E-01 a       793     0    40     1    13
 -1.0841703045353308E-01 a       794     0    40     1    14
  4.1332258255397758E-01 a       795     0    40     1    15
 -6.4214211505332019E-01 a       796     0    40     1    16
  6.9868211406641345E-02 a       797     0    40     1    17
  5.2911330642913712E-01 a       798     0    40     1    18
  1.8539063185980220E-01 a       799     0    40     1    19
  9.3057490176552321E-02 a       800     0    40     1    20
  4.5436678384781259E-01 a       801     0    41     1     1
 -5.0510532703673283E-01 a       802     0    41     1     2
 -3.5183127197817449E-01 a       803     0    41     1     3
 -1.3114993130304664E-01 a       804     0    41     1     4
 -1.4183616029868593E-01 a       805     0    41     1     5
  2.6119378347123601E-01 a       806     0    41     1     6
  1.2578749613351162E-01 a       807     0    41     1     7
 -4.2571441731000315E-01 a       808     0    41     1     8
  5.7555638801211861E-01 a       809     0    41     1     9
  4.6968577490413643E-01 a       810     0    41     1    10
  6.7744573990296775E-01 a       811     0    41     1    11
 -2.2816555796724003E-01 a       812     0    41     1    12
  1.5164771694098095E-01 a       813     0    41     1    13
 -1.6290336814342915E-01 a       814     0    41     1    14
 -1.2921283875354166E-02 a       815     0    41     1    15
  1.4502756997633201E-01 a       816     0    41     1    16
 -1.9254025378975584E-01 a       817     0    41     1    17
 -1.7842583160224443E-03 a       818     0    41     1    18
 -5.4539026556085723E-02 a       819     0    41     1    19
 -1.9699672944387136E-02 a       820     0    41     1    20
  3.2240499898800451E-01 a       821     0    42     1     1
  3.9968618067733469E-02 a       822     0    42     1     2
 -4.3674214940146799E-01 a       823     0    42     1     3
 -2.1651914427309968E-01 a       824     0    42     1     4
  1.8458630083639130E-01 a       825     0    42     1     5
  4.1741508979877168E-01 a       826     0    42     1     6
  2.6440165223072515E-01 a       827     0    42     1     7
 -2.1313394822279921E-02 a       828     0    42     1     8
 -3.3849816819095274E-01 a       829     0    42     1     9
 -2.2748591129562376E-01 a       830     0    42     1    10
 -2.7480831030578533E-02 a       831     0    42     1    11
 -2.0599376629925251E-01 a       832     0    42     1    12
 -1.5913516005700687E-01 a       833     0    42     1    13
 -2.1262256063076995E-01 a       834     0    42     1    14
  1.6380033396493979E-01 a       835     0    42     1    15
  5.3441131495441807E-01 a       836     0    42     1    16
 -4.6499576130461917E-01 a       837     0    42     1    17
 -4.8379173213105253E-01 a       838     0    42     1    18
  2.8970388538368835E-02 a       839     0    42     1    19
  2.0458208799429770E-01 a       840     0    42     1    20
 -1.6892864297598062E-01 a       841     0    43     1     1
 -4.9941523972722757E-01 a       842     0    43     1     2
 -2.8213972529176207E-01 a       843     0    43     1     3
  4.5906281926859632E-01 a       844     0    43     1     4
  1.9393319304345641E-01 a       845     0    43     1     5
 -6.5142574088453342E-01 a       846     0    43     1     6
 -2.9428333119907529E-01 a       847     0    43     1     7
  6.8192570069498448E-01 a       848     0    43     1     8
  1.1320639299580300E+00 a       849     0    43     1     9
  3.6084566319651196E-01 a       850     0    43     1    10
  3.2759103713704030E-01 a       851     0    43     1    11
  1.1800338949944206E-01 a       852     0    43     1    12
  2.0121573790765412E-01 a       853     0    43     1    13
  1.7117511803180313E-01 a       854     0    43     1    14
  5.2083789232630850E-01 a       855     0    43     1    15
 -1.0386503872981312E-01 a       856     0    43     1    16
  3.9707906988687747E-01 a       857     0    43     1    17
 -4.4698331646257700E-01 a       858     0    43     1    18
  4.6283567254218894E-01 a       859     0    43     1    19
 -1.3278512507581144E-01 a       860     0    43     1    20
 -6.8653365973813474E-01 a       861     0    44     1     1
  6.3629294724846652E-01 a       862     0    44     1     2
  3.9657375271501544E-01 a       863     0    44     1     3
 -2.7879275762344435E-01 a       864     0    44     1     4
 -2.8295628099203324E-01 a       865     0    44     1     5
  2.8960159855074639E-02 a       866     0    44     1     6
  1.0765605415084716E-01 a       867     0    44     1     7
 -3.1507923960344714E-01 a       868     0    44     1     8
 -6.9308654072456743E-01 a       869     0    44     1     9
 -2.6841207278696871E-01 a       870     0    44     1    10
 -3.4886001440632003E-01 a       871     0    44     1    11
  4.0435843893064691E-02 a       872     0    44     1    12
 -5.7571311018411418E-03 a       873     0    44     1    13
  5.8085843401626397E-02 a       874     0    44     1    14
 -5.3765849376947528E-01 a       875     0    44     1    15
 -1.6747443912977150E-01 a       876     0    44     1    16
 -8.3251615683023861E-02 a       877     0    44     1    17
  1.4206270835003498E-01 a       878     0    44     1    18
 -3.1425831177420821E-01 a       879     0    44     1    19
 -1.7205731904905333E-01 a       880     0    44     1    20
 -2.8587347291545423E-01 a       881     0    45     1     1
 -5.6929458591136572E-02 a       882     0    45     1     2
 -1.3473159210907215E-01 a       883     0    45     1     3
 -4.6632130345698652E-01 a       884     0    45     1     4
  1.6773342370921021E-01 a       885     0    45     1     5
 -4.9162360400430150E-01 a       886     0    45     1     6
  3.0037481240321096E-01 a       887     0    45     1     7
  4.4901780093154881E-01 a       888     0    45     1     8
  1.2647414253289790E-01 a       889     0    45     1     9
 -3.2701825101677279E-01 a       890     0    45     1    10
  7.2711285755975985E-01 a       891     0    45     1    11
  8.0791981230454124E-01 a       892     0    45     1    12
 -1.1364650677710260E-01 a       893     0    45     1    13
 -2.1170923084650001E-01 a       894     0    45     1    14
 -1.5932540596479772E-01 a       895     0    45     1    15
 -5.2065925829570892E-01 a       896     0    45     1    16
  2.7535305959138107E-01 a       897     0    45     1    17
  4.6778334932109861E-01 a       898     0    45     1    18
 -2.3770013271766596E-01 a       899     0    45     1    19
  2.8339255935460145E-01 a       900     0    45     1    20
 -2.8376588592667046E-01 a       901     0    46     1     1
 -7.1652233547905597E-01 a       902     0    46     1     2
  6.1893176583368410E-02 a       903     0    46     1     3
  2.1916530731914635E-01 a       904     0    46     1     4
  8.7341294705679043E-02 a       905     0    46     1     5
 -5.7556721966801105E-01 a       906     0    46     1     6
 -2.4090752899387008E-01 a       907     0    46     1     7
 -2.0428691133920825E-02 a       908     0    46     1     8
  3.2014607803204770E-01 a       909     0    46     1     9
 -1.5334838580034862E-01 a       910     0    46     1    10
 -2.4062424364166512E-02 a       911     0    46     1    11
 -1.6768885045525969E-02 a       912     0    46     1    12
 -4.9616556591506966E-01 a       913     0    46     1    13
  2.5360164194376078E-01 a       914     0    46     1    14
  3.6996570414845803E-01 a       915     0    46     1    15
 -1.0785936732825641E-01 a       916     0    46     1    16
 -1.0607717759200164E+00 a       917     0    46     1    17
 -7.1296025142253514E-02 a       918     0    46     1    18
  1.0199807753203229E-01 a       919     0    46     1    19
 -5.5380111515266073E-01 a       920     0    46     1    20
 -1.5135523326654599E+00 b       921     1     1
  3.7451171641168129E-01 b       922     1     2
 -5.7045580719952682E-01 b       923     1     3
 -4.4008032556319238E-01 b       924     1     4
 -1.5338521169257413E+00 b       925     1     5
  6.8610343975308341E-01 b       926     1     6
 -1.2341857511412755E+00 b       927     1     7
  9.0281242023069819E-01 b       928     1     8
 -9.3671846117747204E-01 b       929     1     9
  1.0098017905896821E+00 b       930     1    10
  9.0981486159740499E-01 b       931     1    11
 -7.9780007744005055E-01 b       932     1    12
  9.5180652149330891E-01 b       933     1    13
  1.1797760909065871E+00 b       934     1    14
 -1.0140782114198743E+00 b       935     1    15
 -7.3236492156076571E-01 b       936     1    16
  4.5068234799569756E-01 b       937     1    17
 -1.1458066308871954E-01 b       938     1    18
 -1.0933864309794497E+00 b       939     1    19
  4.9830975266148236E-01 b       940     1    20
  2.8248555027717509E-01 a       941     1     1     2     1
 -6.3711708102758746E-01 a       942     1     1     2     2
  8.8563280457597315E-01 a       943     1     1     2     3
 -6.1837227344292145E-01 a       944     1     1     2     4
  1.3955431076702265E-01 a       945     1     1     2     5
 -6.6678928614171129E-01 a       946     1     1     2     6
 -3.6061959405593974E-01 a       947     1     1     2     7
 -3.0877877329431253E-01 a       948     1     1     2     8
  8.9314040224467295E-01 a       949     1     1     2     9
 -5.4879709503940588E-01 a       950     1     1     2    10
  2.8345556155308838E-01 a       951     1     1     2    11
 -2.2855061154804321E-01 a       952     1     1     2    12
  6.9942592703779360E-01 a       953     1     1     2    13
  1.5621941891915886E-01 a       954     1     1     2    14
  3.5854738573557904E-01 a       955     1     1     2    15
  6.9330698812660352E-02 a       956     1     1     2    16
 -2.8859017731502085E-01 a       957     1     1     2    17
 -1.0196116880753215E-02 a       958     1     1     2    18
  2.8875833156393693E-01 a       959     1     1     2    19
 -8.0615742101528476E-01 a       960     1     1     2    20
  3.5433277876937169E-01 a       961     1     2     2     1
 -2.4781532434420778E-01 a       962     1     2     2     2
  4.6830388104737664E-01 a       963     1     2     2     3
  7.4408768831402461E-01 a       964     1     2     2     4
  2.1108118091632552E-01 a       965     1     2     2     5
 -3.8878199235997107E-01 a       966     1     2     2     6
  4.7409354887887534E-01 a       967     1     2     2     7
 -1.2504361960517013E-01 a       968     1     2     2     8
 -3.9645230813839399E-01 a       969     1     2     2     9
 -1.6790028348904129E-01 a       970     1     2     2    10
  2.5517606870571702E-01 a       971     1     2     2    11
 -4.3612287265006142E-02 a       972     1     2     2    12
 -2.6634119262124584E-01 a       973     1     2     2    13
 -1.6673160679477250E-01 a       974     1     2     2    14
  4.3090400959920994E-01 a       975     1     2     2    15
 -3.1876942460960700E-01 a       976     1     2     2    16
 -5.3046410495166207E-01 a       977     1     2     2    17
 -1.2025900371347481E-01 a       978     1     2     2    18
  2.1284789314387939E-01 a       979     1     2     2    19
  6.1039051467015902E-02 a       980     1     2     2    20
 -2.5496044501160253E-01 a       981     1     3     2     1
 -5.6979003015529361E-01 a       982     1     3     2     2
 -7.4721347825811280E-01 a       983     1     3     2     3
 -1.3127479306974718E-01 a       984     1     3     2     4
 -3.4401426315988903E-01 a       985     1     3     2     5
 -3.7694894679411445E-01 a       986     1     3     2     6
  5.6301330716308495E-01 a       987     1     3     2     7
  4.2209029428963912E-01 a       988     1     3     2     8
 -2.6877981613117474E-01 a       989     1     3     2     9
 -1.3533699641157768E-01 a       990     1     3     2    10
  1.1377984911492772E-01 a       991     1     3     2    11
 -4.3782931695827643E-01 a       992     1     3     2    12
  4.7404130839633385E-01 a       993     1     3     2    13
  4.6533964999817612E-01 a       994     1     3     2    14
 -4.1292511307222618E-01 a       995     1     3     2    15
  4.4436468293512726E-01 a       996     1     3     2    16
  4.8273964198133879E-01 a       997     1     3     2    17
 -4.3932330000697278E-01 a       998     1     3     2    18
 -5.6046713693626848E-01 a       999     1     3     2    19
 -6.4549063120430142E-02 a      1000     1     3     2    20
  9.4986688356118648E-02 a      1001     1     4     2     1
 -2.8797782959465984E-01 a      1002     1     4     2     2
  3.3648976434219137E-02 a      1003     1     4     2     3
  5.0312862658367863E-01 a      1004     1     4     2     4
 -5.7609164002199002E-02 a      1005     1     4     2     5
  1.2832149774171919E-01 a      1006     1     4     2     6
 -1.6003646278413848E+00 a      1007     1     4     2     7
  7.2187169059467426E-01 a      1008     1     4     2     8
  6.2611039411881009E-01 a      1009     1     4     2     9
  2.1142927212685667E-01 a      1010     1     4     2    10
 -1.6361491893789501E-01 a      1011     1     4     2    11
  3.5663281220432658E-01 a      1012     1     4     2    12
  7.6823565420090056E-01 a      1013     1     4     2    13
 -4.6173841849653829E-01 a      1014     1     4     2    14
 -6.7741731305832431E-01 a      1015     1     4     2    15
 -1.2825724202235955E-01 a      1016     1     4     2    16
 -1.9187336813957085E-02 a      1017     1     4     2    17
  2.4440059540605855E-01 a      1018     1     4     2    18
 -2.5165006355082492E-01 a      1019     1     4     2    19
  3.8303447269445079E-01 a      1020     1     4     2    20
 -8.7325697021456053E-02 a      1021     1     5     2     1
  3.4682964967623414E-01 a      1022     1     5     2     2
 -2.6463425555204584E-01 a      1023     1     5     2     3
  6.7196506185654148E-01 a      1024     1     5     2     4
 -4.1342384951042876E-01 a      1025     1     5     2     5
 -3.4226586275210624E-01 a      1026     1     5     2     6
  3.3596049801278516E-01 a      1027     1     5     2     7
  9.0339564779299553E-02 a      1028     1     5     2     8
 -5.3880756587491002E-02 a      1029     1     5     2     9
 -1.6063562199079676E-01 a      1030     1     5     2    10
  9.6857821440308334E-01 a      1031     1     5     2    11
  3.0149734372633252E-01 a      1032     1     5     2    12
 -3.1329885498628740E-01 a      1033     1     5     2    13
  2.1006969801540748E-01 a      1034     1     5     2    14
  3.0542017065627675E-01 a      1035     1     5     2    15
  3.2881021324530257E-01 a      1036     1     5     2    16
  9.2644996397568735E-02 a      1037     1     5     2    17
  1.5935794932332148E-01 a      1038     1     5     2    18
 -3.2454934369688393E-01 a      1039     1     5     2    19
  8.1308330932651246E-02 a      1040     1     5     2    20
  4.6646858724721574E-01 a      1041     1     6     2     1
  6.7879317623574603E-02 a      1042     1     6     2     2
  8.5026308506072207E-02 a      1043     1     6     2     3
 -4.1769598529990154E-01 a      1044     1     6     2     4
  3.5856533320395534E-01 a      1045     1     6     2     5
  3.0908622302030575E-01 a      1046     1     6     2     6
  3.1335436828974245E-01 a      1047     1     6     2     7
  5.0116860443250932E-01 a      1048     1     6     2     8
 -1.0108735193920125E-01 a      1049     1     6     2     9
 -1.9913749284632248E-01 a      1050     1     6     2    10
 -1.3360225828715541E-01 a      1051     1     6     2    11
  6.9422914085883447E-01 a      1052     1     6     2    12
  7.6818305676025944E-01 a      1053     1     6     2    13
  1.0498850942842365E-01 a      1054     1     6     2    14
  4.6501347940097704E-01 a      1055     1     6     2    15
  6.3989602855369432E-01 a      1056     1     6     2    16
  3.8790774833457908E-01 a      1057     1     6     2    17
 -9.5180577296777882E-02 a      1058     1     6     2    18
  5.8589180611147018E-01 a      1059     1     6     2    19
 -3.4558921706896520E-02 a      1060     1     6     2    20
 -3.5251458836508043E-01 a      1061     1     7     2     1
 -1.6314618891321161E-01 a      1062     1     7     2     2
  5.0211319311643832E-01 a      1063     1     7     2     3
  3.0673519598249710E-01 a      1064     1     7     2     4
 -1.1628486337894084E-01 a      1065     1     7     2     5
 -2.4097711932777113E-01 a      1066     1     7     2     6
  4.2654571710906403E-01 a      1067     1     7     2     7
  2.3284794787894036E-01 a      1068     1     7     2     8
  2.7009704082138619E-01 a      1069     1     7     2     9
 -5.4847955129891079E-01 a      1070     1     7     2    10
 -4.4084094901443088E-01 a      1071     1     7     2    11
 -1.0716630615225763E-01 a      1072     1     7     2    12
  4.0991156177778855E-02 a      1073     1     7     2    13
  9.1762806266556574E-01 a      1074     1     7     2    14
 -3.5500579800465859E-01 a      1075     1     7     2    15
 -1.7989604595166889E-01 a      1076     1     7     2    16
  4.6177399899346760E-01 a      1077     1     7     2    17
 -5.7536135670967747E-01 a      1078     1     7     2    18
 -1.8825458787822130E-01 a      1079     1     7     2    19
 -2.1809714182198292E-01 a      1080     1     7     2    20
 -5.5653118938093160E-01 a      1081     1     8     2     1
  3.7057166548796305E-01 a      1082     1     8     2     2
 -2.4156926367392753E-01 a      1083     1     8     2     3
 -6.5231470027305893E-01 a      1084     1     8     2     4
 -2.3969129792337395E-04 a      1085     1     8     2     5
  5.6023064175052560E-02 a      1086     1     8     2     6
 -3.1139421882151314E-01 a      1087     1     8     2     7
 -2.9327551932266016E-01 a      1088     1     8     2     8
 -5.8555810488278071E-01 a      1089     1     8     2     9
 -1.1340045019565642E-01 a      1090     1     8     2    10
  3.0833107389418923E-01 a      1091     1     8     2    11
 -7.1025401505504815E-01 a      1092     1     8     2    12
 -1.0700933050565975E+00 a      1093     1     8     2    13
  1.9884701833891993E-01 a      1094     1     8     2    14
  3.9295289096784411E-02 a      1095     1     8     2    15
  2.1566983930832248E-01 a      1096     1     8     2    16
 -3.1019595909664716E-01 a      1097     1     8     2    17
 -5.4113590970541137E-01 a      1098     1     8     2    18
 -4.0161598109693157E-02 a      1099     1     8     2    19
 -4.2461634574383900E-01 a      1100     1     8     2    20
  2.4420431469029083E-01 a      1101     1     9     2     1
 -3.3175923037416333E-01 a      1102     1     9     2     2
  4.1788435874720015E-01 a      1103     1     9     2     3
 -1.2179290637666873E+00 a      1104     1     9     2     4
 -6.7800008790218380E-01 a      1105     1     9     2     5
  1.5030399410443590E-01 a      1106     1     9     2     6
 -6.3229853052918239E-01 a      1107     1     9     2     7
  1.4542571936119972E-01 a      1108     1     9     2     8
 -4.6586060391135992E-01 a      1109     1     9     2     9
 -1.3133330314528409E+00 a      1110     1     9     2    10
 -7.1683282005315663E-01 a      1111     1     9     2    11
 -1.0721478287446000E-01 a      1112     1     9     2    12
  6.8801572877232398E-01 a      1113     1     9     2    13
 -6.5618530029993016E-01 a      1114     1     9     2    14
  3.2423742579241427E-01 a      1115     1     9     2    15
 -4.6079076769041355E-01 a      1116     1     9     2    16
 -8.1302062958687679E-02 a      1117     1     9     2    17
 -1.2955773936974593E-01 a      1118     1     9     2    18
  3.5024083737778319E-03 a      1119     1     9     2    19
  7.5316095335586697E-01 a      1120     1     9     2    20
 -4.0578996667270556E-01 a      1121     1    10     2     1
  5.4262209552346209E-02 a      1122     1    10     2     2
  3.8288875682253032E-02 a      1123     1    10     2     3
  2.2614390829957023E-01 a      1124     1    10     2     4
  4.4996559253340190E-01 a      1125     1    10     2     5
 -7.4196497093646085E-01 a      1126     1    10     2     6
  4.2082669743830076E-01 a      1127     1    10     2     7
  4.7622720065981539E-01 a      1128     1    10     2     8
  3.9229648487676773E-02 a      1129     1    10     2     9
  2.1102638006705590E-01 a      1130     1    10     2    10
 -5.1353329324944164E-01 a      1131     1    10     2    11
 -4.3491567272235399E-01 a      1132     1    10     2    12
 -5.9596459492373866E-01 a      1133     1    10     2    13
 -8.7138466144341897E-01 a      1134     1    10     2    14
  3.8084774630195933E-01 a      1135     1    10     2    15
  3.0728049028743622E-02 a      1136     1    10     2    16
  7.5139149519492257E-02 a      1137     1    10     2    17
  3.1192880352838698E-01 a      1138     1    10     2    18
  6.0076891847272285E-01 a      1139     1    10     2    19
 -7.4962551883829343E-01 a      1140     1    10     2    20
 -5.7368426338611056E-01 a      1141     1    11     2     1
 -2.3935864599041675E-02 a      1142     1    11     2     2
 -5.8879070318957216E-01 a      1143     1    11     2     3
  5.4865671240246094E-01 a      1144     1    11     2     4
 -2.8312169360235018E-01 a      1145     1    11     2     5
 -3.3849541038723219E-01 a      1146     1    11     2     6
  5.3234019549338252E-01 a      1147     1    11     2     7
 -7.7080245084372423E-01 a      1148     1    11     2     8
  5.8238973609958178E-01 a      1149     1    11     2     9
 -1.4976459878964696E-01 a      1150     1    11     2    10
 -2.9658468612278632E-01 a      1151     1    11     2    11
 -6.5466194305644612E-02 a      1152     1    11     2    12
  1.1952678894081382E-01 a      1153     1    11     2    13
  5.3891485881622148E-01 a      1154     1    11     2    14
 -4.4403952903082966E-01 a      1155     1    11     2    15
 -3.7712290468467763E-01 a      1156     1    11     2    16
  1.2870495404578122E-01 a      1157     1    11     2    17
 -3.4519042557902091E-01 a      1158     1    11     2    18
 -5.9998743064182936E-01 a      1159     1    11     2    19
 -2.0669405242527575E-01 a      1160     1    11     2    20
 -3.9406075291673365E-01 a      1161     1    12     2     1
 -5.3824823044845378E-02 a      1162     1    12     2     2
  4.8802050429081439E-01 a      1163     1    12     2     3
 -8.2511964595272949E-02 a      1164     1    12     2     4
  3.6665581473001790E-01 a      1165     1    12     2     5
 -6.2665090257045730E-01 a      1166     1    12     2     6
 -5.8119599645513886E-01 a      1167     1    12     2     7
  2.9855220645587954E-01 a      1168     1    12     2     8
  7.1012862090712781E-01 a      1169     1    12     2     9
  1.0422851266749464E+00 a      1170     1    12     2    10
  2.7935894412476886E-01 a      1171     1    12     2    11
 -2.8909856961065317E-01 a      1172     1    12     2    12
 -1.2223688905098312E-01 a      1173     1    12     2    13
  6.1331084790187818E-01 a      1174     1    12     2    14
  2.9361485998053433E-01 a      1175     1    12     2    15
 -6.8108026917929709E-01 a      1176     1    12     2    16
  6.9248123348402491E-01 a      1177     1    12     2    17
 -2.2949338817765796E-01 a      1178     1    12     2    18
 -2.2458544919147008E-01 a      1179     1    12     2    19
  2.3072052456401460E-01 a      1180     1    12     2    20
 -6.8354328887636717E-01 a      1181     1    13     2     1
 -1.1666443828814176E-01 a      1182     1    13     2     2
 -8.5652629657891100E-01 a      1183     1    13     2     3
 -2.7814474102135883E-01 a      1184     1    13     2     4
  4.4833583596913668E-01 a      1185     1    13     2     5
  5.5973152099871049E-01 a      1186     1    13     2     6
  3.1104692988353466E-01 a      1187     1    13     2     7
  8.7604676695424016E-02 a      1188     1    13     2     8
 -4.5916593530434668E-01 a      1189     1    13     2     9
  3.1262659185505037E-01 a      1190     1    13     2    10
 -1.9765194602793146E-01 a      1191     1    13     2    11
  5.6149181901823098E-01 a      1192     1    13     2    12
  8.6168817551163512E-02 a      1193     1    13     2    13
 -4.2721620052443496E-02 a      1194     1    13     2    14
 -1.5992093721846631E-01 a      1195     1    13     2    15
  1.0654383624471038E-01 a      1196     1    13     2    16
 -3.4023790412526561E-01 a      1197     1    13     2    17
  4.3141782949744095E-01 a      1198     1    13     2    18
 -1.8501442732504583E-01 a      1199     1    13     2    19
 -5.4469244611942991E-01 a      1200     1    13     2    20
  8.1982405588863105E-02 a      1201     1    14     2     1
  7.5312466943125900E-01 a      1202     1    14     2     2
  5.2664760929649468E-01 a      1203     1    14     2     3
 -2.1162506819281351E-01 a      1204     1    14     2     4
  6.4766016719432096E-01 a      1205     1    14     2     5
  7.5036867920487604E-01 a      1206     1    14     2     6
 -3.2127519080196276E-01 a      1207     1    14     2     7
  2.0366007909852479E-01 a      1208     1    14     2     8
  1.9483528125750840E-01 a      1209     1    14     2     9
 -8.8379976901608892E-01 a      1210     1    14     2    10
 -2.6815776753419640E-01 a      1211     1    14     2    11
  3.8028719113556914E-01 a      1212     1    14     2    12
  5.2648542845435631E-01 a      1213     1    14     2    13
  7.8025450734857837E-01 a      1214     1    14     2    14
  1.4922681953569691E-01 a      1215     1    14     2    15
 -7.6211456478980061E-02 a      1216     1    14     2    16
 -3.5031948654073901E-03 a      1217     1    14     2    17
 -3.2523091973323359E-01 a      1218     1    14     2    18
 -2.3286410637919416E-01 a      1219     1    14     2    19
  7.4223520094835560E-01 a      1220     1    14     2    20
  6.5231896755098481E-02 a      1221     1    15     2     1
 -4.6401672538533983E-01 a      1222     1    15     2     2
  2.4817719825219914E-01 a      1223     1    15     2     3
 -3.2360287166392321E-01 a      1224     1    15     2     4
 -5.2002891573658472E-01 a      1225     1    15     2     5
 -1.2808630365195475E-01 a      1226     1    15     2     6
  3.4788094936203011E-03 a      1227     1    15     2     7
  6.0292323404686834E-02 a      1228     1    15     2     8
 -2.7387570265364029E-02 a      1229     1    15     2     9
 -7.4560110202006355E-02 a      1230     1    15     2    10
 -7.0251353242604320E-01 a      1231     1    15     2    11
 -1.7358565410596910E-01 a      1232     1    15     2    12
 -5.3035145156393415E-01 a      1233     1    15     2    13
 -3.3015440811726832E-01 a      1234     1    15     2    14
 -5.4795903805095258E-01 a      1235     1    15     2    15
 -2.8821219776882218E-01 a      1236     1    15     2    16
  2.7291507879647947E-01 a      1237     1    15     2    17
 -3.8726521608008724E-01 a      1238     1    15     2    18
  4.0571268765587983E-02 a      1239     1    15     2    19
 -4.7915666338192581E-02 a      1240     1    15     2    20
 -2.0451929530803811E-02 a      1241     1    16     2     1
 -4.4417708704365877E-01 a      1242     1    16     2     2
 -1.4910666506221137E-01 a      1243     1    16     2     3
 -2.8715616660900722E-01 a      1244     1    16     2     4
  5.4776797799373000E-01 a      1245     1    16     2     5
 -5.1196989126065340E-01 a      1246     1    16     2     6
  6.1237344049486608E-01 a      1247     1    16     2     7
 -1.1058895221919710E-01 a      1248     1    16     2     8
 -8.8443034101869558E-02 a      1249     1    16     2     9
 -1.4722038047642586E-01 a      1250     1    16     2    10
  4.5194662011713155E-01 a      1251     1    16     2    11
  4.2551439225352639E-01 a      1252     1    16     2    12
  4.9978471642904565E-01 a      1253     1    16     2    13
  1.6838964301821349E-01 a      1254     1    16     2    14
 -5.8795972143179076E-01 a      1255     1    16     2    15
 -1.3396843248642668E-01 a      1256     1    16     2    16
 -3.4115747310637728E-01 a      1257     1    16     2    17
  8.9152507843976414E-01 a      1258     1    16     2    18
 -5.3938131166409442E-03 a      1259     1    16     2    19
  5.4519459579448337E-01 a      1260     1    16     2    20
  9.8570571920704753E-01 a      1261     1    17     2     1
 -5.1920471744798891E-01 a      1262     1    17     2     2
  9.3062420802543355E-01 a      1263     1    17     2     3
 -7.7192188316796495E-01 a      1264     1    17     2     4
  3.4269521476015258E-01 a      1265     1    17     2     5
  1.7894646514100665E-02 a      1266     1    17     2     6
 -4.2145958585621263E-01 a      1267     1    17     2     7
 -4.9661969228455179E-02 a      1268     1    17     2     8
 -1.4610191071165329E-01 a      1269     1    17     2     9
 -6.5921920015674568E-02 a      1270     1    17     2    10
 -2.6468562113326677E-01 a      1271     1    17     2    11
 -2.9864686006827179E-01 a      1272     1    17     2    12
  3.3064417256719203E-01 a      1273     1    17     2    13
  6.3589058120715425E-01 a      1274     1    17     2    14
 -1.3883603312298901E-01 a      1275     1    17     2    15
  6.0200315651668312E-01 a      1276     1    17     2    16
 -3.1988139722876324E-01 a      1277     1    17     2    17
  3.7717033449854838E-02 a      1278     1    17     2    18
  1.6778375995954781E-01 a      1279     1    17     2    19
 -3.9500939186376793E-01 a      1280     1    17     2    20
  4.1409896997322976E-01 a      1281     1    18     2     1
  1.8336927016235344E-01 a      1282     1    18     2     2
  2.3964244686071690E-01 a      1283     1    18     2     3
  4.5845100702299940E-01 a      1284     1    18     2     4
 -1.4619180773229334E-01 a      1285     1    18     2     5
 -3.1130761775967036E-01 a      1286     1    18     2     6
 -1.8654495129035645E-01 a      1287     1    18     2     7
  3.5894038022861463E-01 a      1288     1    18     2     8
 -4.3353296817842102E-01 a      1289     1    18     2     9
 -1.0234634992350609E+00 a      1290     1    18     2    10
  6.1712332700357686E-01 a      1291     1    18     2    11
 -4.2074381564288721E-01 a      1292     1    18     2    12
 -2.9111596621628527E-01 a      1293     1    18     2    13
  3.7133997866282485E-02 a      1294     1    18     2    14
  3.4153283771266496E-01 a      1295     1    18     2    15
 -3.2617463288992343E-01 a      1296     1    18     2    16
 -1.0302203788830945E-01 a      1297     1    18     2    17
 -3.9691315574782432E-01 a      1298     1    18     2    18
 -2.1141521643655445E-02 a      1299     1    18     2    19
  1.3042585402681922E-01 a      1300     1    18     2    20
  1.1115620579671399E-01 a      1301     1    19     2     1
  1.3293374973745023E-01 a      1302     1    19     2     2
  1.8001379938521989E-01 a      1303     1    19     2     3
  4.3106068059261288E-01 a      1304     1    19     2     4
 -2.7136425064573577E-01 a      1305     1    19     2     5
  3.8127138157965751E-01 a      1306     1    19     2     6
  3.2874585123262695E-01 a      1307     1    19     2     7
  5.7146144221622855E-02 a      1308     1    19     2     8
  2.3413993930041441E-02 a      1309     1    19     2     9
 -1.0487882410004101E-01 a      1310     1    19     2    10
 -2.7713438102156879E-01 a      1311     1    19     2    11
 -4.0305069299280960E-01 a      1312     1    19     2    12
 -4.8879373999484527E-01 a      1313     1    19     2    13
 -8.1214881512175693E-02 a      1314     1    19     2    14
 -1.2318144006604446E-01 a      1315     1    19     2    15
  5.9465860732070930E-01 a      1316     1    19     2    16
  5.5042804307783644E-01 a      1317     1    19     2    17
 -2.7099797144476329E-01 a      1318     1    19     2    18
 -5.8902144835519987E-01 a      1319     1    19     2    19
 -3.8463641634251350E-01 a      1320     1    19     2    20
  1.2969258202501749E-01 a      1321     1    20     2     1
  3.9400533573985896E-01 a      1322     1    20     2     2
  3.1059051770466495E-01 a      1323     1    20     2     3
  6.8878704847606653E-01 a      1324     1    20     2     4
  5.4232032245323525E-01 a      1325     1    20     2     5
 -6.0587414884370305E-01 a      1326     1    20     2     6
  3.5026061660594560E-01 a      1327     1    20     2     7
  2.5919764232449927E-01 a      1328     1    20     2     8
 -1.4860666607737769E-01 a      1329     1    20     2     9
 -7.7326284268646661E-01 a      1330     1    20     2    10
 -4.2253390280447112E-02 a      1331     1    20     2    11
  7.6890999747225033E-02 a      1332     1    20     2    12
 -3.6747805856543647E-01 a      1333     1    20     2    13
  3.9198267289504385E-01 a      1334     1    20     2    14
  2.2819398320869856E-02 a      1335     1    20     2    15
 -1.9850008663714708E-01 a      1336     1    20     2    16
 -6.2474522761752049E-01 a      1337     1    20     2    17
 -3.5025780601615175E-01 a      1338     1    20     2    18
  1.8252560832046449E-01 a      1339     1    20     2    19
 -2.1027629162477168E-01 a      1340     1    20     2    20
 -9.9226578232839224E-01 b      1341     2     1
  1.0603424103749921E+00 b      1342     2     2
  8.2009568444210507E-02 b      1343     2     3
  1.4932875775310961E+00 b      1344     2     4
  1.0827135346657240E+00 b      1345     2     5
  7.0316758962224801E-01 b      1346     2     6
 -7.2142027238816075E-01 b      1347     2     7
  1.1933991910804269E+00 b      1348     2     8
 -8.3317400062255254E-01 b      1349     2     9
 -1.7025144043308178E+00 b      1350     2    10
  8.7629840607677256E-02 b      1351     2    11
  1.4684586846796437E+00 b      1352     2    12
  6.2803647477287394E-01 b      1353     2    13
 -1.4280937000841838E+00 b      1354     2    14
  9.0192794054018854E-01 b      1355     2    15
  6.9951670244663189E-01 b      1356     2    16
 -8.1268630625848337E-01 b      1357     2    17
 -1.8170798246874518E+00 b      1358     2    18
  1.2991824061873469E+00 b      1359     2    19
  1.2059723495272108E+00 b      1360     2    20
 -4.5937966514260414E-01 a      1361     2     1     3     1
  1.3691962627420049E+00 a      1362     2     2     3     1
 -1.4862055859408105E+00 a      1363     2     3     3     1
  6.5786997196831032E-01 a      1364     2     4     3     1
  1.7156341483639455E+00 a      1365     2     5     3     1
  1.6938521403482141E+00 a      1366     2     6     3     1
  3.3206879477273882E-02 a      1367     2     7     3     1
  1.4258634270122825E-01 a      1368     2     8     3     1
 -1.4564484020617539E+00 a      1369     2     9     3     1
 -6.3665399675230672E-01 a      1370     2    10     3     1
 -7.4052860428712797E-01 a      1371     2    11     3     1
  3.2857500649701948E-01 a      1372     2    12     3     1
 -6.2134744165689959E-01 a      1373     2    13     3     1
 -1.9045261489633303E+00 a      1374     2    14     3     1
  7.7485138351362226E-01 a      1375     2    15     3     1
  1.6604082801800297E+00 a      1376     2    16     3     1
 -1.3663668740128390E+00 a      1377     2    17     3     1
 -1.6051586049505222E+00 a      1378     2    18     3     1
  8.4780542066843911E-01 a      1379     2    19     3     1
  1.7339275827697289E+00 a      1380     2    20     3     1
  1.6808499150374632E+00 b      1381     3     1
