################################################################################
# Neural network connection values (weights and biases).
################################################################################
# Col  Name       Description
################################################################################
# 1    connection Neural network connection value.
# 2    t          Connection type (a = weight, b = bias).
# 3    index      Index enumerating weights.
# 4    l_s        Starting point layer (end point layer for biases).
# 5    n_s        Starting point neuron in starting layer (end point neuron for biases).
# 6    l_e        End point layer.
# 7    n_e        End point neuron in end layer.
################################################################################
#                      1 2         3     4     5     6     7
#             connection t     index   l_s   n_s   l_e   n_e
############################################################
 -4.9131208877154842E-01 a         1     0     1     1     1
  2.3705755845302179E-01 a         2     0     1     1     2
  1.5730689700472114E-01 a         3     0     1     1     3
  1.9870362299761091E-01 a         4     0     1     1     4
 -7.1375509536381637E-02 a         5     0     1     1     5
 -4.8321509809599275E-02 a         6     0     1     1     6
  8.0202338862720348E-03 a         7     0     1     1     7
  1.6372456180803593E-01 a         8     0     1     1     8
 -1.0868241514552197E-01 a         9     0     1     1     9
  1.6044582406760310E-01 a        10     0     1     1    10
  2.0368776489772304E-02 a        11     0     1     1    11
  3.3235160968389649E-01 a        12     0     1     1    12
 -5.2054902422513802E-02 a        13     0     1     1    13
  1.5613097105543614E-01 a        14     0     1     1    14
 -2.2158552213640706E-01 a        15     0     1     1    15
  8.0608578072386208E-02 a        16     0     1     1    16
 -2.1477272982577503E-01 a        17     0     1     1    17
 -6.7529075265611388E-02 a        18     0     1     1    18
 -2.1037533470475861E-01 a        19     0     1     1    19
  3.6601180690245316E-01 a        20     0     1     1    20
 -5.8065597930785154E-02 a        21     0     2     1     1
  1.0745522563705594E-01 a        22     0     2     1     2
 -7.6555962944066747E-02 a        23     0     2     1     3
  1.8822741784936639E-01 a        24     0     2     1     4
 -2.7363802971365603E-01 a        25     0     2     1     5
  1.5286014063416437E-01 a        26     0     2     1     6
  1.1900471447853248E-01 a        27     0     2     1     7
 -2.4270043708182421E-01 a        28     0     2     1     8
  1.9298761291037134E-01 a        29     0     2     1     9
 -8.1570929689246702E-02 a        30     0     2     1    10
 -1.5673478154071507E-01 a        31     0     2     1    11
  1.9311719928397472E-01 a        32     0     2     1    12
 -1.5904489458390683E-01 a        33     0     2     1    13
 -1.9329546216396365E-01 a        34     0     2     1    14
 -1.8824288120599567E-01 a        35     0     2     1    15
  1.0860345328828293E-01 a        36     0     2     1    16
  2.1847382639554897E-03 a        37     0     2     1    17
  8.8251333588124509E-02 a        38     0     2     1    18
  2.9664316618734560E-01 a        39     0     2     1    19
 -2.9496346232027071E-01 a        40     0     2     1    20
  7.4057607790257857E-02 a        41     0     3     1     1
  1.9890879794593913E-01 a        42     0     3     1     2
  1.4406349728406784E-01 a        43     0     3     1     3
  1.1062684196838846E-01 a        44     0     3     1     4
  2.9484655383948566E-01 a        45     0     3     1     5
 -2.6135459469130168E-01 a        46     0     3     1     6
  3.7943175827518727E-01 a        47     0     3     1     7
 -2.1166858533495558E-01 a        48     0     3     1     8
 -1.4755018046344834E-01 a        49     0     3     1     9
  3.0664994324791239E-01 a        50     0     3     1    10
  1.9804576538316210E-01 a        51     0     3     1    11
 -7.6139242823770603E-02 a        52     0     3     1    12
 -2.9039445488027234E-02 a        53     0     3     1    13
  5.6828763621222959E-02 a        54     0     3     1    14
  1.9308272199952656E-01 a        55     0     3     1    15
 -1.9082985818973913E-01 a        56     0     3     1    16
 -6.8676897980732510E-02 a        57     0     3     1    17
  3.8087969905173283E-02 a        58     0     3     1    18
 -1.2039108213483235E-01 a        59     0     3     1    19
 -3.0792203585598910E-01 a        60     0     3     1    20
  3.3618483802740301E-01 a        61     0     4     1     1
  5.8617436766382452E-02 a        62     0     4     1     2
 -3.9217712655089082E-02 a        63     0     4     1     3
 -3.4872574423097108E-01 a        64     0     4     1     4
 -6.9474213333837492E-02 a        65     0     4     1     5
  2.3306812291722218E-01 a        66     0     4     1     6
  1.4553227530967189E-01 a        67     0     4     1     7
  1.0661029295113388E-01 a        68     0     4     1     8
  1.1551153525067716E-01 a        69     0     4     1     9
 -2.0074379180030191E-01 a        70     0     4     1    10
  1.5394931649979951E-01 a        71     0     4     1    11
  9.0841625450995514E-02 a        72     0     4     1    12
  4.1344356066925098E-01 a        73     0     4     1    13
 -4.2967578480627412E-02 a        74     0     4     1    14
 -1.8252332957737802E-01 a        75     0     4     1    15
  2.7117262654921420E-01 a        76     0     4     1    16
  6.7487618667489632E-02 a        77     0     4     1    17
 -1.6265776329179746E-01 a        78     0     4     1    18
  3.0808861044597030E-01 a        79     0     4     1    19
 -7.1711946720445952E-02 a        80     0     4     1    20
  2.0600068633133573E-01 a        81     0     5     1     1
 -1.9653133771539824E-01 a        82     0     5     1     2
 -3.2169666594224544E-01 a        83     0     5     1     3
 -2.7226637366543555E-01 a        84     0     5     1     4
  1.0729467533418885E-02 a        85     0     5     1     5
 -2.7063454876456822E-01 a        86     0     5     1     6
 -2.5639386674681230E-01 a        87     0     5     1     7
 -5.1381838721186623E-01 a        88     0     5     1     8
 -2.5684350504466230E-01 a        89     0     5     1     9
 -1.2158245072478324E-01 a        90     0     5     1    10
 -3.2061364664699232E-01 a        91     0     5     1    11
 -5.4683637677970631E-01 a        92     0     5     1    12
 -4.6811633643666868E-02 a        93     0     5     1    13
  2.3445531160711594E-01 a        94     0     5     1    14
  1.2733378242181497E-03 a        95     0     5     1    15
  9.0185855847020310E-02 a        96     0     5     1    16
  6.9059955906029424E-01 a        97     0     5     1    17
  1.6858833185013705E-01 a        98     0     5     1    18
 -1.2279515789468030E-01 a        99     0     5     1    19
 -3.1853754598492273E-01 a       100     0     5     1    20
  1.0751611746055720E-01 a       101     0     6     1     1
 -5.8802821173669140E-02 a       102     0     6     1     2
 -6.4895831951089902E-02 a       103     0     6     1     3
  7.2304102770635870E-02 a       104     0     6     1     4
  1.6761644937396303E-01 a       105     0     6     1     5
 -1.3774058208037571E-01 a       106     0     6     1     6
 -5.4731161558084518E-01 a       107     0     6     1     7
 -3.7284159186899070E-02 a       108     0     6     1     8
 -1.5130028829752810E-02 a       109     0     6     1     9
 -3.5499656352543274E-01 a       110     0     6     1    10
  2.3915804034939592E-01 a       111     0     6     1    11
  1.9681249045066424E-02 a       112     0     6     1    12
 -2.0244494414401085E-01 a       113     0     6     1    13
 -2.0980242852876727E-01 a       114     0     6     1    14
  2.2822701814313687E-01 a       115     0     6     1    15
  3.0525371342384261E-01 a       116     0     6     1    16
  4.3012952652561204E-01 a       117     0     6     1    17
  2.9874555415129445E-02 a       118     0     6     1    18
  2.1291964612160697E-02 a       119     0     6     1    19
 -2.3669234811611134E-01 a       120     0     6     1    20
 -2.1782323219648136E-01 a       121     0     7     1     1
  2.8150324044834368E-01 a       122     0     7     1     2
 -9.5705586247421068E-03 a       123     0     7     1     3
 -3.2477938374565213E-01 a       124     0     7     1     4
 -2.6279746594697473E-01 a       125     0     7     1     5
  3.9301130071863744E-01 a       126     0     7     1     6
  2.4029935763856081E-01 a       127     0     7     1     7
  4.3613339220850027E-02 a       128     0     7     1     8
 -1.7142865725577755E-01 a       129     0     7     1     9
 -2.3510031118441410E-01 a       130     0     7     1    10
  1.9252739308349065E-01 a       131     0     7     1    11
 -3.7220953617639552E-01 a       132     0     7     1    12
  2.3781988420880601E-01 a       133     0     7     1    13
 -3.1650030596709550E-01 a       134     0     7     1    14
  8.6902559241065602E-02 a       135     0     7     1    15
  1.9726498065944037E-01 a       136     0     7     1    16
 -2.3993641520168696E-01 a       137     0     7     1    17
  3.1667634100586206E-01 a       138     0     7     1    18
 -2.9268668487044114E-01 a       139     0     7     1    19
  3.3035231864844528E-01 a       140     0     7     1    20
  2.0982163869831164E-02 a       141     0     8     1     1
  1.9301038997413558E-01 a       142     0     8     1     2
 -3.4502914774939566E-02 a       143     0     8     1     3
 -5.2875889526180067E-02 a       144     0     8     1     4
  2.1960454858868159E-01 a       145     0     8     1     5
  3.0636551752285207E-01 a       146     0     8     1     6
  4.4711195071504950E-01 a       147     0     8     1     7
  5.3024621303522479E-01 a       148     0     8     1     8
 -2.5203191712130540E-01 a       149     0     8     1     9
  3.5095894351397916E-01 a       150     0     8     1    10
 -1.2939199904334378E-01 a       151     0     8     1    11
 -7.5196682973443008E-02 a       152     0     8     1    12
  2.9764914856434319E-02 a       153     0     8     1    13
 -3.1392511397971989E-01 a       154     0     8     1    14
 -2.2313435515489810E-01 a       155     0     8     1    15
  2.2519258036337596E-02 a       156     0     8     1    16
  2.3884017111154734E-01 a       157     0     8     1    17
  4.5250219321889149E-02 a       158     0     8     1    18
  5.3384388925227733E-02 a       159     0     8     1    19
  1.2034753057924547E-01 a       160     0     8     1    20
  5.8000504201497527E-01 a       161     0     9     1     1
  2.1882571088427877E-01 a       162     0     9     1     2
  1.7832688025413115E-01 a       163     0     9     1     3
  1.4096590431514738E-01 a       164     0     9     1     4
  7.9720058393062482E-02 a       165     0     9     1     5
  2.6158850357194696E-01 a       166     0     9     1     6
 -1.6965000868845934E-01 a       167     0     9     1     7
 -4.3514079708503250E-01 a       168     0     9     1     8
 -1.6750010991032319E-01 a       169     0     9     1     9
 -3.3570149060552129E-01 a       170     0     9     1    10
 -1.5243874846975167E-01 a       171     0     9     1    11
 -5.0927397341547269E-02 a       172     0     9     1    12
  1.4582973061959270E-01 a       173     0     9     1    13
  2.1146298071398631E-01 a       174     0     9     1    14
  4.9228464141501493E-01 a       175     0     9     1    15
  3.4760418056413916E-01 a       176     0     9     1    16
  4.1591976791778074E-01 a       177     0     9     1    17
 -4.4369602221299813E-02 a       178     0     9     1    18
  1.4585278794126738E-01 a       179     0     9     1    19
  1.4738113756496404E-01 a       180     0     9     1    20
 -1.2128670682124977E-01 a       181     0    10     1     1
  2.0671619863289578E-01 a       182     0    10     1     2
 -1.1967213617639021E-01 a       183     0    10     1     3
  4.1661830435651021E-01 a       184     0    10     1     4
  9.7442523333207357E-03 a       185     0    10     1     5
 -1.8941730891251815E-01 a       186     0    10     1     6
  2.7419803011859079E-01 a       187     0    10     1     7
  2.7634677232234506E-01 a       188     0    10     1     8
 -2.7428389256179969E-01 a       189     0    10     1     9
 -1.0715591399360636E-01 a       190     0    10     1    10
  3.2503741903787231E-01 a       191     0    10     1    11
 -1.5294670343245464E-01 a       192     0    10     1    12
 -2.7568667459496943E-01 a       193     0    10     1    13
  9.4217197126335670E-03 a       194     0    10     1    14
 -1.6120224872155686E-01 a       195     0    10     1    15
 -1.4150057808443889E-01 a       196     0    10     1    16
 -1.7570312885244765E-01 a       197     0    10     1    17
  1.6609290952454153E-01 a       198     0    10     1    18
 -3.3471941322166304E-01 a       199     0    10     1    19
 -1.0324783980168963E-01 a       200     0    10     1    20
 -2.1961144427225476E-01 a       201     0    11     1     1
 -3.8453628571676568E-01 a       202     0    11     1     2
 -2.8418347572581659E-02 a       203     0    11     1     3
  1.4646171755951387E-01 a       204     0    11     1     4
  4.8710996809214577E-02 a       205     0    11     1     5
  6.3890222637418212E-02 a       206     0    11     1     6
  1.0004421461095561E-01 a       207     0    11     1     7
  3.1871548857872141E-02 a       208     0    11     1     8
  1.2991921702191969E-01 a       209     0    11     1     9
 -1.2764273938287837E-01 a       210     0    11     1    10
 -2.6348169702559715E-01 a       211     0    11     1    11
 -9.8469873911424172E-02 a       212     0    11     1    12
  2.2478530978973407E-01 a       213     0    11     1    13
 -3.6250637456718714E-02 a       214     0    11     1    14
 -2.4887649400878736E-01 a       215     0    11     1    15
 -1.4463169677251497E-01 a       216     0    11     1    16
  2.5042696639104833E-01 a       217     0    11     1    17
 -4.9200890354759233E-02 a       218     0    11     1    18
 -2.8591751174604822E-02 a       219     0    11     1    19
 -3.7667853470667961E-01 a       220     0    11     1    20
 -2.8289844782666246E-01 a       221     0    12     1     1
 -5.1340868557748398E-01 a       222     0    12     1     2
 -1.1013118985802779E-01 a       223     0    12     1     3
  1.1164324886112528E-01 a       224     0    12     1     4
  3.0458992731005813E-01 a       225     0    12     1     5
  8.5129566882460331E-02 a       226     0    12     1     6
 -3.3508067774376171E-01 a       227     0    12     1     7
  1.3256241519950042E-02 a       228     0    12     1     8
  9.5544262156524465E-02 a       229     0    12     1     9
  2.4609674416263153E-01 a       230     0    12     1    10
 -3.0975978489694838E-02 a       231     0    12     1    11
  7.7684832312563210E-03 a       232     0    12     1    12
 -1.3776515965536679E-01 a       233     0    12     1    13
 -1.7881987801078428E-01 a       234     0    12     1    14
 -4.4646424518914196E-01 a       235     0    12     1    15
  2.6365440953264874E-01 a       236     0    12     1    16
  1.0784083229804728E-01 a       237     0    12     1    17
 -3.0128735412026836E-02 a       238     0    12     1    18
  1.9576971598110740E-01 a       239     0    12     1    19
 -1.9372176450698475E-01 a       240     0    12     1    20
  3.1987629679629553E-01 a       241     0    13     1     1
  3.8469294843061191E-01 a       242     0    13     1     2
 -1.4366909935837124E-01 a       243     0    13     1     3
  2.9292757129296274E-02 a       244     0    13     1     4
 -2.1455946390817576E-01 a       245     0    13     1     5
 -6.2243012407868982E-02 a       246     0    13     1     6
 -2.2588745088905360E-01 a       247     0    13     1     7
  1.2809613862399039E-01 a       248     0    13     1     8
 -4.4543281192172920E-02 a       249     0    13     1     9
 -7.8748045506064814E-03 a       250     0    13     1    10
  1.1061483922300214E-01 a       251     0    13     1    11
 -1.0286555505433836E-01 a       252     0    13     1    12
  1.3263311602795222E-01 a       253     0    13     1    13
 -1.1592396780850205E-01 a       254     0    13     1    14
 -1.0816770500612210E-02 a       255     0    13     1    15
 -2.1289513515077479E-01 a       256     0    13     1    16
  2.3501037133821243E-01 a       257     0    13     1    17
 -1.2354401567686114E-01 a       258     0    13     1    18
 -5.9803054246648418E-02 a       259     0    13     1    19
  4.1460992991659201E-01 a       260     0    13     1    20
 -1.4549970768542289E-01 a       261     0    14     1     1
 -1.0333690623368066E-01 a       262     0    14     1     2
  1.8752183799016656E-01 a       263     0    14     1     3
 -2.6031127083980969E-02 a       264     0    14     1     4
 -5.8485663914975717E-03 a       265     0    14     1     5
  1.8657435569626532E-01 a       266     0    14     1     6
  1.2824396548899153E-01 a       267     0    14     1     7
  7.0718275571818433E-03 a       268     0    14     1     8
  2.8935267564460038E-02 a       269     0    14     1     9
 -5.1390471380822178E-01 a       270     0    14     1    10
 -3.9668355768512920E-01 a       271     0    14     1    11
  6.4035438681554036E-02 a       272     0    14     1    12
  2.0211739943732507E-01 a       273     0    14     1    13
  1.5038536509314632E-01 a       274     0    14     1    14
  3.2994078948709860E-01 a       275     0    14     1    15
 -4.3331069072428552E-01 a       276     0    14     1    16
 -4.7456599215686873E-02 a       277     0    14     1    17
  2.1372998731190207E-01 a       278     0    14     1    18
  4.8894217752084919E-02 a       279     0    14     1    19
 -9.7386341808895979E-03 a       280     0    14     1    20
 -1.1920636212873174E-01 a       281     0    15     1     1
 -7.6988502431853623E-02 a       282     0    15     1     2
 -7.9306089255195181E-02 a       283     0    15     1     3
 -5.8267290111676910E-02 a       284     0    15     1     4
  9.0789726275442628E-02 a       285     0    15     1     5
 -8.8121829501056612E-02 a       286     0    15     1     6
 -5.2720039906380342E-02 a       287     0    15     1     7
 -1.2460972897317182E-01 a       288     0    15     1     8
 -2.3031482088401012E-01 a       289     0    15     1     9
  4.7300190285637839E-01 a       290     0    15     1    10
  5.1719131349075231E-01 a       291     0    15     1    11
 -9.1354008186541755E-02 a       292     0    15     1    12
  1.3307895026902314E-01 a       293     0    15     1    13
 -8.9724404162580887E-02 a       294     0    15     1    14
 -6.4443241598551221E-02 a       295     0    15     1    15
 -7.6918757645047034E-02 a       296     0    15     1    16
  1.9035408162459669E-01 a       297     0    15     1    17
 -2.6668719418000159E-01 a       298     0    15     1    18
  9.0832755211042476E-02 a       299     0    15     1    19
  1.1833159207850885E-01 a       300     0    15     1    20
 -4.2212998241903144E-01 a       301     0    16     1     1
 -2.7489396701785135E-01 a       302     0    16     1     2
  1.6971780078120305E-01 a       303     0    16     1     3
  9.8588104166921292E-02 a       304     0    16     1     4
 -4.7785683733368128E-01 a       305     0    16     1     5
 -5.0794137443355747E-01 a       306     0    16     1     6
 -4.3314038631909468E-01 a       307     0    16     1     7
  2.9264147702164972E-01 a       308     0    16     1     8
  2.5229854820998626E-01 a       309     0    16     1     9
 -1.3589744694072159E-01 a       310     0    16     1    10
  1.3534828657450651E-01 a       311     0    16     1    11
 -1.0036463066160213E+00 a       312     0    16     1    12
 -2.6130127636501934E-02 a       313     0    16     1    13
 -1.4855523041720013E+00 a       314     0    16     1    14
  2.2382937596640484E-01 a       315     0    16     1    15
 -4.6746674975308750E-01 a       316     0    16     1    16
  1.9880660915913739E-01 a       317     0    16     1    17
  7.9249171383402942E-02 a       318     0    16     1    18
  4.9925711527796866E-02 a       319     0    16     1    19
 -1.3459340085063266E-02 a       320     0    16     1    20
 -2.7371886063485260E-02 a       321     0    17     1     1
  2.0280439569868000E-01 a       322     0    17     1     2
 -5.3629448382777067E-01 a       323     0    17     1     3
  4.4136676021266766E-02 a       324     0    17     1     4
  9.9921627553270054E-01 a       325     0    17     1     5
  3.6633557270381967E-01 a       326     0    17     1     6
  3.3026713591369639E-01 a       327     0    17     1     7
 -2.6841202982066559E-01 a       328     0    17     1     8
 -9.8474989655118791E-02 a       329     0    17     1     9
 -2.6581618751680797E-01 a       330     0    17     1    10
 -8.8225584677609145E-02 a       331     0    17     1    11
  1.2269676824227518E+00 a       332     0    17     1    12
 -2.3546147514080737E-01 a       333     0    17     1    13
  1.3040064739410797E+00 a       334     0    17     1    14
 -2.7869823507463341E-02 a       335     0    17     1    15
  7.2135906976432285E-01 a       336     0    17     1    16
 -5.0794434709364766E-01 a       337     0    17     1    17
 -3.1259421157274636E-01 a       338     0    17     1    18
 -1.0070978710547702E-01 a       339     0    17     1    19
 -4.3657661741209647E-01 a       340     0    17     1    20
  2.9236365650240431E-01 a       341     0    18     1     1
  2.4545919202151253E-01 a       342     0    18     1     2
  3.5050551131308466E-01 a       343     0    18     1     3
 -3.5411811119742209E-01 a       344     0    18     1     4
  2.4358784197823974E-01 a       345     0    18     1     5
  7.5941903900894536E-01 a       346     0    18     1     6
 -2.3193257385743710E-01 a       347     0    18     1     7
  6.7617448017753920E-02 a       348     0    18     1     8
 -1.4642723138847369E-01 a       349     0    18     1     9
 -1.1578309882875755E-01 a       350     0    18     1    10
 -2.7520683490131886E-01 a       351     0    18     1    11
 -7.1400386105728797E-02 a       352     0    18     1    12
 -1.2628162169578447E-01 a       353     0    18     1    13
  4.9882342977353478E-01 a       354     0    18     1    14
  5.7712266819097235E-01 a       355     0    18     1    15
  7.1142765783219805E-02 a       356     0    18     1    16
 -1.5322950666805216E-01 a       357     0    18     1    17
 -1.4127381559568875E-01 a       358     0    18     1    18
  4.4110898087266165E-01 a       359     0    18     1    19
  2.8082944954950440E-01 a       360     0    18     1    20
 -2.4411356660279834E-01 a       361     0    19     1     1
 -4.3176733293404733E-02 a       362     0    19     1     2
  2.8684321890712842E-02 a       363     0    19     1     3
 -1.0508715097494518E-01 a       364     0    19     1     4
 -3.8475610458491777E-01 a       365     0    19     1     5
 -6.0921877744796549E-01 a       366     0    19     1     6
  2.1573839012769275E-01 a       367     0    19     1     7
 -2.9526158662160285E-01 a       368     0    19     1     8
  2.5508614780956235E-01 a       369     0    19     1     9
 -6.7395216373345029E-02 a       370     0    19     1    10
  1.4546475910878184E-01 a       371     0    19     1    11
 -5.9456867151838422E-01 a       372     0    19     1    12
  2.2097366487046863E-01 a       373     0    19     1    13
 -2.4955656570397275E-01 a       374     0    19     1    14
 -7.9186280929794439E-01 a       375     0    19     1    15
 -1.6979343400256225E-01 a       376     0    19     1    16
  6.5683436415165622E-02 a       377     0    19     1    17
  2.7745473645070819E-02 a       378     0    19     1    18
 -5.3805966693014640E-01 a       379     0    19     1    19
 -1.0192231457986754E-01 a       380     0    19     1    20
  2.9513065062668048E-01 a       381     0    20     1     1
 -5.0870817335024998E-01 a       382     0    20     1     2
 -3.5693531747383933E-01 a       383     0    20     1     3
  3.7616111873366798E-01 a       384     0    20     1     4
  2.2895411013429776E-01 a       385     0    20     1     5
  3.9313063125518127E-01 a       386     0    20     1     6
  2.7842222172667991E-02 a       387     0    20     1     7
 -2.0051879254967492E-01 a       388     0    20     1     8
 -4.7877214179484873E-01 a       389     0    20     1     9
  2.5056410929600115E-01 a       390     0    20     1    10
 -3.5869539464815092E-01 a       391     0    20     1    11
  3.8414726540730515E-01 a       392     0    20     1    12
 -3.3290414009548401E-02 a       393     0    20     1    13
  5.2892989895150111E-01 a       394     0    20     1    14
 -3.0804394105410426E-01 a       395     0    20     1    15
  1.8804275168195261E-01 a       396     0    20     1    16
 -1.4928369550758557E-02 a       397     0    20     1    17
  8.1345138259430461E-02 a       398     0    20     1    18
  3.6103369317117129E-01 a       399     0    20     1    19
  9.5366729054150987E-02 a       400     0    20     1    20
  1.2329553935746032E-01 a       401     0    21     1     1
  2.3032236572917714E-01 a       402     0    21     1     2
  2.8208779985904314E-01 a       403     0    21     1     3
 -2.3831636195533198E-01 a       404     0    21     1     4
 -2.1685391864070017E-01 a       405     0    21     1     5
 -2.8071026078221850E-01 a       406     0    21     1     6
  5.0384999614898297E-03 a       407     0    21     1     7
  2.3022041015503358E-01 a       408     0    21     1     8
  1.0582482327662640E-01 a       409     0    21     1     9
 -1.2075601456791846E-01 a       410     0    21     1    10
 -9.4560278380511578E-02 a       411     0    21     1    11
 -2.5886322660492317E-01 a       412     0    21     1    12
  2.0720271755000186E-01 a       413     0    21     1    13
 -1.6981168609381794E-01 a       414     0    21     1    14
  1.5883978985686537E-01 a       415     0    21     1    15
 -2.7330153181886102E-01 a       416     0    21     1    16
  1.7276511154459034E-01 a       417     0    21     1    17
  2.9870820269857717E-01 a       418     0    21     1    18
  1.4042168497006172E-01 a       419     0    21     1    19
  3.3620904421056763E-01 a       420     0    21     1    20
 -5.0890655965567055E-01 a       421     0    22     1     1
  1.6019064476317724E-01 a       422     0    22     1     2
  8.5457422976271524E-03 a       423     0    22     1     3
  3.6166452786080272E-01 a       424     0    22     1     4
  2.0139217852336251E-02 a       425     0    22     1     5
 -3.0549889048107570E-01 a       426     0    22     1     6
 -3.0965070080101476E-01 a       427     0    22     1     7
  8.9287918825536203E-02 a       428     0    22     1     8
  4.1147658082660493E-01 a       429     0    22     1     9
 -2.5388625408054272E-01 a       430     0    22     1    10
  2.4754644832471104E-01 a       431     0    22     1    11
 -4.8485646068754273E-02 a       432     0    22     1    12
 -2.2343323670925158E-01 a       433     0    22     1    13
 -8.5359404776993608E-01 a       434     0    22     1    14
  5.2441033550049865E-01 a       435     0    22     1    15
 -1.6853127909779816E-01 a       436     0    22     1    16
 -1.9350164818040588E-03 a       437     0    22     1    17
 -1.2574868293343106E-01 a       438     0    22     1    18
 -3.1496276252071559E-01 a       439     0    22     1    19
 -3.7984636779983705E-01 a       440     0    22     1    20
  8.2012110262006443E-02 a       441     0    23     1     1
 -4.7558694977889705E-02 a       442     0    23     1     2
  3.3821936768517073E-02 a       443     0    23     1     3
 -2.6186198009807793E-01 a       444     0    23     1     4
  1.2953964578223395E-01 a       445     0    23     1     5
  3.9116341142819699E-01 a       446     0    23     1     6
  1.5403720966492210E-01 a       447     0    23     1     7
  1.3048723242779159E-01 a       448     0    23     1     8
 -5.8429102562216262E-01 a       449     0    23     1     9
 -1.3138859092790256E-01 a       450     0    23     1    10
 -3.6358626858662862E-01 a       451     0    23     1    11
  6.9305367488032676E-01 a       452     0    23     1    12
 -1.6306813344281529E-01 a       453     0    23     1    13
  4.4834762212654011E-01 a       454     0    23     1    14
 -2.7340152530225026E-01 a       455     0    23     1    15
  6.4439301277302852E-01 a       456     0    23     1    16
  6.8898653862036308E-02 a       457     0    23     1    17
  1.0297397687120431E-01 a       458     0    23     1    18
  1.7794476596588416E-01 a       459     0    23     1    19
 -4.4446249156018786E-01 a       460     0    23     1    20
  1.4856746283653527E-01 a       461     0    24     1     1
 -1.1056088324009127E-01 a       462     0    24     1     2
 -3.0270493491479994E-01 a       463     0    24     1     3
  2.3222002844958495E-01 a       464     0    24     1     4
 -2.1624908117261796E-01 a       465     0    24     1     5
 -2.0942527268487970E-01 a       466     0    24     1     6
  1.3046249922465794E-01 a       467     0    24     1     7
 -9.7091159593876986E-02 a       468     0    24     1     8
 -1.0501214219027384E-01 a       469     0    24     1     9
 -2.6469962533114583E-01 a       470     0    24     1    10
  4.7597873513895030E-02 a       471     0    24     1    11
 -1.4113405300890516E-01 a       472     0    24     1    12
 -8.7081271677718730E-02 a       473     0    24     1    13
  1.4243834200095851E-01 a       474     0    24     1    14
 -8.8511360762455249E-02 a       475     0    24     1    15
 -5.7285746386716305E-03 a       476     0    24     1    16
 -2.9642201170697363E-01 a       477     0    24     1    17
  1.5148472093317478E-01 a       478     0    24     1    18
  2.0500231061879903E-01 a       479     0    24     1    19
  4.3217299393768571E-01 a       480     0    24     1    20
 -2.0935153243991662E-02 a       481     0    25     1     1
  2.2256963101569283E-01 a       482     0    25     1     2
 -3.1864758321561432E-01 a       483     0    25     1     3
  2.1207135486923318E-01 a       484     0    25     1     4
  1.1994969758598176E-01 a       485     0    25     1     5
 -1.2043389218563058E-01 a       486     0    25     1     6
 -6.7911917241052233E-01 a       487     0    25     1     7
  6.3662206519417608E-01 a       488     0    25     1     8
  6.1177461743205496E-03 a       489     0    25     1     9
 -1.7607093839892831E-03 a       490     0    25     1    10
 -2.1204230426637946E-01 a       491     0    25     1    11
 -8.6560025084033362E-02 a       492     0    25     1    12
 -3.1035082050318097E-01 a       493     0    25     1    13
  4.5446796052674293E-01 a       494     0    25     1    14
  3.7799988864509321E-01 a       495     0    25     1    15
 -2.3850528462487514E-01 a       496     0    25     1    16
  5.7523370896455384E-01 a       497     0    25     1    17
 -2.5054211618194983E-01 a       498     0    25     1    18
  3.4275020505441350E-01 a       499     0    25     1    19
  3.7498427680682445E-01 a       500     0    25     1    20
 -1.4196936177736172E-01 a       501     0    26     1     1
  6.7925701299070629E-01 a       502     0    26     1     2
 -1.3426938920404707E-01 a       503     0    26     1     3
  6.5602493004281087E-02 a       504     0    26     1     4
  2.0419183718820669E-01 a       505     0    26     1     5
  9.8656298885510161E-04 a       506     0    26     1     6
 -2.6936082390415217E-01 a       507     0    26     1     7
 -9.3011331480915407E-02 a       508     0    26     1     8
  4.2561519532500125E-01 a       509     0    26     1     9
 -2.1150730298896031E-01 a       510     0    26     1    10
 -1.8085524369611142E-01 a       511     0    26     1    11
 -1.4319708629454303E-01 a       512     0    26     1    12
 -2.2735956935423651E-01 a       513     0    26     1    13
 -9.2421793509448111E-02 a       514     0    26     1    14
  7.7729456510936601E-01 a       515     0    26     1    15
  1.5896047671445329E-01 a       516     0    26     1    16
 -1.4543083074024529E-01 a       517     0    26     1    17
  5.0764424011109241E-02 a       518     0    26     1    18
  4.4592995023813470E-01 a       519     0    26     1    19
  1.5733124022386785E-01 a       520     0    26     1    20
 -1.1806356994438028E-01 a       521     0    27     1     1
 -1.7196939474986211E-01 a       522     0    27     1     2
 -2.3473179640650908E-02 a       523     0    27     1     3
  3.5145200936905180E-01 a       524     0    27     1     4
 -2.1372671457489098E-01 a       525     0    27     1     5
 -1.8339857835739912E-01 a       526     0    27     1     6
  2.9147310776124519E-01 a       527     0    27     1     7
 -1.7915226771666370E-01 a       528     0    27     1     8
 -4.3726033337481353E-02 a       529     0    27     1     9
  4.7041791990801657E-01 a       530     0    27     1    10
 -3.3488033224879077E-01 a       531     0    27     1    11
  5.1492485680105871E-01 a       532     0    27     1    12
 -3.2218375312995012E-01 a       533     0    27     1    13
 -1.5048981465091008E-01 a       534     0    27     1    14
 -2.1870412591551069E-01 a       535     0    27     1    15
  8.2019730718278533E-02 a       536     0    27     1    16
 -3.3703427932820584E-01 a       537     0    27     1    17
 -2.6070409449363385E-01 a       538     0    27     1    18
 -4.7771930135187118E-01 a       539     0    27     1    19
 -5.0583477965951062E-01 a       540     0    27     1    20
  3.2578389001753988E-01 a       541     0    28     1     1
 -2.3412276604029869E-01 a       542     0    28     1     2
  1.2292040167819809E-01 a       543     0    28     1     3
  3.9123065961337927E-01 a       544     0    28     1     4
  3.3093085898842861E-01 a       545     0    28     1     5
 -9.4254085514996755E-02 a       546     0    28     1     6
  2.4358123308372676E-01 a       547     0    28     1     7
  1.2981790395841744E-01 a       548     0    28     1     8
  1.5106751978384103E-01 a       549     0    28     1     9
 -9.8424556712180880E-03 a       550     0    28     1    10
 -1.8375847157920477E-01 a       551     0    28     1    11
  9.9767004572386811E-02 a       552     0    28     1    12
 -1.9084574564789855E-01 a       553     0    28     1    13
 -8.3773990419667960E-02 a       554     0    28     1    14
 -2.7479474126574577E-01 a       555     0    28     1    15
  3.3985673821020013E-01 a       556     0    28     1    16
 -8.7895404629772470E-03 a       557     0    28     1    17
  3.6703037026465357E-01 a       558     0    28     1    18
  9.8074036675653661E-02 a       559     0    28     1    19
 -2.8264848804784226E-01 a       560     0    28     1    20
 -1.1345594700995335E-01 a       561     0    29     1     1
 -6.0840706612422280E-01 a       562     0    29     1     2
  4.6117432283285725E-01 a       563     0    29     1     3
  1.0491699965393535E-01 a       564     0    29     1     4
  1.4753409779321252E-03 a       565     0    29     1     5
 -3.7621245968125017E-01 a       566     0    29     1     6
 -3.0249480374373650E-01 a       567     0    29     1     7
 -1.6369907222350760E-01 a       568     0    29     1     8
  2.6518788251036512E-01 a       569     0    29     1     9
 -1.2803861936897817E-01 a       570     0    29     1    10
 -2.0256140349944940E-01 a       571     0    29     1    11
 -1.8294929468869831E-01 a       572     0    29     1    12
 -6.4574376586927695E-01 a       573     0    29     1    13
  2.3207513306438648E-02 a       574     0    29     1    14
  3.3605446594121519E-01 a       575     0    29     1    15
 -5.6543845802240256E-01 a       576     0    29     1    16
  2.6363179518957158E-01 a       577     0    29     1    17
  7.0129866156211795E-01 a       578     0    29     1    18
 -2.9846918015440566E-01 a       579     0    29     1    19
 -4.0470090650294382E-01 a       580     0    29     1    20
  1.7636469628986814E-01 a       581     0    30     1     1
 -2.5681267960497391E-02 a       582     0    30     1     2
 -1.7725674330289498E-01 a       583     0    30     1     3
  9.8245545737527654E-02 a       584     0    30     1     4
 -3.9210296716152593E-01 a       585     0    30     1     5
  7.0225143326254166E-02 a       586     0    30     1     6
 -5.4777751759394908E-02 a       587     0    30     1     7
 -2.1648433062950581E-01 a       588     0    30     1     8
  2.6445828067450783E-01 a       589     0    30     1     9
 -2.0986597750806538E-01 a       590     0    30     1    10
 -5.3928729305679407E-02 a       591     0    30     1    11
 -3.6235025088563799E-02 a       592     0    30     1    12
  4.9362688517459574E-01 a       593     0    30     1    13
  1.8896005665878537E-01 a       594     0    30     1    14
 -1.1689201869620623E-01 a       595     0    30     1    15
 -1.6384201745351315E-01 a       596     0    30     1    16
 -1.6543201712679004E-01 a       597     0    30     1    17
 -4.0839060689194445E-01 a       598     0    30     1    18
  1.8587834518404733E-01 a       599     0    30     1    19
  8.6551630326510504E-02 a       600     0    30     1    20
  1.1920924867597604E-01 a       601     0    31     1     1
 -1.6722505315949857E-01 a       602     0    31     1     2
 -2.8364515142369384E-01 a       603     0    31     1     3
 -1.9528888264990668E-01 a       604     0    31     1     4
 -1.0379179195647496E-01 a       605     0    31     1     5
  1.7566797005157989E-01 a       606     0    31     1     6
  9.8230154964545589E-03 a       607     0    31     1     7
 -9.7477722106842399E-02 a       608     0    31     1     8
 -1.9188307223360909E-01 a       609     0    31     1     9
  3.3028067868919830E-01 a       610     0    31     1    10
  9.6455012880415393E-03 a       611     0    31     1    11
  5.4543926040013391E-01 a       612     0    31     1    12
  3.1526205277658848E-01 a       613     0    31     1    13
 -1.8912766458641009E-01 a       614     0    31     1    14
  1.4655778337307754E-01 a       615     0    31     1    15
  2.8432909266214063E-01 a       616     0    31     1    16
 -1.7277920114110554E-01 a       617     0    31     1    17
  6.6678026312989400E-02 a       618     0    31     1    18
  5.7527278553264158E-02 a       619     0    31     1    19
 -1.2458428855089386E-01 a       620     0    31     1    20
  3.2269340183387918E-01 a       621     0    32     1     1
  2.3891451264257363E-01 a       622     0    32     1     2
  3.3398651741875611E-02 a       623     0    32     1     3
  2.1854466223644567E-01 a       624     0    32     1     4
 -8.0223324748455838E-02 a       625     0    32     1     5
 -4.8898367449493815E-02 a       626     0    32     1     6
  8.7917285767764863E-02 a       627     0    32     1     7
 -2.8731864102061277E-01 a       628     0    32     1     8
 -2.0225943769068880E-01 a       629     0    32     1     9
  2.0853572875557097E-01 a       630     0    32     1    10
  1.8669322777981356E-01 a       631     0    32     1    11
  4.5472513330394237E-01 a       632     0    32     1    12
 -2.9848057852503518E-01 a       633     0    32     1    13
  2.0646844519601928E-01 a       634     0    32     1    14
 -8.6744609863553590E-02 a       635     0    32     1    15
 -1.4946546905594235E-01 a       636     0    32     1    16
 -1.0537067919949002E-01 a       637     0    32     1    17
 -3.0686044297536069E-01 a       638     0    32     1    18
  3.8484371281452262E-01 a       639     0    32     1    19
 -2.1539780484596227E-01 a       640     0    32     1    20
 -4.6292261434776283E-01 a       641     0    33     1     1
 -1.9640367209244228E-01 a       642     0    33     1     2
 -1.8057125395170420E-01 a       643     0    33     1     3
  1.6292264335989676E-01 a       644     0    33     1     4
 -6.8015609217090423E-03 a       645     0    33     1     5
  6.5711010988811741E-02 a       646     0    33     1     6
 -1.2411686298331664E-01 a       647     0    33     1     7
  2.0362426772599088E-01 a       648     0    33     1     8
  4.0629480905797671E-01 a       649     0    33     1     9
  4.3145382776971947E-01 a       650     0    33     1    10
  4.3878207022075882E-01 a       651     0    33     1    11
 -7.3048019237114270E-01 a       652     0    33     1    12
 -7.5393083744397474E-02 a       653     0    33     1    13
  9.1961164055547009E-02 a       654     0    33     1    14
 -2.9248784486283260E-02 a       655     0    33     1    15
 -1.5413068816827497E-01 a       656     0    33     1    16
  1.6492425289230839E-01 a       657     0    33     1    17
 -1.3163293802942219E-01 a       658     0    33     1    18
 -3.0192140823876129E-01 a       659     0    33     1    19
 -1.6052189963057961E-01 a       660     0    33     1    20
  9.4337253003110161E-02 a       661     0    34     1     1
  9.0656296977345164E-03 a       662     0    34     1     2
  4.2985983376759324E-01 a       663     0    34     1     3
  3.4284116236870810E-01 a       664     0    34     1     4
  4.2253726716499174E-01 a       665     0    34     1     5
 -4.8265135768752673E-02 a       666     0    34     1     6
  4.4023922426191614E-01 a       667     0    34     1     7
  2.0788892521111765E-01 a       668     0    34     1     8
  4.0503619669121793E-01 a       669     0    34     1     9
  2.3226105887831530E-01 a       670     0    34     1    10
  2.5209092135845201E-01 a       671     0    34     1    11
  5.1790902494548569E-02 a       672     0    34     1    12
  6.7679258593005123E-02 a       673     0    34     1    13
 -1.4818263440953222E-01 a       674     0    34     1    14
 -1.2771742622622506E-01 a       675     0    34     1    15
  1.5232979869176116E-01 a       676     0    34     1    16
  5.1331933433140653E-01 a       677     0    34     1    17
 -2.6533770779826060E-01 a       678     0    34     1    18
  3.2366196395224187E-02 a       679     0    34     1    19
  1.2537490031599541E-01 a       680     0    34     1    20
  2.1854867247335805E-01 a       681     0    35     1     1
  1.1690566751116896E-01 a       682     0    35     1     2
 -1.3053661569683309E-01 a       683     0    35     1     3
  2.5587287484233390E-01 a       684     0    35     1     4
 -2.1165869622483369E-01 a       685     0    35     1     5
  2.1122655273497357E-01 a       686     0    35     1     6
  1.2582034930246169E-01 a       687     0    35     1     7
 -1.4913145294660887E-01 a       688     0    35     1     8
 -2.6374435663477497E-01 a       689     0    35     1     9
 -2.4511031479285517E-01 a       690     0    35     1    10
 -3.9385272303665175E-01 a       691     0    35     1    11
  2.8895490066961044E-01 a       692     0    35     1    12
  1.8899555744051857E-01 a       693     0    35     1    13
  3.7738486451027159E-01 a       694     0    35     1    14
 -8.4130187009664709E-02 a       695     0    35     1    15
  2.8184210256710629E-01 a       696     0    35     1    16
  1.4197293745209522E-02 a       697     0    35     1    17
  2.6556216842280062E-01 a       698     0    35     1    18
 -5.4785118057541238E-01 a       699     0    35     1    19
 -8.6218739237069228E-02 a       700     0    35     1    20
 -4.0606086542476044E-01 a       701     0    36     1     1
  4.5554604881055338E-01 a       702     0    36     1     2
 -1.3493319778633608E-01 a       703     0    36     1     3
 -4.9308632419994353E-01 a       704     0    36     1     4
 -1.3632501853626217E-01 a       705     0    36     1     5
  3.1877670400855790E-01 a       706     0    36     1     6
  3.8539183681633854E-01 a       707     0    36     1     7
 -3.1252242929515989E-01 a       708     0    36     1     8
 -3.9522650846310942E-01 a       709     0    36     1     9
 -5.0177082292313746E-01 a       710     0    36     1    10
  1.4319921722809439E-01 a       711     0    36     1    11
  4.6844076404081991E-01 a       712     0    36     1    12
  3.0094904276396794E-01 a       713     0    36     1    13
 -2.6498148492608847E-01 a       714     0    36     1    14
  6.1848578737482222E-02 a       715     0    36     1    15
 -8.5792144263502235E-02 a       716     0    36     1    16
 -1.3055830795743542E-01 a       717     0    36     1    17
  3.4640962994708396E-01 a       718     0    36     1    18
 -9.2097193670030400E-02 a       719     0    36     1    19
 -2.8179488570388933E-01 a       720     0    36     1    20
 -1.2046091753926896E-01 a       721     0    37     1     1
 -2.8152423617390643E-01 a       722     0    37     1     2
  2.0052943373402266E-01 a       723     0    37     1     3
 -9.8846445873103317E-02 a       724     0    37     1     4
  6.8882900300414204E-02 a       725     0    37     1     5
 -4.4869215679695595E-01 a       726     0    37     1     6
  3.8187320668918878E-01 a       727     0    37     1     7
 -2.5468805643820425E-01 a       728     0    37     1     8
  3.1267949966819884E-02 a       729     0    37     1     9
  7.0566619657472032E-02 a       730     0    37     1    10
  2.1765554051067987E-01 a       731     0    37     1    11
  2.6006349562315245E-01 a       732     0    37     1    12
 -7.7819060063899857E-03 a       733     0    37     1    13
  4.6821296393884282E-01 a       734     0    37     1    14
 -1.5131696470948169E-01 a       735     0    37     1    15
  2.2780521604679763E-02 a       736     0    37     1    16
  1.7014057295847598E-01 a       737     0    37     1    17
  6.5829030836646804E-02 a       738     0    37     1    18
 -2.2630988109514624E-01 a       739     0    37     1    19
  2.1984919095988315E-01 a       740     0    37     1    20
  1.4904630052263984E-01 a       741     0    38     1     1
  4.3849755255857359E-01 a       742     0    38     1     2
  5.2066987858029309E-02 a       743     0    38     1     3
  8.0301821789469388E-02 a       744     0    38     1     4
  1.5948988967830594E-02 a       745     0    38     1     5
 -1.5470134778643627E-01 a       746     0    38     1     6
 -2.1918744909488669E-01 a       747     0    38     1     7
 -2.3426980160526731E-02 a       748     0    38     1     8
 -3.8633181413926365E-01 a       749     0    38     1     9
 -3.4937174378976699E-01 a       750     0    38     1    10
  3.3918416909661520E-02 a       751     0    38     1    11
  6.1875752838600050E-02 a       752     0    38     1    12
  4.7054889711854841E-02 a       753     0    38     1    13
 -9.9567571579428693E-01 a       754     0    38     1    14
 -2.9318873276686669E-01 a       755     0    38     1    15
 -8.3983184954151933E-03 a       756     0    38     1    16
 -3.5609963782249926E-01 a       757     0    38     1    17
  3.8334558004453295E-01 a       758     0    38     1    18
  3.3897234924041442E-01 a       759     0    38     1    19
  7.4567401677567882E-02 a       760     0    38     1    20
  1.8401328418719839E-01 a       761     0    39     1     1
 -3.9932743728753711E-01 a       762     0    39     1     2
  1.4496140456658935E-01 a       763     0    39     1     3
 -2.1835876692687550E-01 a       764     0    39     1     4
  4.3552881886941558E-01 a       765     0    39     1     5
 -2.6783903391386210E-01 a       766     0    39     1     6
 -5.0797090446706238E-02 a       767     0    39     1     7
  4.3985549069325718E-02 a       768     0    39     1     8
 -1.9405716954086102E-02 a       769     0    39     1     9
 -3.6667986481417492E-01 a       770     0    39     1    10
 -2.3625256262756883E-01 a       771     0    39     1    11
 -5.2955478585096381E-02 a       772     0    39     1    12
 -7.2423244029608466E-02 a       773     0    39     1    13
  3.9647271475015244E-01 a       774     0    39     1    14
 -7.8694319050707048E-02 a       775     0    39     1    15
  1.2713041781260392E-01 a       776     0    39     1    16
  2.5499461133517115E-01 a       777     0    39     1    17
 -5.0695168748054031E-01 a       778     0    39     1    18
 -9.2543713117457793E-02 a       779     0    39     1    19
  5.4752275409181805E-01 a       780     0    39     1    20
  2.0639082717044852E-01 a       781     0    40     1     1
 -2.3919822703921409E-01 a       782     0    40     1     2
 -1.8085346433782612E-01 a       783     0    40     1     3
 -4.8242525653240087E-01 a       784     0    40     1     4
 -1.9091066524760694E-01 a       785     0    40     1     5
  6.6192355855241569E-01 a       786     0    40     1     6
 -3.9389148276429899E-02 a       787     0    40     1     7
  2.7133239937495701E-01 a       788     0    40     1     8
  2.0063544177334222E-01 a       789     0    40     1     9
 -1.5328973562617920E-02 a       790     0    40     1    10
 -2.7375409497574710E-01 a       791     0    40     1    11
  3.2346892497671720E-01 a       792     0    40     1    12
 -1.0045234834536379E-01 a       793     0    40     1    13
 -1.4071375392541532E-01 a       794     0    40     1    14
 -3.6907473454049468E-02 a       795     0    40     1    15
 -3.1145679650968905E-01 a       796     0    40     1    16
 -8.6547089218729056E-02 a       797     0    40     1    17
  9.5189618279811358E-02 a       798     0    40     1    18
  2.8538169621643505E-01 a       799     0    40     1    19
 -3.4057211609884630E-01 a       800     0    40     1    20
 -1.2115673334972914E-01 a       801     0    41     1     1
 -6.5716649604332128E-02 a       802     0    41     1     2
 -3.3103200779106418E-02 a       803     0    41     1     3
  4.5537989572408283E-01 a       804     0    41     1     4
 -2.3926839456529542E-02 a       805     0    41     1     5
  3.0362994278798522E-01 a       806     0    41     1     6
 -4.2854771915739991E-02 a       807     0    41     1     7
 -2.7559320963680090E-01 a       808     0    41     1     8
  8.8638036649204929E-02 a       809     0    41     1     9
  1.8799573777297776E-03 a       810     0    41     1    10
  1.8476887455078994E-01 a       811     0    41     1    11
 -1.4810627006745514E-01 a       812     0    41     1    12
 -9.0582270187885366E-02 a       813     0    41     1    13
  2.2167569350911739E-01 a       814     0    41     1    14
 -4.2765201547925756E-02 a       815     0    41     1    15
  5.6329844320327317E-02 a       816     0    41     1    16
  2.7434851276871336E-01 a       817     0    41     1    17
 -1.8721655144809803E-02 a       818     0    41     1    18
  8.4093728859300429E-02 a       819     0    41     1    19
 -6.7701213638937691E-02 a       820     0    41     1    20
 -2.2541714088120385E-01 a       821     0    42     1     1
 -2.4460085759699235E-01 a       822     0    42     1     2
 -3.2611598792081017E-02 a       823     0    42     1     3
  1.9712407258179473E-01 a       824     0    42     1     4
  1.2896713765087608E-01 a       825     0    42     1     5
  7.2766881103642489E-02 a       826     0    42     1     6
 -2.2380093640730250E-01 a       827     0    42     1     7
  1.7612131272282980E-01 a       828     0    42     1     8
 -7.0304499504435826E-03 a       829     0    42     1     9
  8.3485330114833833E-02 a       830     0    42     1    10
  1.1992886481170850E-01 a       831     0    42     1    11
  4.4875571021123739E-01 a       832     0    42     1    12
 -2.3967374601162905E-01 a       833     0    42     1    13
 -2.9672586690046832E-01 a       834     0    42     1    14
  2.6417490766845170E-01 a       835     0    42     1    15
  4.4723520285278440E-01 a       836     0    42     1    16
  1.8952915761012171E-01 a       837     0    42     1    17
  1.5326245097040134E-01 a       838     0    42     1    18
  1.0898612155917520E-02 a       839     0    42     1    19
 -4.6951936491732027E-01 a       840     0    42     1    20
  1.5064420480566817E-01 a       841     0    43     1     1
  7.2906117708936097E-02 a       842     0    43     1     2
 -8.7308390034563602E-02 a       843     0    43     1     3
 -4.3760788416756619E-01 a       844     0    43     1     4
 -4.4926312485618430E-02 a       845     0    43     1     5
 -1.1708845373179451E-01 a       846     0    43     1     6
  1.1767247924771251E-01 a       847     0    43     1     7
 -1.1286997393601853E-02 a       848     0    43     1     8
  2.9497059721070956E-01 a       849     0    43     1     9
  2.3682550101815063E-03 a       850     0    43     1    10
  1.4712307409779415E-01 a       851     0    43     1    11
  7.8896510868575798E-02 a       852     0    43     1    12
  1.0661062957241557E-01 a       853     0    43     1    13
  9.1999434622074466E-02 a       854     0    43     1    14
 -1.0449047299314110E-01 a       855     0    43     1    15
  2.1105803505423341E-02 a       856     0    43     1    16
 -2.3261146132067106E-01 a       857     0    43     1    17
 -5.2688364636726610E-02 a       858     0    43     1    18
 -4.4140685604414448E-02 a       859     0    43     1    19
  9.7342274271686846E-02 a       860     0    43     1    20
  5.8512163936664162E-02 a       861     0    44     1     1
  2.6128728226921466E-01 a       862     0    44     1     2
  4.2094683712406900E-01 a       863     0    44     1     3
  4.9971142271887259E-02 a       864     0    44     1     4
  1.7210749309442544E-01 a       865     0    44     1     5
 -6.3121138424073265E-03 a       866     0    44     1     6
  2.1750191080996387E-01 a       867     0    44     1     7
 -5.6065028466970623E-01 a       868     0    44     1     8
 -2.5453619506689495E-01 a       869     0    44     1     9
 -4.1463860394871405E-01 a       870     0    44     1    10
  3.3496217343410902E-03 a       871     0    44     1    11
 -5.1587813274260186E-01 a       872     0    44     1    12
  2.9376543692187718E-01 a       873     0    44     1    13
 -8.7463367975397915E-02 a       874     0    44     1    14
  1.0016501893704850E-01 a       875     0    44     1    15
 -8.7500890373189463E-02 a       876     0    44     1    16
 -7.6247038748480073E-02 a       877     0    44     1    17
  5.7202790635511085E-02 a       878     0    44     1    18
 -3.1570911589446154E-01 a       879     0    44     1    19
  2.2675159064167058E-01 a       880     0    44     1    20
  4.0240406877260798E-01 a       881     0    45     1     1
 -6.2840621245603034E-01 a       882     0    45     1     2
  4.2600282554635903E-02 a       883     0    45     1     3
  4.3402276202500578E-01 a       884     0    45     1     4
  1.5790658426245482E-02 a       885     0    45     1     5
  3.4627662555520999E-01 a       886     0    45     1     6
  3.1566340586356517E-01 a       887     0    45     1     7
  7.5944334798851279E-02 a       888     0    45     1     8
  5.6421676677935872E-01 a       889     0    45     1     9
  5.1913774260701995E-01 a       890     0    45     1    10
 -2.0956412211235270E-01 a       891     0    45     1    11
  3.1389227037487616E-01 a       892     0    45     1    12
  5.0877545305325393E-02 a       893     0    45     1    13
  6.4462867266706159E-01 a       894     0    45     1    14
 -4.2645555043912264E-01 a       895     0    45     1    15
  2.3441939753897617E-01 a       896     0    45     1    16
 -1.5952320115606267E-01 a       897     0    45     1    17
 -2.5598626018286424E-01 a       898     0    45     1    18
  1.4792039517260824E-01 a       899     0    45     1    19
  3.5147972382398707E-01 a       900     0    45     1    20
 -1.9521942809775805E-01 a       901     0    46     1     1
  1.4942604006486246E-01 a       902     0    46     1     2
  3.1701880009336147E-01 a       903     0    46     1     3
  1.3766692825682525E-01 a       904     0    46     1     4
 -1.8960167013814061E-01 a       905     0    46     1     5
  4.3167084564968802E-02 a       906     0    46     1     6
 -1.5776185739849058E-01 a       907     0    46     1     7
 -2.2469695017366932E-02 a       908     0    46     1     8
  2.8600228330282018E-01 a       909     0    46     1     9
 -1.8189820675198276E-01 a       910     0    46     1    10
 -2.1649772225871985E-01 a       911     0    46     1    11
 -5.1584604050047789E-01 a       912     0    46     1    12
  4.2132292490034590E-01 a       913     0    46     1    13
 -2.8420259293562339E-01 a       914     0    46     1    14
  3.6650357244466081E-01 a       915     0    46     1    15
 -3.8259672195477512E-01 a       916     0    46     1    16
  1.6912709371843637E-01 a       917     0    46     1    17
  4.6318294890304113E-01 a       918     0    46     1    18
 -5.4274533470584675E-02 a       919     0    46     1    19
  2.5629651091045114E-01 a       920     0    46     1    20
  1.6533381698915470E-01 a       921     0    47     1     1
  1.5816961173950550E-01 a       922     0    47     1     2
 -2.4795520302480101E-01 a       923     0    47     1     3
  8.6565149435694599E-02 a       924     0    47     1     4
  4.7838691336576845E-02 a       925     0    47     1     5
  3.5537258454994447E-02 a       926     0    47     1     6
 -2.7589777662300680E-01 a       927     0    47     1     7
  4.8164646861227561E-01 a       928     0    47     1     8
 -3.5151339251107400E-01 a       929     0    47     1     9
 -1.2169188008413359E-01 a       930     0    47     1    10
  2.9888413150087512E-01 a       931     0    47     1    11
 -1.8307105418420455E-01 a       932     0    47     1    12
 -1.3558694317615494E-01 a       933     0    47     1    13
 -5.7826408086901471E-01 a       934     0    47     1    14
 -8.6146484932662526E-02 a       935     0    47     1    15
 -3.1663995698673626E-02 a       936     0    47     1    16
 -9.7462806669612892E-02 a       937     0    47     1    17
  1.5449997526944641E-02 a       938     0    47     1    18
  7.7967443092530245E-02 a       939     0    47     1    19
 -4.9021797560037422E-01 a       940     0    47     1    20
  6.7672170623015643E-02 a       941     0    48     1     1
  5.7226263599404775E-02 a       942     0    48     1     2
 -8.0673245253429240E-02 a       943     0    48     1     3
  4.2619418122390407E-01 a       944     0    48     1     4
 -5.7269715113258082E-02 a       945     0    48     1     5
  5.8222461853842201E-02 a       946     0    48     1     6
 -1.2679323455686753E-01 a       947     0    48     1     7
 -1.8943366941424170E-01 a       948     0    48     1     8
 -4.0911459313100515E-02 a       949     0    48     1     9
  9.0088904704384881E-02 a       950     0    48     1    10
  4.0407065802000659E-02 a       951     0    48     1    11
 -1.1861423589577981E-01 a       952     0    48     1    12
 -3.5428357009745148E-01 a       953     0    48     1    13
  6.3523936058270905E-02 a       954     0    48     1    14
  8.4647794194275455E-02 a       955     0    48     1    15
 -1.2897511047477409E-01 a       956     0    48     1    16
 -9.4793024179499114E-02 a       957     0    48     1    17
 -3.9449137866676481E-01 a       958     0    48     1    18
 -2.9339502409900457E-02 a       959     0    48     1    19
  2.3786831307701145E-01 a       960     0    48     1    20
 -1.4506177168522585E-01 a       961     0    49     1     1
 -5.5708797694958656E-01 a       962     0    49     1     2
  8.5568103042306554E-01 a       963     0    49     1     3
  1.7205954994326852E-01 a       964     0    49     1     4
  3.6223174908811917E-01 a       965     0    49     1     5
 -1.4624077204835267E-01 a       966     0    49     1     6
 -6.8390712045600474E-02 a       967     0    49     1     7
 -6.8990255560312366E-02 a       968     0    49     1     8
 -2.0122508447102033E-02 a       969     0    49     1     9
 -3.4409187729142632E-01 a       970     0    49     1    10
  4.7914816597927574E-02 a       971     0    49     1    11
  2.3316723733720307E-01 a       972     0    49     1    12
 -5.1944610225662236E-01 a       973     0    49     1    13
  1.1043498835534187E+00 a       974     0    49     1    14
 -3.4486047260500879E-01 a       975     0    49     1    15
  1.5568438248273572E-01 a       976     0    49     1    16
  5.3163568584153564E-01 a       977     0    49     1    17
 -2.3185885876735216E-01 a       978     0    49     1    18
 -5.4207945987105821E-01 a       979     0    49     1    19
 -4.0143633142180390E-02 a       980     0    49     1    20
 -7.1069514465444039E-01 a       981     0    50     1     1
  8.8879458611912721E-01 a       982     0    50     1     2
 -4.6365807336680176E-01 a       983     0    50     1     3
 -3.0854185927136435E-01 a       984     0    50     1     4
 -4.5358652113675224E-01 a       985     0    50     1     5
 -2.6329161427010717E-01 a       986     0    50     1     6
 -4.5568583468246421E-01 a       987     0    50     1     7
  2.6218442579849316E-01 a       988     0    50     1     8
  1.1475760566017629E-01 a       989     0    50     1     9
  8.1458485979126927E-01 a       990     0    50     1    10
 -2.3953373865297767E-02 a       991     0    50     1    11
 -1.1975169160175676E+00 a       992     0    50     1    12
  6.7445165958173903E-01 a       993     0    50     1    13
 -1.1412570528214532E+00 a       994     0    50     1    14
  2.8615196527340131E-01 a       995     0    50     1    15
  1.2594420933164172E-01 a       996     0    50     1    16
 -2.8915728405996111E-01 a       997     0    50     1    17
  8.6730180389872880E-01 a       998     0    50     1    18
  1.7867476877513017E-01 a       999     0    50     1    19
 -3.7632403425101035E-01 a      1000     0    50     1    20
 -2.9186338373031540E-01 a      1001     0    51     1     1
 -1.3039791425271943E-01 a      1002     0    51     1     2
  5.0818569858636219E-02 a      1003     0    51     1     3
  8.3684428631598338E-03 a      1004     0    51     1     4
 -3.8427572916133156E-02 a      1005     0    51     1     5
  2.3238734756287249E-01 a      1006     0    51     1     6
 -1.9497600353521299E-01 a      1007     0    51     1     7
 -9.7252000874781544E-02 a      1008     0    51     1     8
 -1.1572837495182163E-01 a      1009     0    51     1     9
 -2.2135834642688906E-01 a      1010     0    51     1    10
 -1.4072383369531277E-01 a      1011     0    51     1    11
 -2.1558762423349695E-01 a      1012     0    51     1    12
 -1.6502166097690454E-01 a      1013     0    51     1    13
 -1.7303414979442572E-01 a      1014     0    51     1    14
 -6.1502118152353513E-02 a      1015     0    51     1    15
 -9.0957558216794201E-02 a      1016     0    51     1    16
  1.6263477065916315E-01 a      1017     0    51     1    17
  1.2268714661178401E-01 a      1018     0    51     1    18
  6.7144312683604282E-02 a      1019     0    51     1    19
 -2.9360905704739027E-02 a      1020     0    51     1    20
 -1.7965327951119385E+00 b      1021     1     1
 -4.6846135516445542E-01 b      1022     1     2
  1.0654549413102972E-01 b      1023     1     3
 -8.0867994824981448E-01 b      1024     1     4
  4.7173211626846173E-01 b      1025     1     5
 -1.0210452870555140E+00 b      1026     1     6
  2.4412458658901962E-03 b      1027     1     7
  5.4162277730015251E-01 b      1028     1     8
 -1.2529910391920502E+00 b      1029     1     9
 -7.0894600866284185E-01 b      1030     1    10
  1.3464995622873157E+00 b      1031     1    11
 -1.3057764351446308E+00 b      1032     1    12
 -8.3809091314316309E-01 b      1033     1    13
  1.1022359581613741E+00 b      1034     1    14
 -1.2514942366210089E+00 b      1035     1    15
 -2.5203842788903197E-01 b      1036     1    16
 -4.3000942469199038E-01 b      1037     1    17
  8.0175437742965006E-01 b      1038     1    18
  1.3098858057036762E+00 b      1039     1    19
 -6.4720188977524673E-01 b      1040     1    20
 -4.0740720640864264E-01 a      1041     1     1     2     1
 -7.5375147430689526E-01 a      1042     1     1     2     2
 -4.2643716341505022E-01 a      1043     1     1     2     3
  1.0078180299348358E+00 a      1044     1     1     2     4
 -2.8045495625503936E-01 a      1045     1     1     2     5
  1.1109002759802419E-01 a      1046     1     1     2     6
 -3.9874354514529026E-01 a      1047     1     1     2     7
  3.0809683149152233E-02 a      1048     1     1     2     8
  7.3720145728212727E-01 a      1049     1     1     2     9
  4.3397057087164076E-01 a      1050     1     1     2    10
 -4.4132586304218208E-01 a      1051     1     1     2    11
  1.0028781075066905E-01 a      1052     1     1     2    12
  1.1182218870696209E-01 a      1053     1     1     2    13
  1.0367608286477079E+00 a      1054     1     1     2    14
 -6.5336410246499022E-01 a      1055     1     1     2    15
  5.8821494334098068E-01 a      1056     1     1     2    16
 -4.0191985688333776E-01 a      1057     1     1     2    17
  4.1173216172495758E-01 a      1058     1     1     2    18
 -3.9170304682547258E-02 a      1059     1     1     2    19
  5.6725357958831102E-01 a      1060     1     1     2    20
  3.6150092940451256E-01 a      1061     1     2     2     1
  8.7437280269427750E-02 a      1062     1     2     2     2
 -7.4069627179913411E-01 a      1063     1     2     2     3
  5.4736901953505923E-01 a      1064     1     2     2     4
 -4.7920668198218819E-01 a      1065     1     2     2     5
 -4.0683293356087763E-01 a      1066     1     2     2     6
  2.4350955733174892E-01 a      1067     1     2     2     7
  5.5312777065678675E-01 a      1068     1     2     2     8
  1.1231717449855674E+00 a      1069     1     2     2     9
 -5.5932433434642943E-02 a      1070     1     2     2    10
  5.7292903885245036E-02 a      1071     1     2     2    11
 -6.1594688719253610E-01 a      1072     1     2     2    12
 -3.9798880006950776E-01 a      1073     1     2     2    13
  3.5989324128214616E-02 a      1074     1     2     2    14
 -6.7043007503713101E-02 a      1075     1     2     2    15
 -1.5388111287108347E-01 a      1076     1     2     2    16
  4.4196041129998093E-01 a      1077     1     2     2    17
 -6.5756119761871690E-01 a      1078     1     2     2    18
  4.2981572295532300E-01 a      1079     1     2     2    19
 -1.0307553825099576E-01 a      1080     1     2     2    20
 -3.9812546631027745E-01 a      1081     1     3     2     1
  6.3039206319151375E-01 a      1082     1     3     2     2
 -2.8580389757291003E-01 a      1083     1     3     2     3
  3.0014775775210017E-01 a      1084     1     3     2     4
  4.3451149833928149E-01 a      1085     1     3     2     5
  5.0287159482881827E-01 a      1086     1     3     2     6
 -4.0032034482195022E-01 a      1087     1     3     2     7
 -1.8547465794879950E-01 a      1088     1     3     2     8
  6.1281050471499421E-01 a      1089     1     3     2     9
  2.7475126599003180E-01 a      1090     1     3     2    10
 -1.3144328744015650E-02 a      1091     1     3     2    11
 -2.7219997991694855E-01 a      1092     1     3     2    12
  8.4141236156548449E-01 a      1093     1     3     2    13
  1.2768952232533914E-02 a      1094     1     3     2    14
 -4.1806861840208503E-01 a      1095     1     3     2    15
  1.1315290574910541E-01 a      1096     1     3     2    16
 -2.0382982007872510E-01 a      1097     1     3     2    17
  1.2884432599471710E-01 a      1098     1     3     2    18
 -1.1263080048910479E-01 a      1099     1     3     2    19
 -3.0767445936611770E-01 a      1100     1     3     2    20
  7.9778572222417143E-03 a      1101     1     4     2     1
 -1.8330810941541306E-01 a      1102     1     4     2     2
  5.6248130678150132E-01 a      1103     1     4     2     3
 -3.7821755373863958E-01 a      1104     1     4     2     4
 -3.5902128694445881E-02 a      1105     1     4     2     5
  1.9854591853340969E-01 a      1106     1     4     2     6
  1.7033603542396636E-01 a      1107     1     4     2     7
  2.3400558314970971E-01 a      1108     1     4     2     8
 -2.4956752450864664E-01 a      1109     1     4     2     9
 -1.3551306684840803E-01 a      1110     1     4     2    10
  9.5866610622965167E-03 a      1111     1     4     2    11
  1.5292026401916622E-01 a      1112     1     4     2    12
 -2.1622159680218273E-01 a      1113     1     4     2    13
  3.4341960558974138E-01 a      1114     1     4     2    14
 -2.5679801664123338E-02 a      1115     1     4     2    15
 -8.5786950766601512E-03 a      1116     1     4     2    16
 -2.7972214521248417E-01 a      1117     1     4     2    17
 -1.0500831640070429E-01 a      1118     1     4     2    18
 -1.6460342767028194E-01 a      1119     1     4     2    19
  6.2313619509683560E-02 a      1120     1     4     2    20
  6.4295539250987943E-01 a      1121     1     5     2     1
  1.1974668884432330E-01 a      1122     1     5     2     2
 -8.1456604182525316E-01 a      1123     1     5     2     3
 -5.7544888372932590E-01 a      1124     1     5     2     4
  1.5086739378520944E-01 a      1125     1     5     2     5
  7.3079946110821081E-01 a      1126     1     5     2     6
 -2.3319445963643365E-01 a      1127     1     5     2     7
 -3.6933075098205781E-01 a      1128     1     5     2     8
 -8.4718593137526343E-01 a      1129     1     5     2     9
  1.4968590278378632E-01 a      1130     1     5     2    10
 -5.7058800695433587E-01 a      1131     1     5     2    11
 -5.9875957264573543E-01 a      1132     1     5     2    12
 -2.2321090555753487E-02 a      1133     1     5     2    13
 -1.7443016239888417E-02 a      1134     1     5     2    14
 -7.4635984362930119E-01 a      1135     1     5     2    15
 -2.1021619408704190E-01 a      1136     1     5     2    16
  1.8643252524317869E-01 a      1137     1     5     2    17
 -4.0697023626577633E-01 a      1138     1     5     2    18
  1.8615943583563307E-01 a      1139     1     5     2    19
  2.4295787137117195E-01 a      1140     1     5     2    20
  6.5238582316114890E-01 a      1141     1     6     2     1
 -4.0910779747054576E-01 a      1142     1     6     2     2
 -7.8591154557713316E-02 a      1143     1     6     2     3
  1.6761008351247783E-01 a      1144     1     6     2     4
  2.2846523809146757E-01 a      1145     1     6     2     5
  9.5245874310316489E-02 a      1146     1     6     2     6
  4.1353528296089564E-01 a      1147     1     6     2     7
 -3.4684556114458082E-01 a      1148     1     6     2     8
 -4.7146742497870248E-01 a      1149     1     6     2     9
 -2.3508530021229462E-01 a      1150     1     6     2    10
 -6.9111947683112671E-02 a      1151     1     6     2    11
 -5.4733516816683681E-01 a      1152     1     6     2    12
 -5.0584444479377555E-01 a      1153     1     6     2    13
 -8.5361396654641125E-02 a      1154     1     6     2    14
 -4.3582232988159963E-01 a      1155     1     6     2    15
 -6.5892556010679992E-01 a      1156     1     6     2    16
  2.7916219301440198E-01 a      1157     1     6     2    17
 -5.1359105130282479E-01 a      1158     1     6     2    18
  3.2408329183705581E-01 a      1159     1     6     2    19
  3.4646160095452261E-01 a      1160     1     6     2    20
 -2.7161171305341819E-01 a      1161     1     7     2     1
 -9.1923460424747458E-02 a      1162     1     7     2     2
  3.9741131970713113E-02 a      1163     1     7     2     3
 -6.3574820200312998E-01 a      1164     1     7     2     4
  3.8290603593860612E-01 a      1165     1     7     2     5
  1.3033018972610633E-01 a      1166     1     7     2     6
  3.6318335911412247E-01 a      1167     1     7     2     7
 -4.5146391457653839E-01 a      1168     1     7     2     8
 -7.5169822456495416E-01 a      1169     1     7     2     9
  3.8701639629133772E-01 a      1170     1     7     2    10
 -1.7194212409105927E-01 a      1171     1     7     2    11
  3.5137233594722378E-01 a      1172     1     7     2    12
 -6.0304948668779834E-01 a      1173     1     7     2    13
 -1.3816842763557627E-01 a      1174     1     7     2    14
 -2.4270262583732907E-03 a      1175     1     7     2    15
  4.1940443377819531E-01 a      1176     1     7     2    16
 -3.5997608079986670E-01 a      1177     1     7     2    17
  5.8933586678549732E-01 a      1178     1     7     2    18
 -5.9281133223990756E-01 a      1179     1     7     2    19
 -3.0721548641323837E-01 a      1180     1     7     2    20
  5.2294908815339725E-01 a      1181     1     8     2     1
  3.4962382423904273E-02 a      1182     1     8     2     2
  4.8526493055104980E-01 a      1183     1     8     2     3
 -6.6048367140451647E-02 a      1184     1     8     2     4
 -2.1274228262978190E-01 a      1185     1     8     2     5
  4.1480949133171702E-01 a      1186     1     8     2     6
 -6.1483977652633848E-01 a      1187     1     8     2     7
  4.5832502578582934E-01 a      1188     1     8     2     8
 -2.1003675995461257E-01 a      1189     1     8     2     9
 -2.7618091540834905E-01 a      1190     1     8     2    10
  4.0674570268089483E-01 a      1191     1     8     2    11
 -4.4801868121592281E-01 a      1192     1     8     2    12
  4.1501670678166847E-01 a      1193     1     8     2    13
  7.4774916252898824E-02 a      1194     1     8     2    14
 -6.5549692854078767E-01 a      1195     1     8     2    15
 -3.2291982051834878E-01 a      1196     1     8     2    16
  2.6492424951266935E-01 a      1197     1     8     2    17
  4.3178086246982154E-02 a      1198     1     8     2    18
  2.3078374320925540E-01 a      1199     1     8     2    19
 -3.9642596615245557E-01 a      1200     1     8     2    20
  1.5779330488369162E-01 a      1201     1     9     2     1
  4.8471106095119526E-01 a      1202     1     9     2     2
 -4.5007662515268353E-02 a      1203     1     9     2     3
 -6.1421259872919479E-02 a      1204     1     9     2     4
  6.7662285657353016E-01 a      1205     1     9     2     5
 -5.6510932264142510E-01 a      1206     1     9     2     6
  7.6778360490522479E-01 a      1207     1     9     2     7
  2.0123902620916695E-01 a      1208     1     9     2     8
  2.1517577431589766E-01 a      1209     1     9     2     9
  5.4722870705560755E-02 a      1210     1     9     2    10
  6.2966368114256410E-01 a      1211     1     9     2    11
 -8.8630352843972415E-02 a      1212     1     9     2    12
  5.2339333981415093E-01 a      1213     1     9     2    13
  3.8995268451096343E-01 a      1214     1     9     2    14
 -6.7399234986211243E-01 a      1215     1     9     2    15
  3.3468875941252690E-01 a      1216     1     9     2    16
  2.4699294974648864E-01 a      1217     1     9     2    17
 -1.8499204863729002E-01 a      1218     1     9     2    18
 -2.5083310163174238E-01 a      1219     1     9     2    19
 -5.3212763444681443E-01 a      1220     1     9     2    20
  6.8472200823454080E-02 a      1221     1    10     2     1
 -5.9247071219633123E-02 a      1222     1    10     2     2
 -6.6826716031649647E-01 a      1223     1    10     2     3
 -3.4095680784220633E-01 a      1224     1    10     2     4
 -1.1168910956836213E-01 a      1225     1    10     2     5
  2.4853887150716059E-01 a      1226     1    10     2     6
  1.1995330117168745E-01 a      1227     1    10     2     7
 -1.1301762081397954E-01 a      1228     1    10     2     8
 -4.9255340185458829E-01 a      1229     1    10     2     9
  8.3477927008566627E-02 a      1230     1    10     2    10
  4.1771985755309704E-01 a      1231     1    10     2    11
 -1.2979307800340800E-01 a      1232     1    10     2    12
  7.3837049056474613E-01 a      1233     1    10     2    13
  9.1023338103355375E-02 a      1234     1    10     2    14
 -3.5819470482899152E-01 a      1235     1    10     2    15
 -5.1898860895465226E-01 a      1236     1    10     2    16
 -4.3046339666369710E-01 a      1237     1    10     2    17
  4.8919187450097013E-01 a      1238     1    10     2    18
  1.3742177416910287E-01 a      1239     1    10     2    19
  3.1496845097729964E-01 a      1240     1    10     2    20
  3.0095161487497829E-01 a      1241     1    11     2     1
  5.4018069192425644E-01 a      1242     1    11     2     2
  7.1343782074016260E-01 a      1243     1    11     2     3
 -4.2088408848907843E-01 a      1244     1    11     2     4
 -4.3602045669280143E-01 a      1245     1    11     2     5
  2.3832032228770450E-01 a      1246     1    11     2     6
 -2.7247426761275750E-01 a      1247     1    11     2     7
  3.8809380176335267E-01 a      1248     1    11     2     8
  4.2481180401203335E-02 a      1249     1    11     2     9
  1.5934298443564457E-01 a      1250     1    11     2    10
 -3.8993708956140537E-02 a      1251     1    11     2    11
 -4.6011893746954408E-01 a      1252     1    11     2    12
  1.4042555338470267E-01 a      1253     1    11     2    13
  3.5921069178368803E-01 a      1254     1    11     2    14
 -1.0042057399632213E-01 a      1255     1    11     2    15
 -4.0758368568894404E-01 a      1256     1    11     2    16
  2.8043654102873344E-01 a      1257     1    11     2    17
 -8.0101657090662548E-01 a      1258     1    11     2    18
 -8.0543644655729246E-02 a      1259     1    11     2    19
 -5.9532351128262273E-01 a      1260     1    11     2    20
  5.0883775634615258E-01 a      1261     1    12     2     1
  1.8008645696007672E-01 a      1262     1    12     2     2
  1.4751396425201810E-01 a      1263     1    12     2     3
  2.9179071666670198E-01 a      1264     1    12     2     4
  1.6751474684307371E-01 a      1265     1    12     2     5
 -3.6280993358236374E-01 a      1266     1    12     2     6
 -4.7924630671115659E-01 a      1267     1    12     2     7
 -1.6412954982068524E-02 a      1268     1    12     2     8
 -3.3618752776313071E-01 a      1269     1    12     2     9
 -3.0979004295376172E-01 a      1270     1    12     2    10
 -4.1526427185824494E-01 a      1271     1    12     2    11
 -9.0448904073702707E-02 a      1272     1    12     2    12
 -3.7874175880413302E-01 a      1273     1    12     2    13
  2.6215080555786802E-01 a      1274     1    12     2    14
  5.3222339603616109E-01 a      1275     1    12     2    15
  4.1836591380332655E-01 a      1276     1    12     2    16
 -2.8832394722415750E-01 a      1277     1    12     2    17
  2.7836720576150409E-01 a      1278     1    12     2    18
  7.9319438859086133E-01 a      1279     1    12     2    19
  4.6165279167307377E-01 a      1280     1    12     2    20
  5.8610810740171637E-01 a      1281     1    13     2     1
  3.5351491927463966E-02 a      1282     1    13     2     2
 -6.9345850890884220E-01 a      1283     1    13     2     3
 -1.6615565591981049E-01 a      1284     1    13     2     4
  5.3097833814038975E-01 a      1285     1    13     2     5
 -9.3364581449422113E-02 a      1286     1    13     2     6
 -6.1500558185443921E-01 a      1287     1    13     2     7
 -1.3416065779185163E-01 a      1288     1    13     2     8
  9.7402271644073321E-02 a      1289     1    13     2     9
 -4.6331064606415873E-01 a      1290     1    13     2    10
  1.4372241380942172E-01 a      1291     1    13     2    11
 -5.7249498225443640E-01 a      1292     1    13     2    12
 -6.1517801335218170E-01 a      1293     1    13     2    13
 -3.3086586019736935E-01 a      1294     1    13     2    14
  4.9035277024842361E-01 a      1295     1    13     2    15
  2.5027397059036679E-03 a      1296     1    13     2    16
  3.4877818108095299E-01 a      1297     1    13     2    17
  4.7372445539249303E-01 a      1298     1    13     2    18
 -1.7896792911084672E-01 a      1299     1    13     2    19
  4.5078657114533971E-01 a      1300     1    13     2    20
  3.0925785825871033E-01 a      1301     1    14     2     1
 -2.2195315626585446E-01 a      1302     1    14     2     2
  4.7671767715079910E-01 a      1303     1    14     2     3
  3.0128937126179522E-01 a      1304     1    14     2     4
 -3.7950670875926677E-02 a      1305     1    14     2     5
 -3.4426913802757231E-01 a      1306     1    14     2     6
 -6.4067089870903648E-01 a      1307     1    14     2     7
 -7.2892810274001914E-03 a      1308     1    14     2     8
 -3.2713660623239882E-02 a      1309     1    14     2     9
  2.3868213241372832E-01 a      1310     1    14     2    10
  4.3770397343597828E-01 a      1311     1    14     2    11
 -6.9105538623997009E-01 a      1312     1    14     2    12
 -2.1571870887199496E-01 a      1313     1    14     2    13
 -1.8237051163139228E-01 a      1314     1    14     2    14
 -8.5727070607094835E-02 a      1315     1    14     2    15
 -7.4897800926683300E-01 a      1316     1    14     2    16
  3.3341221130402121E-01 a      1317     1    14     2    17
  6.7049752510186933E-01 a      1318     1    14     2    18
 -4.7963231088420111E-01 a      1319     1    14     2    19
  2.1219059419598960E-01 a      1320     1    14     2    20
  9.9587187612844269E-02 a      1321     1    15     2     1
  1.6537932331748795E-01 a      1322     1    15     2     2
  2.8693067598054806E-01 a      1323     1    15     2     3
  5.6054002106969447E-01 a      1324     1    15     2     4
  6.0134945122908079E-01 a      1325     1    15     2     5
  1.9909883389379784E-01 a      1326     1    15     2     6
 -1.1037956224491341E-01 a      1327     1    15     2     7
 -3.6033236029484561E-01 a      1328     1    15     2     8
  4.5693050595889732E-02 a      1329     1    15     2     9
  4.6477673878199266E-01 a      1330     1    15     2    10
  3.0686319751613244E-02 a      1331     1    15     2    11
  5.0430600590914409E-01 a      1332     1    15     2    12
 -2.7661050129903469E-01 a      1333     1    15     2    13
  5.8973110545887009E-01 a      1334     1    15     2    14
 -6.7722748108427755E-01 a      1335     1    15     2    15
 -1.6189448760620895E-01 a      1336     1    15     2    16
 -7.1308737477208461E-01 a      1337     1    15     2    17
 -8.9729244067154279E-01 a      1338     1    15     2    18
 -2.5265767443111481E-01 a      1339     1    15     2    19
 -5.7606476741652013E-01 a      1340     1    15     2    20
 -1.6281207101488690E-01 a      1341     1    16     2     1
 -7.4860234922686097E-01 a      1342     1    16     2     2
  1.9090616562277457E-01 a      1343     1    16     2     3
 -3.8525697260023514E-02 a      1344     1    16     2     4
  1.7522128442402604E-01 a      1345     1    16     2     5
 -3.9018621730345912E-02 a      1346     1    16     2     6
  7.9985291210548626E-01 a      1347     1    16     2     7
  3.4115478182433423E-01 a      1348     1    16     2     8
 -4.1723234463415620E-01 a      1349     1    16     2     9
 -5.0653298879233022E-01 a      1350     1    16     2    10
 -4.9368945106809220E-01 a      1351     1    16     2    11
  3.3643158520060845E-01 a      1352     1    16     2    12
  3.7094200914649172E-01 a      1353     1    16     2    13
 -2.2401244308711074E-01 a      1354     1    16     2    14
  1.4424526524520104E-01 a      1355     1    16     2    15
 -2.6049192513197011E-01 a      1356     1    16     2    16
 -6.3223461540878256E-01 a      1357     1    16     2    17
  2.0967019157654182E-01 a      1358     1    16     2    18
 -5.3731211990837829E-02 a      1359     1    16     2    19
 -4.9523743717543417E-01 a      1360     1    16     2    20
  1.3198098384377094E-01 a      1361     1    17     2     1
 -8.2802489865308332E-03 a      1362     1    17     2     2
 -6.2942621457529313E-01 a      1363     1    17     2     3
 -4.9615609319382158E-02 a      1364     1    17     2     4
  3.6651806260301074E-02 a      1365     1    17     2     5
  9.5096511626886857E-02 a      1366     1    17     2     6
 -3.8917300140128785E-01 a      1367     1    17     2     7
  4.3588592145601801E-01 a      1368     1    17     2     8
 -3.8616873590862622E-01 a      1369     1    17     2     9
 -2.7041598606805689E-01 a      1370     1    17     2    10
 -1.7947233258066311E-01 a      1371     1    17     2    11
 -3.4343846200474942E-01 a      1372     1    17     2    12
  5.5183848405941718E-02 a      1373     1    17     2    13
  7.5773189671852814E-02 a      1374     1    17     2    14
  2.8209682120894025E-01 a      1375     1    17     2    15
 -2.6497511602077288E-04 a      1376     1    17     2    16
 -1.5542281842411795E-01 a      1377     1    17     2    17
  1.2760663834862435E-01 a      1378     1    17     2    18
  2.5492652171583152E-01 a      1379     1    17     2    19
 -2.2787017021742884E-01 a      1380     1    17     2    20
 -4.4107157910142814E-01 a      1381     1    18     2     1
 -1.3576276476307403E-01 a      1382     1    18     2     2
 -7.2657156521020644E-02 a      1383     1    18     2     3
 -5.3504626774639485E-01 a      1384     1    18     2     4
  3.2523750997696244E-01 a      1385     1    18     2     5
  1.6026870481116615E-01 a      1386     1    18     2     6
  4.6521543202759208E-01 a      1387     1    18     2     7
  6.0502370290938068E-01 a      1388     1    18     2     8
  3.4764297483903112E-01 a      1389     1    18     2     9
  5.1157055214350777E-01 a      1390     1    18     2    10
 -1.6795232428675702E-01 a      1391     1    18     2    11
 -3.4736436010192712E-01 a      1392     1    18     2    12
  1.2618226359924428E-01 a      1393     1    18     2    13
 -3.4626760397381512E-01 a      1394     1    18     2    14
  1.2687724044879758E-01 a      1395     1    18     2    15
  3.2650249614543336E-01 a      1396     1    18     2    16
  5.6005122852767719E-01 a      1397     1    18     2    17
  8.9592559040400399E-01 a      1398     1    18     2    18
  4.2418989661773288E-01 a      1399     1    18     2    19
 -5.9111422521157643E-03 a      1400     1    18     2    20
  5.6891960933583485E-01 a      1401     1    19     2     1
  1.0315719423178267E+00 a      1402     1    19     2     2
  3.0385712619624800E-01 a      1403     1    19     2     3
  2.7409203851369424E-01 a      1404     1    19     2     4
 -5.9217484744017979E-01 a      1405     1    19     2     5
 -2.1577401814492700E-01 a      1406     1    19     2     6
  2.0656737511055331E-02 a      1407     1    19     2     7
  8.5438043758244842E-01 a      1408     1    19     2     8
  2.0456140238497780E-01 a      1409     1    19     2     9
 -3.7531703327501303E-01 a      1410     1    19     2    10
  6.8452169966589582E-01 a      1411     1    19     2    11
  1.3919572526511798E-01 a      1412     1    19     2    12
  6.8811034318083941E-01 a      1413     1    19     2    13
 -2.4697279237315725E-02 a      1414     1    19     2    14
 -1.5192698848240907E-01 a      1415     1    19     2    15
 -4.7652138106670971E-01 a      1416     1    19     2    16
  1.1709238753040250E-02 a      1417     1    19     2    17
 -4.5152434637982103E-02 a      1418     1    19     2    18
  7.9345726435410591E-01 a      1419     1    19     2    19
  4.6458143338373575E-01 a      1420     1    19     2    20
  1.7779739265527908E-01 a      1421     1    20     2     1
 -5.9670789752018083E-01 a      1422     1    20     2     2
 -5.2506618567661645E-01 a      1423     1    20     2     3
 -2.1039293051370422E-01 a      1424     1    20     2     4
 -3.0411649851177047E-01 a      1425     1    20     2     5
 -1.0320712954490259E-01 a      1426     1    20     2     6
  1.6486965536314910E-01 a      1427     1    20     2     7
 -7.1472597111711056E-02 a      1428     1    20     2     8
 -3.7872272621963554E-01 a      1429     1    20     2     9
  2.3656801006185518E-01 a      1430     1    20     2    10
 -2.9040113214480212E-01 a      1431     1    20     2    11
  1.0861152398511023E-01 a      1432     1    20     2    12
  3.5210429352797185E-01 a      1433     1    20     2    13
  1.3501010941640629E-02 a      1434     1    20     2    14
 -1.9307437073630082E-01 a      1435     1    20     2    15
 -2.4465962331973454E-01 a      1436     1    20     2    16
 -3.2854181184714820E-01 a      1437     1    20     2    17
  1.6533271728375337E-01 a      1438     1    20     2    18
  4.1719298212221584E-01 a      1439     1    20     2    19
 -3.8991867804630875E-01 a      1440     1    20     2    20
  1.5964940264188774E+00 b      1441     2     1
 -8.1910893051861666E-02 b      1442     2     2
 -1.8598546506446318E+00 b      1443     2     3
  8.6535265837666309E-01 b      1444     2     4
 -1.4185918058976366E+00 b      1445     2     5
  1.7725755773904484E+00 b      1446     2     6
  9.2960572047310597E-01 b      1447     2     7
 -1.2300332547944517E+00 b      1448     2     8
 -7.4959225235424565E-01 b      1449     2     9
 -1.2840637247852615E+00 b      1450     2    10
  1.9635712500862079E+00 b      1451     2    11
  1.6200423430511490E+00 b      1452     2    12
 -9.0454458807532612E-01 b      1453     2    13
 -7.0904237974576745E-01 b      1454     2    14
  1.1629915254508478E+00 b      1455     2    15
  3.6261493469047890E-01 b      1456     2    16
  1.3703567509205672E+00 b      1457     2    17
 -3.0819253144151543E-01 b      1458     2    18
  1.2840852822237547E+00 b      1459     2    19
 -3.7694725765910175E-01 b      1460     2    20
  1.4236414075205128E+00 a      1461     2     1     3     1
  1.7406697589230742E+00 a      1462     2     2     3     1
 -2.9330993240765901E-01 a      1463     2     3     3     1
 -1.0360741351560221E+00 a      1464     2     4     3     1
 -2.3616362054494062E+00 a      1465     2     5     3     1
  2.4926469629029584E+00 a      1466     2     6     3     1
 -1.9544199102255971E-01 a      1467     2     7     3     1
 -5.1623768910063705E-01 a      1468     2     8     3     1
  5.7503060424833907E-01 a      1469     2     9     3     1
 -1.7997493184542357E+00 a      1470     2    10     3     1
  1.6436523816175683E+00 a      1471     2    11     3     1
  1.2832577142421284E+00 a      1472     2    12     3     1
 -3.9452961646716816E-01 a      1473     2    13     3     1
 -1.7555058634049525E+00 a      1474     2    14     3     1
  2.1971400980144202E+00 a      1475     2    15     3     1
 -1.2789394775755170E+00 a      1476     2    16     3     1
  2.5884251369174613E+00 a      1477     2    17     3     1
  1.2982185800368781E-01 a      1478     2    18     3     1
  1.6931708113353607E+00 a      1479     2    19     3     1
 -8.3319155222853247E-01 a      1480     2    20     3     1
  1.7937073104285819E+00 b      1481     3     1
