################################################################################
# Neural network connection values (weights and biases).
################################################################################
# Col  Name       Description
################################################################################
# 1    connection Neural network connection value.
# 2    t          Connection type (a = weight, b = bias).
# 3    index      Index enumerating weights.
# 4    l_s        Starting point layer (end point layer for biases).
# 5    n_s        Starting point neuron in starting layer (end point neuron for biases).
# 6    l_e        End point layer.
# 7    n_e        End point neuron in end layer.
################################################################################
#                      1 2         3     4     5     6     7
#             connection t     index   l_s   n_s   l_e   n_e
############################################################
  8.6010987070452030E-02 a         1     0     1     1     1
 -4.0148614855782083E-01 a         2     0     1     1     2
  2.6577510147283101E-01 a         3     0     1     1     3
  7.1012855447163889E-02 a         4     0     1     1     4
  5.8750723761618807E-02 a         5     0     1     1     5
 -4.4894713136630232E-01 a         6     0     1     1     6
 -6.0927497659149420E-02 a         7     0     1     1     7
  3.4336115024316732E-01 a         8     0     1     1     8
  2.8488126151430537E-01 a         9     0     1     1     9
 -3.5192358435969678E-01 a        10     0     1     1    10
  4.4283824766161806E-01 a        11     0     1     1    11
 -1.1943806785200757E-01 a        12     0     1     1    12
  1.2226960319005846E-01 a        13     0     1     1    13
  4.4275274701215617E-01 a        14     0     1     1    14
 -3.6280400983700755E-03 a        15     0     1     1    15
  8.6393588557924075E-02 a        16     0     1     1    16
  1.0712607150402219E-01 a        17     0     1     1    17
 -3.1470117252658281E-01 a        18     0     1     1    18
 -7.0856821644305967E-01 a        19     0     1     1    19
  1.2363729187118926E-01 a        20     0     1     1    20
  1.6707196004747449E-01 a        21     0     2     1     1
  1.9350255228061697E-01 a        22     0     2     1     2
 -7.9773674143994687E-03 a        23     0     2     1     3
 -2.4089428486286432E-01 a        24     0     2     1     4
  1.9548306522379624E-01 a        25     0     2     1     5
 -3.9834958022062278E-01 a        26     0     2     1     6
  5.3596560614301958E-02 a        27     0     2     1     7
  6.1913170580766598E-02 a        28     0     2     1     8
  3.6300637481883469E-01 a        29     0     2     1     9
 -2.2004534821846538E-02 a        30     0     2     1    10
 -1.6685053413377010E-01 a        31     0     2     1    11
  1.3866969416945876E-01 a        32     0     2     1    12
  2.3837939189168306E-01 a        33     0     2     1    13
  3.1776462747483997E-01 a        34     0     2     1    14
  2.2980257173462063E-03 a        35     0     2     1    15
 -2.2375322117055918E-01 a        36     0     2     1    16
 -1.3754577916287758E-01 a        37     0     2     1    17
  2.5259356150425216E-01 a        38     0     2     1    18
 -2.5817776757873573E-01 a        39     0     2     1    19
 -1.4676836599031978E-01 a        40     0     2     1    20
 -3.5159480024985590E-02 a        41     0     3     1     1
  3.0596868693390772E-01 a        42     0     3     1     2
  1.4675594196646097E-01 a        43     0     3     1     3
  2.2752465643560471E-01 a        44     0     3     1     4
  6.3760410202982776E-03 a        45     0     3     1     5
 -2.9423791231672880E-02 a        46     0     3     1     6
 -4.7116156992230668E-01 a        47     0     3     1     7
 -2.9753260504414885E-02 a        48     0     3     1     8
  8.7929518224787069E-03 a        49     0     3     1     9
  5.5141397506529077E-01 a        50     0     3     1    10
 -1.1374540543493350E-01 a        51     0     3     1    11
 -4.1301539240049717E-01 a        52     0     3     1    12
 -1.2581823302133952E-01 a        53     0     3     1    13
  2.9186585251071728E-01 a        54     0     3     1    14
 -5.2777093921433238E-01 a        55     0     3     1    15
  3.3937582115270670E-01 a        56     0     3     1    16
  1.8151528655710403E-01 a        57     0     3     1    17
  2.1608188242718648E-01 a        58     0     3     1    18
  6.1923207348182174E-01 a        59     0     3     1    19
  3.0319443734717566E-01 a        60     0     3     1    20
 -2.6250546911946426E-01 a        61     0     4     1     1
  1.1937762098262408E-01 a        62     0     4     1     2
 -8.0158393026322286E-02 a        63     0     4     1     3
 -1.2153481093143356E-01 a        64     0     4     1     4
 -4.2325694076178105E-01 a        65     0     4     1     5
 -1.1350191721003371E-02 a        66     0     4     1     6
 -2.9496283352684316E-01 a        67     0     4     1     7
 -4.5988167599195710E-02 a        68     0     4     1     8
  1.9482523279519634E-01 a        69     0     4     1     9
  2.7240667714088584E-01 a        70     0     4     1    10
 -4.2976850543672451E-02 a        71     0     4     1    11
 -5.0917066132277156E-01 a        72     0     4     1    12
 -1.2242957772911867E-01 a        73     0     4     1    13
 -3.0327990027870505E-01 a        74     0     4     1    14
  5.6346180856268378E-02 a        75     0     4     1    15
  3.9511320336842765E-01 a        76     0     4     1    16
  5.5031202150122596E-02 a        77     0     4     1    17
 -1.7922538711993949E-01 a        78     0     4     1    18
  6.5026443887431939E-01 a        79     0     4     1    19
  1.6625096702866030E-01 a        80     0     4     1    20
 -8.6726975396054992E-02 a        81     0     5     1     1
  4.1377479703938591E-01 a        82     0     5     1     2
 -4.7990002833218311E-02 a        83     0     5     1     3
  3.8160123342925967E-01 a        84     0     5     1     4
 -6.5258005515926243E-01 a        85     0     5     1     5
 -4.7418064008176816E-02 a        86     0     5     1     6
  2.3849676748871873E-01 a        87     0     5     1     7
 -1.0121954616773854E-01 a        88     0     5     1     8
  1.4787231137015824E-01 a        89     0     5     1     9
 -1.0168938750211928E-01 a        90     0     5     1    10
  1.0536353897773208E-01 a        91     0     5     1    11
  3.1647641963284112E-01 a        92     0     5     1    12
  2.7066318628938737E-02 a        93     0     5     1    13
  7.1821616690229628E-02 a        94     0     5     1    14
 -1.8041152648616432E-01 a        95     0     5     1    15
  1.2340876658172228E-01 a        96     0     5     1    16
  1.9075598344522537E-01 a        97     0     5     1    17
 -7.2032896495064407E-03 a        98     0     5     1    18
 -4.1609170309553534E-01 a        99     0     5     1    19
 -1.1238529971220529E-01 a       100     0     5     1    20
 -2.2931818060249864E-02 a       101     0     6     1     1
  2.7694161154508035E-01 a       102     0     6     1     2
 -1.5652123776049884E-01 a       103     0     6     1     3
  7.9181975540396549E-02 a       104     0     6     1     4
 -4.9894790665655775E-01 a       105     0     6     1     5
 -3.7694122693484083E-01 a       106     0     6     1     6
  1.4192565391861850E-01 a       107     0     6     1     7
 -8.8822162332813992E-01 a       108     0     6     1     8
  2.0810551663177293E-01 a       109     0     6     1     9
  9.7737038485270755E-01 a       110     0     6     1    10
  1.5067474003556711E-01 a       111     0     6     1    11
 -2.2100245458219153E-01 a       112     0     6     1    12
 -4.4193944161724187E-03 a       113     0     6     1    13
 -2.1825169002394501E-01 a       114     0     6     1    14
 -1.9065265912512615E-02 a       115     0     6     1    15
 -4.0001909651532880E-01 a       116     0     6     1    16
  3.6775065624049580E-01 a       117     0     6     1    17
  1.0686824798146226E-01 a       118     0     6     1    18
  2.9795541440118084E-01 a       119     0     6     1    19
 -2.6581258601493141E-01 a       120     0     6     1    20
 -3.2026226690025761E-01 a       121     0     7     1     1
 -1.5299829421336571E-02 a       122     0     7     1     2
 -3.6907228714622997E-01 a       123     0     7     1     3
 -2.4869162518188045E-01 a       124     0     7     1     4
  7.9510410440571799E-01 a       125     0     7     1     5
  1.1166940716365832E-01 a       126     0     7     1     6
  3.3235883834494336E-02 a       127     0     7     1     7
  1.1022443778217488E+00 a       128     0     7     1     8
 -1.1607965732151224E-01 a       129     0     7     1     9
 -8.6755891448762279E-01 a       130     0     7     1    10
 -3.5473822955464207E-01 a       131     0     7     1    11
  7.0605312536943854E-01 a       132     0     7     1    12
  3.6959529832102461E-01 a       133     0     7     1    13
  6.7057752238845122E-02 a       134     0     7     1    14
  5.0929090862875392E-01 a       135     0     7     1    15
  2.4313298506538211E-01 a       136     0     7     1    16
  5.0469078506460774E-01 a       137     0     7     1    17
 -1.6959520520690852E-01 a       138     0     7     1    18
 -7.9238676243848311E-02 a       139     0     7     1    19
 -1.0406230480801191E-02 a       140     0     7     1    20
  1.5274428629763256E-01 a       141     0     8     1     1
 -4.0274841180887526E-02 a       142     0     8     1     2
  2.0445937087803082E-01 a       143     0     8     1     3
 -1.6181826473282507E-01 a       144     0     8     1     4
  3.8420881393338263E-01 a       145     0     8     1     5
 -1.1963086180186737E-01 a       146     0     8     1     6
  1.0971515673976137E-01 a       147     0     8     1     7
 -3.5374977664039853E-01 a       148     0     8     1     8
 -2.6265453872941896E-01 a       149     0     8     1     9
  1.7491271099924932E-01 a       150     0     8     1    10
  1.5517095239387366E-01 a       151     0     8     1    11
  3.1297680760237832E-02 a       152     0     8     1    12
  5.8220183781164447E-01 a       153     0     8     1    13
 -4.8448379189578267E-01 a       154     0     8     1    14
 -3.5335765062905522E-01 a       155     0     8     1    15
 -3.0291523068793330E-01 a       156     0     8     1    16
 -2.4367490169702338E-01 a       157     0     8     1    17
  2.3531393894545072E-01 a       158     0     8     1    18
  1.3083787618413134E-01 a       159     0     8     1    19
  1.8556610452763991E-01 a       160     0     8     1    20
  3.0552970662209805E-01 a       161     0     9     1     1
  8.3616527893588061E-02 a       162     0     9     1     2
  9.8474959024025321E-01 a       163     0     9     1     3
 -2.0485995772233195E-01 a       164     0     9     1     4
  7.4387620498587248E-01 a       165     0     9     1     5
 -6.5746290820370951E-02 a       166     0     9     1     6
 -1.4677715802812814E+00 a       167     0     9     1     7
  2.6811508777407506E-01 a       168     0     9     1     8
  5.2329727864891662E-01 a       169     0     9     1     9
  1.8593115753265561E+00 a       170     0     9     1    10
 -2.1897808417847064E-01 a       171     0     9     1    11
  6.9138791549438539E-01 a       172     0     9     1    12
  5.4642804827511271E-01 a       173     0     9     1    13
 -3.1394374684599213E-01 a       174     0     9     1    14
 -7.0973421493993993E-01 a       175     0     9     1    15
  2.9699159431208844E-01 a       176     0     9     1    16
  5.6651097859504085E-01 a       177     0     9     1    17
 -3.0396945339978554E-01 a       178     0     9     1    18
  1.0096883456746688E+00 a       179     0     9     1    19
  2.4583836356217301E-01 a       180     0     9     1    20
  4.8271856001680552E-01 a       181     0    10     1     1
  9.5443948780742804E-02 a       182     0    10     1     2
 -6.7719792639240461E-01 a       183     0    10     1     3
  7.7789000419256027E-01 a       184     0    10     1     4
 -7.0549441293431547E-01 a       185     0    10     1     5
 -8.0723049861611981E-02 a       186     0    10     1     6
  1.8974388108695686E+00 a       187     0    10     1     7
 -9.6656799506669777E-02 a       188     0    10     1     8
 -2.7308248503138505E-01 a       189     0    10     1     9
 -2.0119940604965336E+00 a       190     0    10     1    10
  2.0766807616104113E-01 a       191     0    10     1    11
 -8.9092982100576590E-01 a       192     0    10     1    12
 -8.9860514810695913E-01 a       193     0    10     1    13
  7.5226765919673769E-02 a       194     0    10     1    14
  5.4475214339553579E-01 a       195     0    10     1    15
 -2.6383810627607068E-01 a       196     0    10     1    16
 -7.8840303998197503E-01 a       197     0    10     1    17
  5.0573268442615371E-01 a       198     0    10     1    18
 -4.8836576980224844E-01 a       199     0    10     1    19
 -5.9551944016967262E-01 a       200     0    10     1    20
 -5.2191654337336657E-01 a       201     0    11     1     1
 -6.3473482372884005E-01 a       202     0    11     1     2
  8.2780915149622236E-01 a       203     0    11     1     3
 -2.4007072046206759E-01 a       204     0    11     1     4
  1.2651883110929759E-02 a       205     0    11     1     5
 -2.0241277203590258E-01 a       206     0    11     1     6
 -1.3353163786925142E+00 a       207     0    11     1     7
  3.0276073342174736E-01 a       208     0    11     1     8
 -3.5433882599434446E-01 a       209     0    11     1     9
 -9.8210904705162264E-02 a       210     0    11     1    10
 -3.7373791640366483E-01 a       211     0    11     1    11
 -6.6251905197002836E-01 a       212     0    11     1    12
  2.8061984569308240E-01 a       213     0    11     1    13
 -1.3318747371113315E-01 a       214     0    11     1    14
 -6.8809039930551069E-02 a       215     0    11     1    15
 -1.7900377824081429E-01 a       216     0    11     1    16
  4.1633538939203940E-01 a       217     0    11     1    17
 -5.5412645177583508E-01 a       218     0    11     1    18
 -1.0131463088525958E-01 a       219     0    11     1    19
  4.5902757554960666E-01 a       220     0    11     1    20
 -8.0322093669967148E-02 a       221     0    12     1     1
 -1.0903872209047981E-02 a       222     0    12     1     2
 -5.9500490408046447E-01 a       223     0    12     1     3
 -2.8513817749768211E-01 a       224     0    12     1     4
  3.1310728326218340E-01 a       225     0    12     1     5
  1.6724901776996545E-01 a       226     0    12     1     6
  1.4807775009269103E-01 a       227     0    12     1     7
 -4.3422221994221816E-01 a       228     0    12     1     8
  5.0141463841782863E-01 a       229     0    12     1     9
  7.4916518216933004E-01 a       230     0    12     1    10
  3.9524667463840868E-01 a       231     0    12     1    11
  6.8112609204198271E-01 a       232     0    12     1    12
 -2.5277806016700882E-01 a       233     0    12     1    13
  6.3507234783006761E-01 a       234     0    12     1    14
  4.3449443627673445E-01 a       235     0    12     1    15
 -2.7758102258555621E-02 a       236     0    12     1    16
  1.2744781553047929E-01 a       237     0    12     1    17
  4.9056314785396427E-01 a       238     0    12     1    18
 -3.7336539476235570E-01 a       239     0    12     1    19
  2.7485896200664628E-01 a       240     0    12     1    20
  1.0954892975671250E-01 a       241     0    13     1     1
  8.2290355687658800E-02 a       242     0    13     1     2
  6.4393507342716694E-01 a       243     0    13     1     3
  1.7363019435977278E-01 a       244     0    13     1     4
  1.3013852006213558E-01 a       245     0    13     1     5
 -9.8884389492932975E-02 a       246     0    13     1     6
 -8.6815880594371686E-01 a       247     0    13     1     7
  1.3525613183020607E-01 a       248     0    13     1     8
  1.4778365656697073E-01 a       249     0    13     1     9
 -1.1525856170733531E-01 a       250     0    13     1    10
 -8.5161162764185089E-02 a       251     0    13     1    11
 -5.3632020687967019E-01 a       252     0    13     1    12
 -1.5661968116910185E-01 a       253     0    13     1    13
 -1.7032817959498761E-01 a       254     0    13     1    14
  3.0911841357916955E-04 a       255     0    13     1    15
  2.1242137385130842E-02 a       256     0    13     1    16
 -3.5149642220717198E-01 a       257     0    13     1    17
 -2.0952954844825792E-02 a       258     0    13     1    18
 -2.2563613802450061E-01 a       259     0    13     1    19
 -1.3998390346017772E-01 a       260     0    13     1    20
 -2.6329145520840758E-01 a       261     0    14     1     1
  7.0700910062997432E-02 a       262     0    14     1     2
  2.0760003383816561E-01 a       263     0    14     1     3
 -3.0169343714839608E-01 a       264     0    14     1     4
  5.6569982956517062E-01 a       265     0    14     1     5
  5.8641368469893478E-02 a       266     0    14     1     6
 -3.7899363197749364E-01 a       267     0    14     1     7
  2.5497302123099713E-01 a       268     0    14     1     8
  1.0011416792830366E-01 a       269     0    14     1     9
  6.4534982188651246E-01 a       270     0    14     1    10
  3.4634969874791977E-02 a       271     0    14     1    11
  2.4154011158549535E-01 a       272     0    14     1    12
  3.5726195850455927E-01 a       273     0    14     1    13
  6.3753815154826157E-02 a       274     0    14     1    14
  1.6857960065377448E-01 a       275     0    14     1    15
  2.5295164593121622E-01 a       276     0    14     1    16
  3.4763235357304628E-01 a       277     0    14     1    17
 -1.0790350448563399E-01 a       278     0    14     1    18
 -7.6716225433473145E-02 a       279     0    14     1    19
 -4.3212092372395830E-02 a       280     0    14     1    20
 -3.5364708724761795E-01 a       281     0    15     1     1
 -5.3168358016645375E-03 a       282     0    15     1     2
 -4.2647510986087940E-02 a       283     0    15     1     3
 -1.7252925147544693E-01 a       284     0    15     1     4
  1.0489922329401657E-01 a       285     0    15     1     5
  3.9381075101522317E-01 a       286     0    15     1     6
  2.7363386929278779E-02 a       287     0    15     1     7
 -1.6806429514613247E-01 a       288     0    15     1     8
  2.6866033222402469E-01 a       289     0    15     1     9
 -1.7443271185485559E-01 a       290     0    15     1    10
 -2.3774186646625448E-01 a       291     0    15     1    11
 -3.9692824845462682E-01 a       292     0    15     1    12
 -1.5463586372472041E-01 a       293     0    15     1    13
  9.2671725784314041E-02 a       294     0    15     1    14
 -2.6736556157608954E-01 a       295     0    15     1    15
 -1.6795386866588846E-01 a       296     0    15     1    16
  2.9353534153903249E-01 a       297     0    15     1    17
  7.7577667373439130E-02 a       298     0    15     1    18
 -1.2350014460127796E-01 a       299     0    15     1    19
  7.0854335758274503E-02 a       300     0    15     1    20
  3.5984770515124559E-01 a       301     0    16     1     1
 -2.4920016289712146E-01 a       302     0    16     1     2
  2.5742072528480908E-01 a       303     0    16     1     3
  5.6706515198550056E-01 a       304     0    16     1     4
  3.4331650239407174E-01 a       305     0    16     1     5
 -1.9470996757511988E-01 a       306     0    16     1     6
 -2.2630996439081413E-01 a       307     0    16     1     7
 -1.5638042350826500E-01 a       308     0    16     1     8
  2.9124555703890620E-01 a       309     0    16     1     9
  6.7580567972549810E-01 a       310     0    16     1    10
  2.5155707983892056E-01 a       311     0    16     1    11
 -1.6572553344905186E-01 a       312     0    16     1    12
  1.6703361732683550E-01 a       313     0    16     1    13
 -2.6190309651279708E-01 a       314     0    16     1    14
 -3.8137620078475892E-01 a       315     0    16     1    15
 -3.2198567826617805E-03 a       316     0    16     1    16
 -2.3460178288622774E-01 a       317     0    16     1    17
  3.0713350477092588E-01 a       318     0    16     1    18
  1.8415217978111750E-01 a       319     0    16     1    19
  2.1120528380485484E-01 a       320     0    16     1    20
  1.7073038652389541E-01 a       321     0    17     1     1
 -6.6211915458294768E-01 a       322     0    17     1     2
 -6.2539009455976416E-02 a       323     0    17     1     3
 -5.9878600358586463E-02 a       324     0    17     1     4
  4.1758260459619800E-01 a       325     0    17     1     5
  4.5285118557126652E-01 a       326     0    17     1     6
  4.5819575742562117E-02 a       327     0    17     1     7
  1.5783173574492809E-01 a       328     0    17     1     8
  7.9672637643350364E-02 a       329     0    17     1     9
 -5.7041662916287900E-02 a       330     0    17     1    10
 -6.6370371716221332E-01 a       331     0    17     1    11
 -2.1385396615691371E-01 a       332     0    17     1    12
  6.4739823672173596E-02 a       333     0    17     1    13
  4.6866972844007115E-01 a       334     0    17     1    14
  9.8800220243997372E-02 a       335     0    17     1    15
  1.1830748495127509E-01 a       336     0    17     1    16
  4.2960529987974466E-01 a       337     0    17     1    17
 -9.4830999958142259E-02 a       338     0    17     1    18
 -1.2879842444790096E-01 a       339     0    17     1    19
  6.7001126065628291E-01 a       340     0    17     1    20
 -1.9424252077233278E-01 a       341     0    18     1     1
  5.8037549915798203E-01 a       342     0    18     1     2
 -1.6879696009681228E-01 a       343     0    18     1     3
 -7.3072366483794379E-02 a       344     0    18     1     4
 -1.1934045933593240E-01 a       345     0    18     1     5
  2.1455903973053930E-01 a       346     0    18     1     6
 -5.2908056739305309E-01 a       347     0    18     1     7
 -2.7689702024211049E-01 a       348     0    18     1     8
 -9.2652498557307769E-02 a       349     0    18     1     9
  6.3638714346410141E-01 a       350     0    18     1    10
  2.2721909548393121E-01 a       351     0    18     1    11
  5.6178681406098635E-02 a       352     0    18     1    12
  4.5989212632091381E-01 a       353     0    18     1    13
  1.4281011093955556E-01 a       354     0    18     1    14
 -1.3302195907473907E-01 a       355     0    18     1    15
 -1.2328415393385705E-01 a       356     0    18     1    16
  3.6617831422432946E-02 a       357     0    18     1    17
  3.8164174831666220E-01 a       358     0    18     1    18
  1.5405417401508664E-01 a       359     0    18     1    19
 -4.5384232346081819E-02 a       360     0    18     1    20
 -1.8564260588046377E-01 a       361     0    19     1     1
  2.5880440184117609E-01 a       362     0    19     1     2
  5.4901367940160550E-01 a       363     0    19     1     3
 -1.9933762467148564E-01 a       364     0    19     1     4
 -9.4159220512185027E-01 a       365     0    19     1     5
  6.7016043253113045E-01 a       366     0    19     1     6
  8.2694580392349948E-01 a       367     0    19     1     7
 -4.7495525219670492E-01 a       368     0    19     1     8
  2.0340127679629758E-01 a       369     0    19     1     9
 -1.4286617106538846E-01 a       370     0    19     1    10
 -2.3958376830312342E-01 a       371     0    19     1    11
 -3.4769605596296366E-01 a       372     0    19     1    12
  4.4330427487481283E-01 a       373     0    19     1    13
 -4.4402276861567218E-02 a       374     0    19     1    14
 -4.4110587825558484E-01 a       375     0    19     1    15
  1.0131551959596141E-01 a       376     0    19     1    16
 -2.6420629678430468E-01 a       377     0    19     1    17
  3.9713714435329157E-03 a       378     0    19     1    18
 -1.4332585705076081E-01 a       379     0    19     1    19
  2.0001960083617282E-01 a       380     0    19     1    20
  6.5211401553039353E-02 a       381     0    20     1     1
 -1.3204242376892206E-01 a       382     0    20     1     2
 -4.5080239315416781E-01 a       383     0    20     1     3
 -2.7805067100132652E-01 a       384     0    20     1     4
  2.0115150742214793E-01 a       385     0    20     1     5
  1.5833763564150127E-01 a       386     0    20     1     6
  4.1570675670244395E-01 a       387     0    20     1     7
  6.4915652684627040E-02 a       388     0    20     1     8
 -7.1459735883465797E-02 a       389     0    20     1     9
 -1.1823956680607747E-01 a       390     0    20     1    10
 -1.7495851108924525E-02 a       391     0    20     1    11
  3.2770233162208290E-01 a       392     0    20     1    12
  7.8454678397207545E-02 a       393     0    20     1    13
  6.3039441633044271E-02 a       394     0    20     1    14
  2.9442793963724778E-01 a       395     0    20     1    15
  1.5574813527155226E-01 a       396     0    20     1    16
  1.0148366362154583E-01 a       397     0    20     1    17
 -1.8799612919090443E-02 a       398     0    20     1    18
  8.8324807998191562E-02 a       399     0    20     1    19
 -4.6112758610583865E-01 a       400     0    20     1    20
  3.8417895881774061E-01 a       401     0    21     1     1
  2.3152099085277053E-03 a       402     0    21     1     2
  2.0326085025102630E-01 a       403     0    21     1     3
 -1.0017345909201372E-01 a       404     0    21     1     4
 -2.8122332591401683E-01 a       405     0    21     1     5
  2.8321845274512158E-01 a       406     0    21     1     6
 -5.2691736749519540E-02 a       407     0    21     1     7
 -7.6979218059747639E-02 a       408     0    21     1     8
  2.0705028044981486E-01 a       409     0    21     1     9
  5.5822147130532440E-01 a       410     0    21     1    10
 -5.9051970126567264E-03 a       411     0    21     1    11
 -3.7881374653481958E-01 a       412     0    21     1    12
 -1.9347315023897399E-01 a       413     0    21     1    13
 -4.3477265022840006E-01 a       414     0    21     1    14
 -2.7687652937808871E-01 a       415     0    21     1    15
  3.6652877671217521E-01 a       416     0    21     1    16
 -8.9341255949691112E-02 a       417     0    21     1    17
 -6.2544159153475401E-02 a       418     0    21     1    18
 -3.1088015550320414E-01 a       419     0    21     1    19
 -3.1521961532984027E-01 a       420     0    21     1    20
  1.0375811058266506E-01 a       421     0    22     1     1
 -2.4951619852626269E-01 a       422     0    22     1     2
 -2.5182013694562200E-01 a       423     0    22     1     3
  3.3789877110368227E-01 a       424     0    22     1     4
 -2.2699875627365543E-01 a       425     0    22     1     5
  3.2251583373125192E-01 a       426     0    22     1     6
  1.5432533394470788E-01 a       427     0    22     1     7
  3.0665613527647728E-01 a       428     0    22     1     8
 -9.5222632338588561E-02 a       429     0    22     1     9
 -8.5590763780406209E-01 a       430     0    22     1    10
 -2.4701385595572187E-01 a       431     0    22     1    11
 -7.3486636318887827E-02 a       432     0    22     1    12
 -3.8150296510022463E-01 a       433     0    22     1    13
  3.2279770951051562E-01 a       434     0    22     1    14
  4.2065298507935123E-01 a       435     0    22     1    15
 -1.6594085344831985E-01 a       436     0    22     1    16
 -7.9753149939728818E-02 a       437     0    22     1    17
 -4.7385199898204437E-02 a       438     0    22     1    18
 -4.4720225735424174E-01 a       439     0    22     1    19
  4.0252398465493125E-02 a       440     0    22     1    20
 -1.9001478142048506E-01 a       441     0    23     1     1
  1.1761651540215753E-01 a       442     0    23     1     2
 -2.5275882702855978E-01 a       443     0    23     1     3
 -1.4199415028168016E-01 a       444     0    23     1     4
 -7.3872067710091860E-01 a       445     0    23     1     5
  4.6405990495759603E-01 a       446     0    23     1     6
 -1.8960259817902633E-01 a       447     0    23     1     7
 -6.5644772934918952E-02 a       448     0    23     1     8
  1.0504380121303192E-01 a       449     0    23     1     9
  5.9812435174649037E-01 a       450     0    23     1    10
  6.2368015660198339E-02 a       451     0    23     1    11
 -8.8387328337674403E-02 a       452     0    23     1    12
 -2.4802282545471949E-01 a       453     0    23     1    13
  2.2047047850096815E-01 a       454     0    23     1    14
  3.3515983613715972E-01 a       455     0    23     1    15
  4.2340304521145733E-01 a       456     0    23     1    16
 -1.6450224814408745E-01 a       457     0    23     1    17
 -1.2700662663874210E-01 a       458     0    23     1    18
  7.2564591682514015E-02 a       459     0    23     1    19
 -5.5290703305427387E-03 a       460     0    23     1    20
  1.9725431735172480E-01 a       461     0    24     1     1
  3.2434967326726938E-01 a       462     0    24     1     2
  2.0853128590633860E-02 a       463     0    24     1     3
  2.4319623089425846E-01 a       464     0    24     1     4
  1.5674782544959975E-01 a       465     0    24     1     5
  5.1618093140888680E-02 a       466     0    24     1     6
  1.9777388557448070E-01 a       467     0    24     1     7
  3.0636770746117903E-01 a       468     0    24     1     8
 -2.8090699869293340E-01 a       469     0    24     1     9
 -2.2115899372870920E-01 a       470     0    24     1    10
 -4.8793587242712017E-01 a       471     0    24     1    11
 -1.5684161667206598E-01 a       472     0    24     1    12
  5.6120430273137945E-01 a       473     0    24     1    13
 -2.1204224543283923E-01 a       474     0    24     1    14
 -2.4470748051922675E-01 a       475     0    24     1    15
  6.2946048310136804E-01 a       476     0    24     1    16
 -4.4090227361011791E-01 a       477     0    24     1    17
 -1.5659510101078661E-01 a       478     0    24     1    18
  6.3048727583510367E-01 a       479     0    24     1    19
  2.8964448459573265E-02 a       480     0    24     1    20
 -6.3097219401576499E-01 a       481     0    25     1     1
 -7.2016757470539317E-01 a       482     0    25     1     2
  3.8191148465439884E-01 a       483     0    25     1     3
 -5.0235655072463969E-01 a       484     0    25     1     4
 -8.1483104648065374E-01 a       485     0    25     1     5
  1.2629531529596141E-01 a       486     0    25     1     6
  6.1456958949416406E-02 a       487     0    25     1     7
 -5.2649508620932295E-01 a       488     0    25     1     8
  2.2801189049158332E-01 a       489     0    25     1     9
  1.0846543713389656E-01 a       490     0    25     1    10
  3.6045353390094001E-02 a       491     0    25     1    11
  3.8398129139089121E-01 a       492     0    25     1    12
 -4.7857453909260911E-01 a       493     0    25     1    13
 -1.1262816244434459E-01 a       494     0    25     1    14
 -6.7937955136359932E-02 a       495     0    25     1    15
 -1.1851843039169347E+00 a       496     0    25     1    16
 -1.7227036656742523E-01 a       497     0    25     1    17
  4.3341989349940002E-01 a       498     0    25     1    18
 -7.7631897835842267E-01 a       499     0    25     1    19
 -6.6792679629803536E-02 a       500     0    25     1    20
  7.9638402368033046E-02 a       501     0    26     1     1
 -6.4812422686625204E-01 a       502     0    26     1     2
  6.1300176668380946E-02 a       503     0    26     1     3
 -1.8403323910853081E-01 a       504     0    26     1     4
 -2.1679803292173194E-01 a       505     0    26     1     5
 -2.0555107504965844E-01 a       506     0    26     1     6
 -6.9439325170093477E-02 a       507     0    26     1     7
 -2.9002144116936656E-03 a       508     0    26     1     8
  2.7934241879096899E-01 a       509     0    26     1     9
  6.5915895318582884E-02 a       510     0    26     1    10
  3.7048087127467955E-01 a       511     0    26     1    11
  1.4937460972309796E-01 a       512     0    26     1    12
 -1.4857191211956669E-01 a       513     0    26     1    13
 -2.7055412558730316E-02 a       514     0    26     1    14
 -1.0469248979350189E-01 a       515     0    26     1    15
 -6.0720145566647377E-01 a       516     0    26     1    16
  3.8532763456506941E-01 a       517     0    26     1    17
  1.4363366169626582E-01 a       518     0    26     1    18
 -2.4597931434679052E-01 a       519     0    26     1    19
 -4.0684634471396613E-01 a       520     0    26     1    20
  6.6557861493853188E-01 a       521     0    27     1     1
  7.0458732794728973E-01 a       522     0    27     1     2
  2.3450594050227538E-01 a       523     0    27     1     3
  4.2565662202455623E-01 a       524     0    27     1     4
  6.1370572788382427E-01 a       525     0    27     1     5
 -3.1822749128508221E-01 a       526     0    27     1     6
  2.2059613851833335E-01 a       527     0    27     1     7
  2.4841047906638689E-01 a       528     0    27     1     8
  2.8421311622567469E-01 a       529     0    27     1     9
 -2.4695142398285466E-01 a       530     0    27     1    10
 -5.8845266502539384E-01 a       531     0    27     1    11
 -2.9138862666554366E-01 a       532     0    27     1    12
  6.5535591329515042E-01 a       533     0    27     1    13
  3.0863115218088077E-01 a       534     0    27     1    14
 -4.5144426978427588E-01 a       535     0    27     1    15
  8.5907437552245658E-01 a       536     0    27     1    16
 -9.0535488488896490E-02 a       537     0    27     1    17
 -2.2245307331398637E-01 a       538     0    27     1    18
  2.8969954923623681E-01 a       539     0    27     1    19
 -1.1854956295652688E-01 a       540     0    27     1    20
 -1.7086815519249984E-01 a       541     0    28     1     1
 -2.2828400642165791E-01 a       542     0    28     1     2
  1.9288636443387966E-01 a       543     0    28     1     3
 -2.4927969025636823E-01 a       544     0    28     1     4
  6.0980997024767480E-01 a       545     0    28     1     5
 -3.6346391206788681E-01 a       546     0    28     1     6
 -3.6040245228821283E-01 a       547     0    28     1     7
 -2.2717700998691709E-01 a       548     0    28     1     8
 -2.0154297775962639E-02 a       549     0    28     1     9
 -1.1614886009171838E-02 a       550     0    28     1    10
 -4.1985309617262850E-02 a       551     0    28     1    11
  1.6691049194597482E-01 a       552     0    28     1    12
  3.0210431291813922E-01 a       553     0    28     1    13
  3.0435189831377008E-01 a       554     0    28     1    14
 -1.7911441020532143E-01 a       555     0    28     1    15
  1.2084832111556429E-01 a       556     0    28     1    16
  1.2841549969732921E-01 a       557     0    28     1    17
  2.3845425955458738E-01 a       558     0    28     1    18
 -2.0852227980272595E-01 a       559     0    28     1    19
 -4.6553871518390311E-01 a       560     0    28     1    20
  3.6983693151220791E-02 a       561     0    29     1     1
  9.5244479691606904E-02 a       562     0    29     1     2
  1.9108639974820499E-01 a       563     0    29     1     3
 -3.7698875438097279E-01 a       564     0    29     1     4
  3.6192123661915926E-01 a       565     0    29     1     5
 -2.7154124026281695E-01 a       566     0    29     1     6
  1.0014933868600499E-01 a       567     0    29     1     7
 -4.1636866013097734E-01 a       568     0    29     1     8
 -4.0304546991308698E-02 a       569     0    29     1     9
  4.1621810943552123E-01 a       570     0    29     1    10
  3.1371964822040167E-02 a       571     0    29     1    11
 -1.1082244846792466E-01 a       572     0    29     1    12
  3.7425935258180609E-02 a       573     0    29     1    13
 -1.1314789388531291E-01 a       574     0    29     1    14
  2.6029993423355737E-02 a       575     0    29     1    15
 -1.6548348388620709E-01 a       576     0    29     1    16
 -3.3437934895165411E-01 a       577     0    29     1    17
 -3.5788032416533549E-01 a       578     0    29     1    18
 -3.4473443018863198E-01 a       579     0    29     1    19
 -2.2275373816308811E-01 a       580     0    29     1    20
  3.3259894239666667E-02 a       581     0    30     1     1
  2.0264519365753489E-01 a       582     0    30     1     2
  2.0550006506926316E-01 a       583     0    30     1     3
 -7.2725901704036719E-03 a       584     0    30     1     4
  6.5801369608224136E-02 a       585     0    30     1     5
  4.2892320832712723E-02 a       586     0    30     1     6
  8.5031261229996324E-02 a       587     0    30     1     7
  2.7854331484139461E-01 a       588     0    30     1     8
 -2.4028901562600999E-01 a       589     0    30     1     9
  3.0065052841795031E-01 a       590     0    30     1    10
 -3.4812776943978690E-01 a       591     0    30     1    11
  3.5248382261659755E-01 a       592     0    30     1    12
 -1.9386907873392953E-01 a       593     0    30     1    13
  2.2398236190332901E-01 a       594     0    30     1    14
  9.3730680217915266E-02 a       595     0    30     1    15
 -4.4846871289369933E-01 a       596     0    30     1    16
  3.5624420821600516E-01 a       597     0    30     1    17
  1.5211723042708636E-01 a       598     0    30     1    18
 -9.3272859476456180E-02 a       599     0    30     1    19
  2.1428597166658267E-01 a       600     0    30     1    20
 -1.6717895727432452E-01 a       601     0    31     1     1
 -1.4738756213349452E-01 a       602     0    31     1     2
 -8.3660057446952509E-03 a       603     0    31     1     3
  2.0045513316495259E-01 a       604     0    31     1     4
  2.6290189830508831E-01 a       605     0    31     1     5
  2.9026122480173125E-02 a       606     0    31     1     6
 -8.1372214320968597E-02 a       607     0    31     1     7
  6.6957982726797727E-01 a       608     0    31     1     8
 -8.0909385655729988E-03 a       609     0    31     1     9
  8.2041321664272512E-02 a       610     0    31     1    10
 -1.0942528184178871E-01 a       611     0    31     1    11
 -3.7691258108173442E-01 a       612     0    31     1    12
  2.7834026511540649E-01 a       613     0    31     1    13
 -1.0741442854163040E-01 a       614     0    31     1    14
  1.2838134221714806E-01 a       615     0    31     1    15
 -2.9426202506104587E-01 a       616     0    31     1    16
  2.4282216414085503E-01 a       617     0    31     1    17
 -7.2407185617717129E-01 a       618     0    31     1    18
 -1.4668528056401592E-01 a       619     0    31     1    19
  3.8608441243654462E-01 a       620     0    31     1    20
 -2.0349050088111761E-01 a       621     0    32     1     1
  6.6964921075575029E-02 a       622     0    32     1     2
 -3.4279397015831170E-01 a       623     0    32     1     3
  5.0696000983955070E-01 a       624     0    32     1     4
  6.0125624492303253E-01 a       625     0    32     1     5
 -1.2082436723167982E-01 a       626     0    32     1     6
 -5.9601129492378080E-01 a       627     0    32     1     7
 -2.3805487555546601E-01 a       628     0    32     1     8
  3.7632032156900433E-02 a       629     0    32     1     9
 -8.0619476625542488E-02 a       630     0    32     1    10
  3.0530774838464059E-01 a       631     0    32     1    11
 -1.5377093903512762E-01 a       632     0    32     1    12
  2.2216196031859767E-01 a       633     0    32     1    13
 -1.0853137639870174E+00 a       634     0    32     1    14
  2.9362419419026362E-03 a       635     0    32     1    15
 -6.3610723868290251E-03 a       636     0    32     1    16
 -4.1394552925458968E-02 a       637     0    32     1    17
 -3.3528980106161360E-01 a       638     0    32     1    18
 -2.2208103542526794E-02 a       639     0    32     1    19
  6.1197411036330651E-01 a       640     0    32     1    20
  1.0196959703586876E-01 a       641     0    33     1     1
 -3.9584384304058896E-02 a       642     0    33     1     2
  6.3739806196897897E-02 a       643     0    33     1     3
  9.4743633823939521E-01 a       644     0    33     1     4
 -4.0341470279286834E-01 a       645     0    33     1     5
 -2.2543640763557365E-01 a       646     0    33     1     6
 -3.7360627919507450E-01 a       647     0    33     1     7
  3.5483456275888153E-01 a       648     0    33     1     8
 -1.7430816541992578E-01 a       649     0    33     1     9
  3.3186332801622462E-02 a       650     0    33     1    10
  7.8627874727592834E-02 a       651     0    33     1    11
  7.7853544394185445E-02 a       652     0    33     1    12
 -9.9982952651678336E-02 a       653     0    33     1    13
  8.0146742259205275E-02 a       654     0    33     1    14
 -3.2836583987964113E-01 a       655     0    33     1    15
  1.5604606569750030E-02 a       656     0    33     1    16
  3.0872558997840671E-01 a       657     0    33     1    17
 -1.5459544945784040E-01 a       658     0    33     1    18
 -3.5026319270389600E-01 a       659     0    33     1    19
  4.9673691155248511E-03 a       660     0    33     1    20
  2.3308901172574864E-01 a       661     0    34     1     1
  5.1498353763392450E-02 a       662     0    34     1     2
 -1.5526037716460539E-01 a       663     0    34     1     3
 -4.2886277948424972E-01 a       664     0    34     1     4
 -4.6003408558568465E-02 a       665     0    34     1     5
  5.4927549950370258E-01 a       666     0    34     1     6
  1.3344864740093929E-01 a       667     0    34     1     7
 -4.3305245432248746E-01 a       668     0    34     1     8
 -1.2629992891883357E-02 a       669     0    34     1     9
 -2.8109687983340631E-01 a       670     0    34     1    10
  1.5289128484143558E-01 a       671     0    34     1    11
 -8.1459496029462841E-02 a       672     0    34     1    12
 -8.8350898047495127E-03 a       673     0    34     1    13
  2.5295079829612755E-02 a       674     0    34     1    14
 -1.0677787007337694E-01 a       675     0    34     1    15
  1.6961376173437038E-03 a       676     0    34     1    16
 -1.3082498298271769E-01 a       677     0    34     1    17
  4.4363858043824544E-01 a       678     0    34     1    18
  9.6327892701155909E-02 a       679     0    34     1    19
  4.1886610575123578E-01 a       680     0    34     1    20
 -2.5202948428287986E-01 a       681     0    35     1     1
  7.4477846556525795E-01 a       682     0    35     1     2
 -8.1302824429250145E-02 a       683     0    35     1     3
 -6.3132790212997292E-01 a       684     0    35     1     4
 -5.2959795360445072E-01 a       685     0    35     1     5
  8.0214891366894236E-01 a       686     0    35     1     6
  2.6746521668224066E-01 a       687     0    35     1     7
 -5.7879867294539766E-01 a       688     0    35     1     8
 -2.4216260221641708E-01 a       689     0    35     1     9
 -7.5602883288477540E-01 a       690     0    35     1    10
  8.4401308091218111E-02 a       691     0    35     1    11
  2.8062699103020883E-01 a       692     0    35     1    12
 -2.7954474105024674E-01 a       693     0    35     1    13
 -2.1720959227689857E-01 a       694     0    35     1    14
  9.9948823311571330E-02 a       695     0    35     1    15
 -2.8484514354438423E-01 a       696     0    35     1    16
  6.8483450109990310E-02 a       697     0    35     1    17
 -5.0179402719568569E-02 a       698     0    35     1    18
  4.3304984664979097E-02 a       699     0    35     1    19
 -5.4506782450990765E-01 a       700     0    35     1    20
 -4.0789147847117187E-02 a       701     0    36     1     1
 -2.2882741909752199E-01 a       702     0    36     1     2
 -3.1657033703976606E-01 a       703     0    36     1     3
 -5.8120908755863086E-02 a       704     0    36     1     4
 -3.8137199148967925E-02 a       705     0    36     1     5
 -1.4957112413331997E-02 a       706     0    36     1     6
  3.8906659810304328E-01 a       707     0    36     1     7
  2.0418886247541689E-02 a       708     0    36     1     8
 -3.9390246722553390E-01 a       709     0    36     1     9
  2.0056745139528037E-01 a       710     0    36     1    10
 -1.3336733438179990E-01 a       711     0    36     1    11
 -4.8535473253091710E-02 a       712     0    36     1    12
  4.5345933372279862E-01 a       713     0    36     1    13
  1.8360258574153265E-01 a       714     0    36     1    14
 -3.5097563441305359E-02 a       715     0    36     1    15
  7.8720783674051331E-02 a       716     0    36     1    16
 -6.4645843282306170E-01 a       717     0    36     1    17
  4.7915026567128455E-02 a       718     0    36     1    18
  2.2670232039188502E-02 a       719     0    36     1    19
  2.4314174871186553E-01 a       720     0    36     1    20
  7.4988328556163011E-02 a       721     0    37     1     1
  9.6389735906895369E-02 a       722     0    37     1     2
 -2.2387851324001982E-02 a       723     0    37     1     3
 -1.0349162664564970E+00 a       724     0    37     1     4
  1.6412929236487733E-01 a       725     0    37     1     5
  1.3257622812226064E-01 a       726     0    37     1     6
 -1.0779190134705929E-01 a       727     0    37     1     7
  9.6884346860626663E-02 a       728     0    37     1     8
  3.5348313848707569E-01 a       729     0    37     1     9
 -7.7732201134843193E-02 a       730     0    37     1    10
 -3.7819540990124620E-02 a       731     0    37     1    11
 -2.1890185422672574E-02 a       732     0    37     1    12
 -1.4762298713469457E-01 a       733     0    37     1    13
 -1.2804056017466256E-01 a       734     0    37     1    14
  1.4807321941452354E-02 a       735     0    37     1    15
 -5.3647881787786705E-02 a       736     0    37     1    16
  1.1865561581612491E-01 a       737     0    37     1    17
  6.0235224910207351E-02 a       738     0    37     1    18
  1.6309186628423292E-01 a       739     0    37     1    19
 -7.4138687593446342E-02 a       740     0    37     1    20
 -4.0782619616916135E-02 a       741     0    38     1     1
  6.7241139276272899E-02 a       742     0    38     1     2
 -8.7337575826077110E-02 a       743     0    38     1     3
  4.5237852804659684E-01 a       744     0    38     1     4
 -4.1623871932415257E-01 a       745     0    38     1     5
 -4.4040632125413637E-01 a       746     0    38     1     6
  2.4332090414255444E-01 a       747     0    38     1     7
 -3.5529845160514183E-02 a       748     0    38     1     8
  8.2838742463143669E-02 a       749     0    38     1     9
 -4.5349212692137056E-02 a       750     0    38     1    10
  1.4635288777157487E-01 a       751     0    38     1    11
 -2.0194028335040828E-01 a       752     0    38     1    12
  2.6656472943215803E-01 a       753     0    38     1    13
  1.5136364011011277E-01 a       754     0    38     1    14
 -1.8469190486034062E-01 a       755     0    38     1    15
  3.0628713128847607E-01 a       756     0    38     1    16
  6.6985248734346928E-02 a       757     0    38     1    17
  2.6557494971782164E-01 a       758     0    38     1    18
 -6.3486554642824100E-02 a       759     0    38     1    19
  1.0160912398510426E-01 a       760     0    38     1    20
  2.2654349967787224E-01 a       761     0    39     1     1
  4.3633725896554920E-01 a       762     0    39     1     2
 -5.5744029210660451E-01 a       763     0    39     1     3
  9.7002649830651988E-02 a       764     0    39     1     4
 -1.2019033204458272E-01 a       765     0    39     1     5
 -2.1638998455263905E-01 a       766     0    39     1     6
  7.0949906248137062E-01 a       767     0    39     1     7
  3.3931293953004443E-01 a       768     0    39     1     8
 -9.9623607537650885E-03 a       769     0    39     1     9
  5.2746830022526803E-01 a       770     0    39     1    10
 -3.5101166371623010E-01 a       771     0    39     1    11
  1.9920100424518675E-01 a       772     0    39     1    12
 -4.6733651861704678E-01 a       773     0    39     1    13
  3.1834105866584878E-01 a       774     0    39     1    14
 -1.3565844947676761E-01 a       775     0    39     1    15
  1.6040524352008950E-01 a       776     0    39     1    16
 -1.5673507481941074E-01 a       777     0    39     1    17
 -6.1761326801631856E-02 a       778     0    39     1    18
 -1.6673338183202387E-02 a       779     0    39     1    19
  3.4411720146314106E-01 a       780     0    39     1    20
  1.6307149355067846E-01 a       781     0    40     1     1
 -4.9547974048999140E-02 a       782     0    40     1     2
 -1.3291959959726041E-01 a       783     0    40     1     3
  1.0839668367169439E+00 a       784     0    40     1     4
 -5.7633337036058198E-02 a       785     0    40     1     5
 -1.5093210990922626E-01 a       786     0    40     1     6
  5.5630711220542739E-01 a       787     0    40     1     7
  5.2253243338414834E-01 a       788     0    40     1     8
  7.3299026151720081E-01 a       789     0    40     1     9
 -3.2712650031658724E-01 a       790     0    40     1    10
  3.8250627421386901E-01 a       791     0    40     1    11
  5.5585904001446355E-02 a       792     0    40     1    12
  2.3764557141030823E-01 a       793     0    40     1    13
 -2.9541615309898184E-01 a       794     0    40     1    14
  1.1149082564061751E-01 a       795     0    40     1    15
 -3.1011042396992655E-01 a       796     0    40     1    16
 -6.5356212526128932E-01 a       797     0    40     1    17
 -1.9464271938047092E-01 a       798     0    40     1    18
 -5.5649146388179016E-01 a       799     0    40     1    19
 -1.0648014081040297E-01 a       800     0    40     1    20
  1.1488300120025871E-01 a       801     0    41     1     1
  2.0450505859438514E-02 a       802     0    41     1     2
  2.4032637133403093E-02 a       803     0    41     1     3
 -5.3511520405095114E-01 a       804     0    41     1     4
 -6.0364788604199568E-02 a       805     0    41     1     5
  9.6505307666640061E-02 a       806     0    41     1     6
 -4.7245553496124353E-02 a       807     0    41     1     7
 -1.5132010771531068E-01 a       808     0    41     1     8
 -9.2395870291574034E-02 a       809     0    41     1     9
  1.2234082379715658E-01 a       810     0    41     1    10
 -8.0051083364876555E-02 a       811     0    41     1    11
 -4.4328273627933595E-01 a       812     0    41     1    12
  1.5730296432252724E-01 a       813     0    41     1    13
 -2.3922127092705817E-01 a       814     0    41     1    14
 -2.8474216822983917E-01 a       815     0    41     1    15
 -7.4097735721582791E-02 a       816     0    41     1    16
 -2.0805152167401059E-01 a       817     0    41     1    17
 -1.2458504380448349E-02 a       818     0    41     1    18
  2.9059540025074249E-01 a       819     0    41     1    19
 -2.5021186779681220E-01 a       820     0    41     1    20
 -1.5060844385862515E-01 a       821     0    42     1     1
 -1.8513962442108348E-01 a       822     0    42     1     2
 -1.2093770672897561E-01 a       823     0    42     1     3
 -5.2604111995519412E-02 a       824     0    42     1     4
  2.2605125666067749E-01 a       825     0    42     1     5
  1.9997229428404170E-01 a       826     0    42     1     6
  4.0881665755792274E-01 a       827     0    42     1     7
 -6.4864704802639994E-01 a       828     0    42     1     8
  2.9413017087324769E-02 a       829     0    42     1     9
 -2.7388327555389880E-01 a       830     0    42     1    10
  1.1922484009846242E-02 a       831     0    42     1    11
  1.6385876301197203E-01 a       832     0    42     1    12
  3.0167653599369845E-02 a       833     0    42     1    13
 -3.2174925488092015E-01 a       834     0    42     1    14
 -9.4919731383179603E-03 a       835     0    42     1    15
 -1.4275172982784234E-01 a       836     0    42     1    16
  5.2680330673014596E-03 a       837     0    42     1    17
 -3.5837022669617852E-01 a       838     0    42     1    18
  6.7586776284719419E-01 a       839     0    42     1    19
 -1.5127529355289390E-01 a       840     0    42     1    20
 -4.4557954534221328E-01 a       841     0    43     1     1
  5.6584080877653087E-01 a       842     0    43     1     2
 -7.9487613012555386E-02 a       843     0    43     1     3
  2.5503441022963586E-01 a       844     0    43     1     4
 -4.8097407969140743E-01 a       845     0    43     1     5
 -4.3223792701710356E-01 a       846     0    43     1     6
  3.7948473551190826E-01 a       847     0    43     1     7
 -4.0137316562962246E-02 a       848     0    43     1     8
 -6.3912878927496031E-01 a       849     0    43     1     9
 -4.1451261594800359E-01 a       850     0    43     1    10
  1.6441895189456651E-01 a       851     0    43     1    11
  2.0867444491510645E-01 a       852     0    43     1    12
 -9.9964891727595762E-01 a       853     0    43     1    13
  3.1479457477984896E-01 a       854     0    43     1    14
  8.3570192401954158E-01 a       855     0    43     1    15
  1.1056246073293186E-01 a       856     0    43     1    16
  5.7686488522067281E-01 a       857     0    43     1    17
 -5.4390139870819983E-02 a       858     0    43     1    18
 -7.9536227782612234E-01 a       859     0    43     1    19
 -1.3975461703577655E-01 a       860     0    43     1    20
 -9.0540913235032008E-02 a       861     0    44     1     1
 -1.7684089322336938E-01 a       862     0    44     1     2
 -1.3737232867393057E-01 a       863     0    44     1     3
  6.1079387187150898E-02 a       864     0    44     1     4
 -2.2297958224574452E-01 a       865     0    44     1     5
  6.8484562199678078E-02 a       866     0    44     1     6
 -4.4768247088389224E-01 a       867     0    44     1     7
  2.1062173120074826E-01 a       868     0    44     1     8
 -5.8494884925557017E-02 a       869     0    44     1     9
 -2.5834279509522190E-01 a       870     0    44     1    10
  5.1949638116244902E-02 a       871     0    44     1    11
  5.6469287146764691E-01 a       872     0    44     1    12
  4.7419038335570945E-01 a       873     0    44     1    13
 -3.4566658413592311E-01 a       874     0    44     1    14
  1.0218946513765254E-01 a       875     0    44     1    15
  3.0240612694923064E-01 a       876     0    44     1    16
  4.8173403166811024E-01 a       877     0    44     1    17
 -1.4031231905039612E-01 a       878     0    44     1    18
  3.0520876614566533E-01 a       879     0    44     1    19
 -1.1329995376417328E-01 a       880     0    44     1    20
  3.6610283636057950E-01 a       881     0    45     1     1
 -7.6097641011167794E-01 a       882     0    45     1     2
 -2.7970558924056022E-01 a       883     0    45     1     3
  4.5725443059233088E-03 a       884     0    45     1     4
  2.8726867496214881E-01 a       885     0    45     1     5
  2.1820275349267110E-01 a       886     0    45     1     6
  1.2411918114222004E-01 a       887     0    45     1     7
  5.9178773384544148E-01 a       888     0    45     1     8
 -2.7823433034261080E-01 a       889     0    45     1     9
 -3.1029194718323394E-01 a       890     0    45     1    10
  2.6656350725889877E-01 a       891     0    45     1    11
 -6.9435200857083712E-01 a       892     0    45     1    12
  4.7428248862167462E-02 a       893     0    45     1    13
  2.0642060108843757E-01 a       894     0    45     1    14
 -1.0802515896940740E-01 a       895     0    45     1    15
 -1.9460163167342856E-01 a       896     0    45     1    16
  5.0641515768591168E-02 a       897     0    45     1    17
  3.8146476134745433E-01 a       898     0    45     1    18
  9.0073219955597938E-01 a       899     0    45     1    19
 -3.1490192643023596E-01 a       900     0    45     1    20
 -4.5829089481004137E-01 a       901     0    46     1     1
  3.4648072246096973E-01 a       902     0    46     1     2
  1.4073543584049125E-01 a       903     0    46     1     3
 -1.7210498115445549E-01 a       904     0    46     1     4
  3.1214850907515388E-02 a       905     0    46     1     5
 -6.6125564752759713E-01 a       906     0    46     1     6
 -8.3996971771890172E-01 a       907     0    46     1     7
  3.2372873306162335E-02 a       908     0    46     1     8
 -6.1414516031167597E-03 a       909     0    46     1     9
  2.6160886626345126E-01 a       910     0    46     1    10
 -3.5875555362270456E-01 a       911     0    46     1    11
  5.5648553879831897E-01 a       912     0    46     1    12
  3.2858698703079608E-01 a       913     0    46     1    13
 -7.9466169908376155E-02 a       914     0    46     1    14
  4.8180127933258510E-01 a       915     0    46     1    15
  5.5114555275614618E-01 a       916     0    46     1    16
 -4.3594708426058199E-02 a       917     0    46     1    17
  5.2652074267362026E-01 a       918     0    46     1    18
  8.4364382286664250E-02 a       919     0    46     1    19
 -2.6904524085388332E-01 a       920     0    46     1    20
 -1.2301751983981670E+00 b       921     1     1
  6.6609680899333223E-01 b       922     1     2
  3.6234208108074761E-01 b       923     1     3
  9.7353688735013333E-01 b       924     1     4
 -1.0896628939937247E+00 b       925     1     5
  9.7775445206043521E-01 b       926     1     6
  6.6297819023995042E-01 b       927     1     7
  1.2843789289783941E-01 b       928     1     8
  6.9940235801617157E-01 b       929     1     9
  1.0236116919364118E+00 b       930     1    10
 -1.2691103201922562E+00 b       931     1    11
 -3.6022651553704405E-01 b       932     1    12
  9.1857394228154265E-01 b       933     1    13
 -1.2868209812004914E+00 b       934     1    14
 -6.4854189425889130E-01 b       935     1    15
  1.2624914522322987E+00 b       936     1    16
  4.9929082096077826E-01 b       937     1    17
  1.3016380742198839E+00 b       938     1    18
  9.4031925368564406E-01 b       939     1    19
  8.8957299291761827E-01 b       940     1    20
 -6.2118182166090807E-01 a       941     1     1     2     1
  1.1252888317593357E-01 a       942     1     1     2     2
  3.1075804239795179E-01 a       943     1     1     2     3
 -1.0011379094940646E-01 a       944     1     1     2     4
 -4.3924768280236914E-01 a       945     1     1     2     5
 -1.3502598339189362E-01 a       946     1     1     2     6
 -1.3875887391154740E-01 a       947     1     1     2     7
  6.8099055915730275E-02 a       948     1     1     2     8
  2.9600242026397372E-01 a       949     1     1     2     9
  5.2827373365420827E-01 a       950     1     1     2    10
  4.6539934380651550E-02 a       951     1     1     2    11
 -6.6063205213297227E-01 a       952     1     1     2    12
  4.3651791005556501E-01 a       953     1     1     2    13
  3.5083974074777236E-01 a       954     1     1     2    14
  6.1775510064971539E-01 a       955     1     1     2    15
 -6.7609894685436833E-01 a       956     1     1     2    16
 -3.9536497289114941E-01 a       957     1     1     2    17
  6.4047836378265610E-01 a       958     1     1     2    18
  3.4261231737364262E-01 a       959     1     1     2    19
  5.3585362844377184E-02 a       960     1     1     2    20
 -5.6286641663400772E-01 a       961     1     2     2     1
  1.3518973401280918E-01 a       962     1     2     2     2
  2.2203302789198384E-01 a       963     1     2     2     3
  5.9231170894394662E-02 a       964     1     2     2     4
  1.0870354615224562E+00 a       965     1     2     2     5
 -5.0816047889432914E-01 a       966     1     2     2     6
 -4.5505861460369129E-01 a       967     1     2     2     7
  1.7374453738706369E-01 a       968     1     2     2     8
 -3.1315600956607215E-01 a       969     1     2     2     9
 -5.0296678786437299E-01 a       970     1     2     2    10
 -3.0958823580416139E-01 a       971     1     2     2    11
  1.8303134116096781E-01 a       972     1     2     2    12
 -9.5361899076847376E-02 a       973     1     2     2    13
  6.9553799713391673E-01 a       974     1     2     2    14
 -3.3043421488989350E-01 a       975     1     2     2    15
 -1.8932555556590364E-01 a       976     1     2     2    16
 -1.2724838052825965E-01 a       977     1     2     2    17
 -1.5677464189449061E-01 a       978     1     2     2    18
  1.4044512612265786E-01 a       979     1     2     2    19
 -7.0337239442469879E-01 a       980     1     2     2    20
 -4.5002926470887972E-01 a       981     1     3     2     1
  2.1669810585440030E-01 a       982     1     3     2     2
  4.9129445594965182E-02 a       983     1     3     2     3
 -1.8111003503636486E-01 a       984     1     3     2     4
 -6.6414658367287849E-01 a       985     1     3     2     5
 -2.1626889009742623E-01 a       986     1     3     2     6
 -7.4395688840076390E-01 a       987     1     3     2     7
  3.9907892863899452E-01 a       988     1     3     2     8
  1.5336909759766290E-01 a       989     1     3     2     9
 -1.3983368888517578E-01 a       990     1     3     2    10
  5.2046779026700551E-01 a       991     1     3     2    11
  1.7153580981040287E-01 a       992     1     3     2    12
 -2.0736543641939573E-01 a       993     1     3     2    13
 -9.2240290933397862E-02 a       994     1     3     2    14
 -3.3646217208852545E-02 a       995     1     3     2    15
 -2.2063353356741637E-02 a       996     1     3     2    16
 -1.8594395505918959E-02 a       997     1     3     2    17
  3.5240049865297390E-01 a       998     1     3     2    18
  1.5905839386669579E-01 a       999     1     3     2    19
  1.4355219396504612E-01 a      1000     1     3     2    20
  4.4593387401232759E-01 a      1001     1     4     2     1
  7.8406073267975807E-01 a      1002     1     4     2     2
  6.5586008206936386E-02 a      1003     1     4     2     3
  1.1848418637235971E+00 a      1004     1     4     2     4
  3.0666780572502089E-01 a      1005     1     4     2     5
 -1.4415248623799856E-01 a      1006     1     4     2     6
 -2.5522816888600847E-01 a      1007     1     4     2     7
  1.6223528939433388E-01 a      1008     1     4     2     8
 -1.4047112714399873E-01 a      1009     1     4     2     9
 -3.0190840822118609E-01 a      1010     1     4     2    10
  1.7464708018402678E-03 a      1011     1     4     2    11
 -3.9278733308103425E-01 a      1012     1     4     2    12
  8.2851333309322173E-01 a      1013     1     4     2    13
 -5.7355908208286976E-01 a      1014     1     4     2    14
 -1.2000906648169088E-01 a      1015     1     4     2    15
 -2.8672955002155981E-01 a      1016     1     4     2    16
  1.7558089865672671E-01 a      1017     1     4     2    17
 -7.4725342591892577E-02 a      1018     1     4     2    18
  1.1304764581852200E-01 a      1019     1     4     2    19
  3.3765876717018478E-01 a      1020     1     4     2    20
  9.9926457069473798E-02 a      1021     1     5     2     1
 -2.7759555702870820E-01 a      1022     1     5     2     2
  6.7367182124035635E-03 a      1023     1     5     2     3
 -1.8058906788649456E-01 a      1024     1     5     2     4
  1.0555292336285427E+00 a      1025     1     5     2     5
  4.8595596747843228E-01 a      1026     1     5     2     6
 -4.8054326433582395E-01 a      1027     1     5     2     7
 -1.8940629619133759E-01 a      1028     1     5     2     8
 -3.4932301638569146E-01 a      1029     1     5     2     9
  5.9896433020593186E-02 a      1030     1     5     2    10
 -1.6480950969799180E-01 a      1031     1     5     2    11
  1.2852374438908559E-01 a      1032     1     5     2    12
  3.5128279986817679E-01 a      1033     1     5     2    13
 -1.6728697853897279E-01 a      1034     1     5     2    14
  1.7782538268530275E-02 a      1035     1     5     2    15
  3.6733634890927491E-01 a      1036     1     5     2    16
 -3.0060977733894118E-01 a      1037     1     5     2    17
 -6.5149563629383211E-01 a      1038     1     5     2    18
  2.2162987055461483E-01 a      1039     1     5     2    19
 -4.3588492345963470E-01 a      1040     1     5     2    20
 -6.1249058935937717E-01 a      1041     1     6     2     1
  1.8632349789540287E-01 a      1042     1     6     2     2
  2.9351859956608789E-01 a      1043     1     6     2     3
 -5.2252843102096447E-01 a      1044     1     6     2     4
 -1.0989528004619785E-01 a      1045     1     6     2     5
 -6.0865712197399158E-01 a      1046     1     6     2     6
 -9.9112442861792729E-02 a      1047     1     6     2     7
  4.4568802834828070E-01 a      1048     1     6     2     8
  6.0840013191923836E-01 a      1049     1     6     2     9
 -8.2936442942240607E-01 a      1050     1     6     2    10
 -2.1954833794959347E-01 a      1051     1     6     2    11
  4.3245638608303449E-01 a      1052     1     6     2    12
  7.2345649228200304E-01 a      1053     1     6     2    13
 -5.8942894190538186E-01 a      1054     1     6     2    14
  4.5325282406302242E-01 a      1055     1     6     2    15
  1.1397761235534197E-01 a      1056     1     6     2    16
  2.2872624336826103E-01 a      1057     1     6     2    17
  3.4760921933303955E-02 a      1058     1     6     2    18
 -1.4289048936622548E-01 a      1059     1     6     2    19
  1.1967658671840571E-01 a      1060     1     6     2    20
 -3.7895635955012597E-01 a      1061     1     7     2     1
 -5.7000250300890032E-01 a      1062     1     7     2     2
 -8.1895153087298653E-02 a      1063     1     7     2     3
 -6.2523379302616799E-01 a      1064     1     7     2     4
 -9.2200239728698419E-01 a      1065     1     7     2     5
  3.2395476883146274E-01 a      1066     1     7     2     6
 -7.3180767395657029E-02 a      1067     1     7     2     7
  6.1466495098037910E-01 a      1068     1     7     2     8
  5.4639786319556549E-01 a      1069     1     7     2     9
 -7.2665068354576123E-01 a      1070     1     7     2    10
  1.2272545906938176E-01 a      1071     1     7     2    11
 -3.9851509605670171E-01 a      1072     1     7     2    12
 -6.1551262611558499E-01 a      1073     1     7     2    13
  4.3014389727039076E-01 a      1074     1     7     2    14
 -1.8642106425245711E-01 a      1075     1     7     2    15
 -2.9725896453399053E-01 a      1076     1     7     2    16
 -6.1480335863521240E-01 a      1077     1     7     2    17
  8.1990596069605348E-01 a      1078     1     7     2    18
 -3.5405306921557783E-01 a      1079     1     7     2    19
  3.0139911596342056E-01 a      1080     1     7     2    20
 -6.5024894316127835E-01 a      1081     1     8     2     1
 -3.7864695288662809E-01 a      1082     1     8     2     2
 -2.8441810017244390E-01 a      1083     1     8     2     3
  4.8224188160062659E-01 a      1084     1     8     2     4
 -2.3066778520660794E-01 a      1085     1     8     2     5
 -1.7382190105924841E-01 a      1086     1     8     2     6
  5.5121895232765061E-01 a      1087     1     8     2     7
  2.8638189045429729E-01 a      1088     1     8     2     8
 -2.4877083098934299E-02 a      1089     1     8     2     9
  3.0081697614624481E-01 a      1090     1     8     2    10
 -5.0701731905425991E-02 a      1091     1     8     2    11
 -4.0551971887409044E-01 a      1092     1     8     2    12
 -1.0051015772119141E-01 a      1093     1     8     2    13
 -1.7239306335559632E-01 a      1094     1     8     2    14
 -2.7157718007040577E-01 a      1095     1     8     2    15
 -1.9403517544802601E-01 a      1096     1     8     2    16
 -4.0076258278216009E-01 a      1097     1     8     2    17
 -3.0012977241536887E-01 a      1098     1     8     2    18
 -5.7060356428447256E-01 a      1099     1     8     2    19
 -5.8786910239937240E-01 a      1100     1     8     2    20
 -2.5496893525295899E-01 a      1101     1     9     2     1
  4.8028816646753331E-01 a      1102     1     9     2     2
  1.8664374680024468E-01 a      1103     1     9     2     3
  7.6871980835154774E-01 a      1104     1     9     2     4
  3.2358851051375964E-01 a      1105     1     9     2     5
 -6.6113212128153589E-02 a      1106     1     9     2     6
 -4.0276233981312298E-01 a      1107     1     9     2     7
 -3.2795033657396022E-01 a      1108     1     9     2     8
  2.4407220397806406E-01 a      1109     1     9     2     9
  2.2993895814059612E-01 a      1110     1     9     2    10
 -2.2778770151046522E-04 a      1111     1     9     2    11
  6.6389668416973890E-01 a      1112     1     9     2    12
  3.2036313211901590E-01 a      1113     1     9     2    13
  7.9213688726293663E-01 a      1114     1     9     2    14
  8.3731328641700342E-01 a      1115     1     9     2    15
 -3.5183280859764243E-01 a      1116     1     9     2    16
  9.9109282502694029E-01 a      1117     1     9     2    17
 -2.9412504674836570E-01 a      1118     1     9     2    18
 -4.8779281407823394E-01 a      1119     1     9     2    19
  3.5769795098137647E-01 a      1120     1     9     2    20
 -7.0500895404357045E-01 a      1121     1    10     2     1
 -2.0208886112011829E-02 a      1122     1    10     2     2
  6.2599167221854990E-02 a      1123     1    10     2     3
 -7.3465620416891753E-01 a      1124     1    10     2     4
 -1.5117101162633291E+00 a      1125     1    10     2     5
 -6.6837268700588059E-01 a      1126     1    10     2     6
 -1.2228414385542649E-01 a      1127     1    10     2     7
  5.1586347712092873E-01 a      1128     1    10     2     8
  3.2946536811089430E-02 a      1129     1    10     2     9
  7.1522724608155408E-01 a      1130     1    10     2    10
 -3.9842294645693921E-01 a      1131     1    10     2    11
 -7.8061970597503402E-02 a      1132     1    10     2    12
 -3.5747009545890251E-01 a      1133     1    10     2    13
 -2.4050131176150250E-01 a      1134     1    10     2    14
 -2.0417547935911290E-01 a      1135     1    10     2    15
 -1.8817890110841343E-01 a      1136     1    10     2    16
 -1.8246897854710425E-01 a      1137     1    10     2    17
  8.2436273709741881E-01 a      1138     1    10     2    18
  1.4315139723478480E-02 a      1139     1    10     2    19
 -8.3179245281285308E-01 a      1140     1    10     2    20
  4.6408468712070416E-01 a      1141     1    11     2     1
  3.1553000373368673E-01 a      1142     1    11     2     2
 -9.0110914331595304E-01 a      1143     1    11     2     3
  6.6703197996864610E-02 a      1144     1    11     2     4
 -4.3497886868166802E-01 a      1145     1    11     2     5
  6.4168094380941076E-01 a      1146     1    11     2     6
 -1.4706175075690506E-01 a      1147     1    11     2     7
 -4.9067817952876669E-01 a      1148     1    11     2     8
  6.9089181732058066E-02 a      1149     1    11     2     9
  6.2665981617581235E-01 a      1150     1    11     2    10
 -7.9929229274771296E-01 a      1151     1    11     2    11
 -2.0239008087967506E-01 a      1152     1    11     2    12
  3.0389849815868974E-01 a      1153     1    11     2    13
  3.3551004252997235E-01 a      1154     1    11     2    14
 -1.8024306208447391E-01 a      1155     1    11     2    15
  3.8679890211230011E-01 a      1156     1    11     2    16
  6.4456273997679414E-01 a      1157     1    11     2    17
 -1.4219423441383372E-01 a      1158     1    11     2    18
  5.5969629024557210E-01 a      1159     1    11     2    19
 -2.9565550171720539E-01 a      1160     1    11     2    20
 -2.0378748745614239E-01 a      1161     1    12     2     1
  4.6289916097940204E-01 a      1162     1    12     2     2
  4.9747140357737019E-01 a      1163     1    12     2     3
  3.1464844626744809E-01 a      1164     1    12     2     4
 -9.0943439967837936E-01 a      1165     1    12     2     5
  1.9600891219455674E-01 a      1166     1    12     2     6
 -3.8053688646690198E-01 a      1167     1    12     2     7
  6.1251336581513438E-01 a      1168     1    12     2     8
  2.9460028721478976E-01 a      1169     1    12     2     9
  1.1397159550736830E-01 a      1170     1    12     2    10
 -1.7755343708288709E-01 a      1171     1    12     2    11
  7.4586005929748167E-01 a      1172     1    12     2    12
  4.2787545077526734E-01 a      1173     1    12     2    13
  5.0930756007407518E-01 a      1174     1    12     2    14
  4.8643347212242956E-02 a      1175     1    12     2    15
 -4.2984457008989413E-01 a      1176     1    12     2    16
 -1.0243531083789730E+00 a      1177     1    12     2    17
  3.0309735407093558E-01 a      1178     1    12     2    18
 -6.3711832010555436E-01 a      1179     1    12     2    19
  5.7381014428705113E-01 a      1180     1    12     2    20
 -1.5191215279422504E-01 a      1181     1    13     2     1
 -2.4258060509840096E-01 a      1182     1    13     2     2
 -1.9108755714632877E-01 a      1183     1    13     2     3
  9.3270191465327679E-01 a      1184     1    13     2     4
 -5.8726257349397137E-01 a      1185     1    13     2     5
  3.9727496576778148E-01 a      1186     1    13     2     6
  5.7040362033956160E-01 a      1187     1    13     2     7
  7.1460715535060046E-02 a      1188     1    13     2     8
  6.3349778327185446E-01 a      1189     1    13     2     9
  4.2121942816840985E-01 a      1190     1    13     2    10
  3.6109032754901071E-01 a      1191     1    13     2    11
  8.9337303346007674E-02 a      1192     1    13     2    12
  8.1046941603192579E-01 a      1193     1    13     2    13
 -2.9101700347012421E-01 a      1194     1    13     2    14
 -1.3550910093359433E-01 a      1195     1    13     2    15
 -3.8253365541733508E-01 a      1196     1    13     2    16
 -1.1919796530054483E-02 a      1197     1    13     2    17
 -1.1076317095310497E+00 a      1198     1    13     2    18
 -2.3345736306518475E-01 a      1199     1    13     2    19
  5.6251041012734782E-01 a      1200     1    13     2    20
  5.8396519683720810E-02 a      1201     1    14     2     1
 -1.1675626683428615E+00 a      1202     1    14     2     2
  9.8257729555843339E-03 a      1203     1    14     2     3
  5.7190587395272530E-01 a      1204     1    14     2     4
 -3.6089083762681973E-01 a      1205     1    14     2     5
  4.1955615785844230E-01 a      1206     1    14     2     6
  1.5758041848993398E-01 a      1207     1    14     2     7
 -4.1146875247038668E-03 a      1208     1    14     2     8
 -7.6220029846738424E-01 a      1209     1    14     2     9
  1.8582910308958323E-01 a      1210     1    14     2    10
  5.2200111801878746E-01 a      1211     1    14     2    11
 -2.7087732554346250E-01 a      1212     1    14     2    12
 -5.5165062136321531E-02 a      1213     1    14     2    13
  3.9462465105154131E-02 a      1214     1    14     2    14
 -5.1446439873760430E-01 a      1215     1    14     2    15
  6.0621805176067933E-01 a      1216     1    14     2    16
  6.9628021190181433E-01 a      1217     1    14     2    17
 -1.9800207006472639E-01 a      1218     1    14     2    18
 -1.8339156819079847E-01 a      1219     1    14     2    19
 -7.2485444300354862E-01 a      1220     1    14     2    20
  1.5681273133574855E-02 a      1221     1    15     2     1
  5.6840759603802915E-01 a      1222     1    15     2     2
 -3.0044226874262725E-01 a      1223     1    15     2     3
  5.5142330341812140E-01 a      1224     1    15     2     4
  3.4463843941929379E-01 a      1225     1    15     2     5
  3.9296301085119919E-03 a      1226     1    15     2     6
 -5.2279652036951629E-01 a      1227     1    15     2     7
 -3.1350269468190739E-01 a      1228     1    15     2     8
 -2.5268098882961421E-01 a      1229     1    15     2     9
  1.6264676027578359E-01 a      1230     1    15     2    10
 -1.6889987714040804E-02 a      1231     1    15     2    11
  3.5153235554648644E-02 a      1232     1    15     2    12
 -8.3104906339885176E-01 a      1233     1    15     2    13
  5.6227168631784352E-01 a      1234     1    15     2    14
  5.2834694306098640E-01 a      1235     1    15     2    15
 -1.4508042763363838E-01 a      1236     1    15     2    16
 -2.1475602106636685E-01 a      1237     1    15     2    17
 -4.9310877038603578E-03 a      1238     1    15     2    18
  2.7905562669004325E-01 a      1239     1    15     2    19
  1.0345769270744168E-02 a      1240     1    15     2    20
  2.0824062287051484E-01 a      1241     1    16     2     1
  5.7549741038261859E-01 a      1242     1    16     2     2
  7.9342167539547304E-01 a      1243     1    16     2     3
  3.8520665633858059E-02 a      1244     1    16     2     4
  9.9230239603628811E-01 a      1245     1    16     2     5
 -5.8257045135591046E-01 a      1246     1    16     2     6
  3.8244639078073384E-01 a      1247     1    16     2     7
 -5.1245210028641175E-01 a      1248     1    16     2     8
  1.7846232034792342E-01 a      1249     1    16     2     9
 -2.9102780517724619E-01 a      1250     1    16     2    10
  8.0613649370046259E-01 a      1251     1    16     2    11
 -1.9657795746968865E-01 a      1252     1    16     2    12
  2.6755498213785878E-01 a      1253     1    16     2    13
  5.9286589188440753E-01 a      1254     1    16     2    14
 -4.8380130480646610E-01 a      1255     1    16     2    15
 -6.7995693240385194E-02 a      1256     1    16     2    16
  1.7252736841214758E-01 a      1257     1    16     2    17
 -9.4425932335709628E-01 a      1258     1    16     2    18
  6.0300400241031771E-01 a      1259     1    16     2    19
 -1.6529438466718113E-01 a      1260     1    16     2    20
 -1.5263993592216343E-01 a      1261     1    17     2     1
  1.9300318982473280E-01 a      1262     1    17     2     2
 -3.8750494779340483E-01 a      1263     1    17     2     3
  1.0494634183328218E-01 a      1264     1    17     2     4
 -8.6312756792152157E-01 a      1265     1    17     2     5
 -6.3138692588775824E-01 a      1266     1    17     2     6
 -3.2322119354152529E-01 a      1267     1    17     2     7
  2.0582103129555299E-01 a      1268     1    17     2     8
  5.1128143754449340E-01 a      1269     1    17     2     9
  6.7624825755506504E-02 a      1270     1    17     2    10
  5.3403616615989313E-01 a      1271     1    17     2    11
 -4.2133394682124525E-01 a      1272     1    17     2    12
 -9.6183289343663014E-01 a      1273     1    17     2    13
 -9.3503665399481753E-02 a      1274     1    17     2    14
 -4.1489169060600484E-01 a      1275     1    17     2    15
  1.4171363775192544E-01 a      1276     1    17     2    16
  3.7191770382463255E-02 a      1277     1    17     2    17
  7.0178162640894726E-01 a      1278     1    17     2    18
 -5.4216435585417067E-01 a      1279     1    17     2    19
  3.1565969928823967E-01 a      1280     1    17     2    20
  4.7234539933441427E-01 a      1281     1    18     2     1
  2.1058479247226414E-01 a      1282     1    18     2     2
 -4.4081047290636999E-01 a      1283     1    18     2     3
  2.3872723820592776E-01 a      1284     1    18     2     4
  3.6406024058661585E-01 a      1285     1    18     2     5
 -2.2091484270003453E-01 a      1286     1    18     2     6
 -6.8501240098179883E-01 a      1287     1    18     2     7
  4.9879908146903912E-01 a      1288     1    18     2     8
  4.2814863223112332E-01 a      1289     1    18     2     9
 -4.4478112577503398E-01 a      1290     1    18     2    10
 -7.5033486721195541E-01 a      1291     1    18     2    11
  3.7532127359218137E-01 a      1292     1    18     2    12
 -5.3194327240655859E-01 a      1293     1    18     2    13
 -2.0268710785426777E-01 a      1294     1    18     2    14
 -3.0545402061271260E-01 a      1295     1    18     2    15
 -2.7011443908874899E-01 a      1296     1    18     2    16
  4.0913085517438968E-01 a      1297     1    18     2    17
 -2.8013080585388227E-02 a      1298     1    18     2    18
  2.6824899848919831E-01 a      1299     1    18     2    19
  4.9735917182027622E-01 a      1300     1    18     2    20
 -6.4408831659672164E-02 a      1301     1    19     2     1
 -2.8701896575361019E-01 a      1302     1    19     2     2
 -2.7962422035131484E-01 a      1303     1    19     2     3
  2.7261333689900297E-01 a      1304     1    19     2     4
 -7.0202381654336909E-01 a      1305     1    19     2     5
 -3.6085439826303445E-01 a      1306     1    19     2     6
 -5.1337704903929982E-01 a      1307     1    19     2     7
  5.1693137189235405E-01 a      1308     1    19     2     8
  2.8888038412633826E-01 a      1309     1    19     2     9
 -6.6693999925280956E-01 a      1310     1    19     2    10
  7.4318334454729074E-01 a      1311     1    19     2    11
 -5.7632417423473159E-01 a      1312     1    19     2    12
  3.4142108336994170E-01 a      1313     1    19     2    13
  3.2087513220127944E-01 a      1314     1    19     2    14
 -8.6314292522403424E-01 a      1315     1    19     2    15
 -2.0611748175630529E-01 a      1316     1    19     2    16
 -8.9971260963217026E-01 a      1317     1    19     2    17
  2.7196174650695309E-01 a      1318     1    19     2    18
 -4.7797715677483371E-01 a      1319     1    19     2    19
  3.6085106956590579E-01 a      1320     1    19     2    20
 -4.9148011668525116E-01 a      1321     1    20     2     1
 -9.5607856851309445E-02 a      1322     1    20     2     2
 -3.5486430957753251E-01 a      1323     1    20     2     3
 -4.1047549635694980E-01 a      1324     1    20     2     4
 -1.1523596113797503E+00 a      1325     1    20     2     5
 -5.5230505479148939E-01 a      1326     1    20     2     6
  2.0828525685058308E-01 a      1327     1    20     2     7
 -4.5793184697804445E-01 a      1328     1    20     2     8
  5.8973530248849704E-01 a      1329     1    20     2     9
 -3.8038918613968603E-01 a      1330     1    20     2    10
  1.9466488882335120E-01 a      1331     1    20     2    11
 -1.7956041318628685E-01 a      1332     1    20     2    12
 -1.2171275272510906E-01 a      1333     1    20     2    13
 -5.9739820023955637E-01 a      1334     1    20     2    14
 -3.5148090782184349E-01 a      1335     1    20     2    15
 -1.6106269085196356E-02 a      1336     1    20     2    16
 -5.7247028967408090E-02 a      1337     1    20     2    17
 -3.2105579094221764E-01 a      1338     1    20     2    18
  2.0395649053974094E-02 a      1339     1    20     2    19
  3.4293815587532123E-01 a      1340     1    20     2    20
  3.0911944989707635E-01 b      1341     2     1
  4.2886360237249244E-01 b      1342     2     2
  3.2067578672462621E-01 b      1343     2     3
  1.1915588978006182E+00 b      1344     2     4
  8.4896020643270087E-01 b      1345     2     5
  1.1866974184175011E-01 b      1346     2     6
 -1.3645961990898199E+00 b      1347     2     7
  1.2130258807357359E+00 b      1348     2     8
 -1.9637471748909846E-01 b      1349     2     9
 -1.8186097163459775E-01 b      1350     2    10
  8.8804852039256177E-01 b      1351     2    11
  1.0481038765722543E+00 b      1352     2    12
  7.8605238925708559E-02 b      1353     2    13
 -1.1581009552420620E+00 b      1354     2    14
  3.8960274451569377E-01 b      1355     2    15
 -5.0831932519266321E-01 b      1356     2    16
 -1.5176803062096873E+00 b      1357     2    17
  2.1777280939286767E-01 b      1358     2    18
 -6.0518949776546394E-01 b      1359     2    19
 -3.0083343521834710E-01 b      1360     2    20
 -5.2543546997163168E-02 a      1361     2     1     3     1
  8.7744105791043880E-01 a      1362     2     2     3     1
  1.1146467324054290E+00 a      1363     2     3     3     1
 -1.3908421820894373E-01 a      1364     2     4     3     1
  2.5176346434035612E-01 a      1365     2     5     3     1
 -1.3441513647883025E+00 a      1366     2     6     3     1
 -1.7470141014007914E-01 a      1367     2     7     3     1
  1.6729005885658887E+00 a      1368     2     8     3     1
  8.1381042812889626E-01 a      1369     2     9     3     1
 -1.9371073667809013E+00 a      1370     2    10     3     1
  1.0333690397066881E+00 a      1371     2    11     3     1
  6.4077894086834086E-01 a      1372     2    12     3     1
 -5.1555672433577582E-01 a      1373     2    13     3     1
 -1.2282234152899258E+00 a      1374     2    14     3     1
 -1.1471228810300087E+00 a      1375     2    15     3     1
 -1.5266577240506523E+00 a      1376     2    16     3     1
 -5.3449160039809616E-02 a      1377     2    17     3     1
 -3.5141267120494868E-01 a      1378     2    18     3     1
  1.0662947745251594E-01 a      1379     2    19     3     1
  9.0537836832449270E-01 a      1380     2    20     3     1
  1.9259188361727164E-01 b      1381     3     1
