################################################################################
# Neural network connection values (weights and biases).
################################################################################
# Col  Name       Description
################################################################################
# 1    connection Neural network connection value.
# 2    t          Connection type (a = weight, b = bias).
# 3    index      Index enumerating weights.
# 4    l_s        Starting point layer (end point layer for biases).
# 5    n_s        Starting point neuron in starting layer (end point neuron for biases).
# 6    l_e        End point layer.
# 7    n_e        End point neuron in end layer.
################################################################################
#                      1 2         3     4     5     6     7
#             connection t     index   l_s   n_s   l_e   n_e
############################################################
  2.9921600439176910E-01 a         1     0     1     1     1
 -3.3727658576219316E-01 a         2     0     1     1     2
 -2.0136270286913428E-02 a         3     0     1     1     3
  7.5232140662329569E-02 a         4     0     1     1     4
 -1.9108664052606689E-01 a         5     0     1     1     5
  2.0852518963624433E-01 a         6     0     1     1     6
 -6.2973923592911513E-02 a         7     0     1     1     7
 -1.4800768815315068E-01 a         8     0     1     1     8
  3.2077555916140227E-01 a         9     0     1     1     9
 -3.3224073530256854E-01 a        10     0     1     1    10
  5.3874930567691559E-01 a        11     0     1     1    11
  6.9486459496951106E-03 a        12     0     1     1    12
  6.9108791127314731E-02 a        13     0     1     1    13
 -5.7809284181071473E-02 a        14     0     1     1    14
 -1.9489825057820950E-01 a        15     0     1     1    15
  5.1728128767997139E-01 a        16     0     1     1    16
  1.3500558465053569E-01 a        17     0     1     1    17
  1.3439896243910657E-01 a        18     0     1     1    18
 -1.9674489343864413E-01 a        19     0     1     1    19
  1.2526409980113529E-01 a        20     0     1     1    20
 -4.1437551957913848E-02 a        21     0     2     1     1
  3.4798004999103543E-01 a        22     0     2     1     2
  3.3475123957429070E-01 a        23     0     2     1     3
 -1.1214463540863180E-01 a        24     0     2     1     4
 -9.1747882777553511E-02 a        25     0     2     1     5
  1.0346840844251824E-01 a        26     0     2     1     6
 -3.7675871382543552E-01 a        27     0     2     1     7
 -3.6712745346396936E-01 a        28     0     2     1     8
  8.9844629314493399E-02 a        29     0     2     1     9
 -2.3161010235110666E-01 a        30     0     2     1    10
 -4.4502871644562937E-02 a        31     0     2     1    11
 -7.8996445759082184E-02 a        32     0     2     1    12
  4.1753647291307222E-01 a        33     0     2     1    13
 -1.9560901008246245E-01 a        34     0     2     1    14
  6.3154025593514143E-02 a        35     0     2     1    15
  2.5230561883598135E-01 a        36     0     2     1    16
 -1.5714238288262194E-01 a        37     0     2     1    17
 -6.9618934727822671E-02 a        38     0     2     1    18
 -9.3224431256865539E-02 a        39     0     2     1    19
 -9.1798137865106863E-02 a        40     0     2     1    20
 -3.7171521505272181E-01 a        41     0     3     1     1
 -6.6109397334685266E-02 a        42     0     3     1     2
  4.7895395479569564E-01 a        43     0     3     1     3
 -2.1847107314903105E-01 a        44     0     3     1     4
  1.1381270711439677E-01 a        45     0     3     1     5
 -1.4310719856613996E-01 a        46     0     3     1     6
 -1.1619837117631955E-01 a        47     0     3     1     7
  6.2465895178666464E-02 a        48     0     3     1     8
  1.7803997768812110E-01 a        49     0     3     1     9
 -5.8268175278764550E-03 a        50     0     3     1    10
  1.0502377296478714E-01 a        51     0     3     1    11
  7.7634140720444333E-02 a        52     0     3     1    12
 -1.4057204480975818E-01 a        53     0     3     1    13
 -2.2414021691439992E-01 a        54     0     3     1    14
  5.3566559855522666E-02 a        55     0     3     1    15
 -3.1858345643140001E-01 a        56     0     3     1    16
 -1.2288064906210169E-01 a        57     0     3     1    17
 -1.8595724881501907E-01 a        58     0     3     1    18
  2.8709307554448010E-01 a        59     0     3     1    19
 -2.1802392559349980E-02 a        60     0     3     1    20
 -4.3864453043780982E-01 a        61     0     4     1     1
  1.0108384345702275E-01 a        62     0     4     1     2
  1.6551482474025564E-01 a        63     0     4     1     3
 -3.5972533683744708E-02 a        64     0     4     1     4
  2.4849315174040199E-02 a        65     0     4     1     5
 -3.6312514557498260E-01 a        66     0     4     1     6
  3.9883672056291974E-01 a        67     0     4     1     7
 -2.1513817995491058E-01 a        68     0     4     1     8
  1.0845928451048473E-01 a        69     0     4     1     9
  9.2138108528771620E-02 a        70     0     4     1    10
 -3.3959285561930896E-01 a        71     0     4     1    11
  2.2328779707038629E-01 a        72     0     4     1    12
 -1.7448805571049752E-01 a        73     0     4     1    13
  2.0574910465992921E-01 a        74     0     4     1    14
 -4.1128077765006793E-02 a        75     0     4     1    15
 -3.1704537556496148E-01 a        76     0     4     1    16
 -3.9076811455812564E-02 a        77     0     4     1    17
 -1.2557369913379510E-01 a        78     0     4     1    18
  2.9708534679908372E-01 a        79     0     4     1    19
  6.0269839151063084E-02 a        80     0     4     1    20
  2.5537542674683700E-01 a        81     0     5     1     1
 -1.7196292833439455E-01 a        82     0     5     1     2
 -1.8696886603890203E-01 a        83     0     5     1     3
 -3.5295967144765295E-01 a        84     0     5     1     4
  5.4995663894148905E-01 a        85     0     5     1     5
 -5.2128637893086549E-01 a        86     0     5     1     6
  6.3371690908827546E-03 a        87     0     5     1     7
  3.4211465186680035E-01 a        88     0     5     1     8
 -4.8835806332382969E-01 a        89     0     5     1     9
  6.1514069844189202E-02 a        90     0     5     1    10
 -3.2404462524217498E-01 a        91     0     5     1    11
 -7.2891815635892324E-02 a        92     0     5     1    12
 -5.0487021205193905E-01 a        93     0     5     1    13
 -8.1745552512737046E-02 a        94     0     5     1    14
 -4.0870007742310233E-01 a        95     0     5     1    15
 -4.3986559902590888E-01 a        96     0     5     1    16
 -3.3444208203847547E-01 a        97     0     5     1    17
 -1.4443943207741328E-01 a        98     0     5     1    18
 -2.0325083396445448E-01 a        99     0     5     1    19
 -1.0094521088909980E-01 a       100     0     5     1    20
 -1.5375580047059925E-01 a       101     0     6     1     1
  2.2786105894593833E-01 a       102     0     6     1     2
  4.4042057869648288E-01 a       103     0     6     1     3
 -6.4688089034126456E-02 a       104     0     6     1     4
 -8.1292370673557088E-02 a       105     0     6     1     5
 -4.2092688231639996E-01 a       106     0     6     1     6
  6.0716888972169314E-01 a       107     0     6     1     7
  4.3345155955553738E-01 a       108     0     6     1     8
 -5.6386648227408376E-01 a       109     0     6     1     9
  5.7265722669396157E-01 a       110     0     6     1    10
 -4.9062075444096165E-01 a       111     0     6     1    11
 -6.0263590484183123E-02 a       112     0     6     1    12
 -3.5755970909148671E-01 a       113     0     6     1    13
  3.9884477542394353E-01 a       114     0     6     1    14
 -1.3481876422742406E-01 a       115     0     6     1    15
 -2.6303178205960120E-01 a       116     0     6     1    16
 -7.4418327677320290E-02 a       117     0     6     1    17
 -8.3568991067973164E-02 a       118     0     6     1    18
 -1.8164586975819305E-01 a       119     0     6     1    19
  1.8495114065185522E-01 a       120     0     6     1    20
  1.7575884789113969E-01 a       121     0     7     1     1
  3.1985330256528804E-02 a       122     0     7     1     2
 -8.0434312660275098E-01 a       123     0     7     1     3
 -6.5902805344899384E-01 a       124     0     7     1     4
  1.3390222095146623E-01 a       125     0     7     1     5
  3.6739160589016585E-02 a       126     0     7     1     6
 -6.2164690372596509E-01 a       127     0     7     1     7
  2.2755137399790332E-01 a       128     0     7     1     8
  1.2111950913990387E-01 a       129     0     7     1     9
 -3.1719582867025609E-01 a       130     0     7     1    10
  1.0360649338510702E-01 a       131     0     7     1    11
 -1.4722983817272559E-01 a       132     0     7     1    12
 -1.1693789707998341E-01 a       133     0     7     1    13
  1.0571114537410767E-01 a       134     0     7     1    14
  3.5474767567301935E-01 a       135     0     7     1    15
  2.4136219716520188E-01 a       136     0     7     1    16
 -2.8183036793235378E-01 a       137     0     7     1    17
  4.1875803420222396E-01 a       138     0     7     1    18
 -7.0205186481892288E-03 a       139     0     7     1    19
  2.1249609056580471E-01 a       140     0     7     1    20
 -6.7437805717730642E-02 a       141     0     8     1     1
  1.2355210001342408E-01 a       142     0     8     1     2
  2.5704847751281246E-01 a       143     0     8     1     3
  4.7531243292219916E-02 a       144     0     8     1     4
 -3.7788540365137685E-01 a       145     0     8     1     5
  5.8543003724824086E-02 a       146     0     8     1     6
  1.9481258888626329E-01 a       147     0     8     1     7
  2.3138386099313686E-02 a       148     0     8     1     8
 -1.1352738050512592E-01 a       149     0     8     1     9
 -2.9536165540479560E-02 a       150     0     8     1    10
  2.9293756408773636E-01 a       151     0     8     1    11
 -6.3726643489628559E-02 a       152     0     8     1    12
 -1.9903159369602505E-02 a       153     0     8     1    13
 -6.1434082171277854E-02 a       154     0     8     1    14
  1.8640383974234978E-01 a       155     0     8     1    15
 -3.5304526390758773E-01 a       156     0     8     1    16
  3.2071085515446440E-01 a       157     0     8     1    17
  2.2506962229293520E-01 a       158     0     8     1    18
 -1.6584902827975712E-01 a       159     0     8     1    19
 -1.2002627540204816E-01 a       160     0     8     1    20
  2.4761303377947483E-01 a       161     0     9     1     1
 -1.3314146018692968E-01 a       162     0     9     1     2
 -9.5995419451961841E-02 a       163     0     9     1     3
 -3.2342464697066714E-01 a       164     0     9     1     4
  3.6731862887553518E-01 a       165     0     9     1     5
 -1.9964821846826558E-01 a       166     0     9     1     6
  1.7262394077364795E-01 a       167     0     9     1     7
 -5.9994824812866610E-02 a       168     0     9     1     8
  1.0541685633093066E-01 a       169     0     9     1     9
  2.0142846292828176E-01 a       170     0     9     1    10
 -1.2564315376598764E-01 a       171     0     9     1    11
 -1.1172111562486466E-01 a       172     0     9     1    12
 -1.3808996493361106E-01 a       173     0     9     1    13
 -2.0433188441753192E-01 a       174     0     9     1    14
 -1.5110696087160203E-02 a       175     0     9     1    15
 -7.1105451560009991E-01 a       176     0     9     1    16
 -1.4044915982374112E-01 a       177     0     9     1    17
  1.6096183910920833E-01 a       178     0     9     1    18
 -5.7042287393186814E-02 a       179     0     9     1    19
 -5.2591060823957057E-02 a       180     0     9     1    20
 -1.3275598606436895E-01 a       181     0    10     1     1
 -2.2378547828415479E-01 a       182     0    10     1     2
  5.0399143849493601E-02 a       183     0    10     1     3
  3.6217936409519169E-01 a       184     0    10     1     4
 -1.0283295279209069E-01 a       185     0    10     1     5
  1.3282252374290027E-01 a       186     0    10     1     6
 -4.6044486512138707E-03 a       187     0    10     1     7
 -3.4550866919467360E-03 a       188     0    10     1     8
 -1.8661361923699044E-01 a       189     0    10     1     9
  1.0269736982342062E-01 a       190     0    10     1    10
  3.2718318880684293E-02 a       191     0    10     1    11
  2.9723215726967372E-02 a       192     0    10     1    12
  3.9931739525342416E-02 a       193     0    10     1    13
  3.7131225865667905E-01 a       194     0    10     1    14
  3.2614284420474754E-01 a       195     0    10     1    15
  1.0310696998009375E-01 a       196     0    10     1    16
  3.0579674200682284E-02 a       197     0    10     1    17
 -3.1399568023723796E-02 a       198     0    10     1    18
 -1.2259172152631545E-01 a       199     0    10     1    19
  2.4236135530726458E-01 a       200     0    10     1    20
 -2.9822628973773235E-01 a       201     0    11     1     1
  1.7782089561022901E-01 a       202     0    11     1     2
 -2.5798100858770018E-01 a       203     0    11     1     3
 -2.3169261795216173E-01 a       204     0    11     1     4
 -3.7213512646858549E-01 a       205     0    11     1     5
 -6.1587328055743643E-02 a       206     0    11     1     6
 -7.0557816535977966E-02 a       207     0    11     1     7
  7.7259225888274038E-02 a       208     0    11     1     8
  2.9887234391542766E-01 a       209     0    11     1     9
 -2.9398713135515941E-01 a       210     0    11     1    10
  3.3832013871663447E-01 a       211     0    11     1    11
  2.0830074171487062E-01 a       212     0    11     1    12
 -2.8473605322991785E-01 a       213     0    11     1    13
  2.7049640963129035E-01 a       214     0    11     1    14
 -8.6938427920101244E-02 a       215     0    11     1    15
  2.7252636356718785E-01 a       216     0    11     1    16
 -1.9155653546882721E-02 a       217     0    11     1    17
 -1.6126190986399666E-01 a       218     0    11     1    18
 -3.8731872355970193E-01 a       219     0    11     1    19
 -2.4363744943109084E-01 a       220     0    11     1    20
  2.2239210010658397E-01 a       221     0    12     1     1
  2.5783524103714561E-01 a       222     0    12     1     2
  5.3866114676249549E-02 a       223     0    12     1     3
  1.9090920187322793E-01 a       224     0    12     1     4
 -6.3532484663945510E-02 a       225     0    12     1     5
  5.3464115906844363E-02 a       226     0    12     1     6
 -3.4703934938790765E-01 a       227     0    12     1     7
 -1.1604835341515457E-01 a       228     0    12     1     8
 -2.6482056018874939E-01 a       229     0    12     1     9
  2.1733833502545072E-01 a       230     0    12     1    10
  1.8093921070598515E-01 a       231     0    12     1    11
  2.3671711947830959E-01 a       232     0    12     1    12
  2.5322721151014305E-01 a       233     0    12     1    13
  2.1554597871854536E-01 a       234     0    12     1    14
 -6.3866885394616246E-01 a       235     0    12     1    15
  5.9585584335597748E-02 a       236     0    12     1    16
  1.1461603820299623E-01 a       237     0    12     1    17
  2.8282102856530988E-01 a       238     0    12     1    18
 -1.3803348116559738E-01 a       239     0    12     1    19
  2.6653403706591577E-01 a       240     0    12     1    20
 -4.0862303794328597E-01 a       241     0    13     1     1
 -1.3800707311582708E-01 a       242     0    13     1     2
 -2.7123970210685772E-01 a       243     0    13     1     3
 -1.8651788605197320E-01 a       244     0    13     1     4
  1.7856290952496301E-01 a       245     0    13     1     5
 -5.5123015101747119E-01 a       246     0    13     1     6
  2.3569868222967166E-02 a       247     0    13     1     7
 -2.8401368973852897E-01 a       248     0    13     1     8
 -2.0307281885185555E-01 a       249     0    13     1     9
 -7.2772799263796317E-02 a       250     0    13     1    10
 -6.7300507434567169E-02 a       251     0    13     1    11
  2.2737438096707982E-01 a       252     0    13     1    12
 -1.6747657892784189E-02 a       253     0    13     1    13
  5.7754188432149778E-01 a       254     0    13     1    14
 -3.5023935283319702E-01 a       255     0    13     1    15
 -2.2231951567896999E-01 a       256     0    13     1    16
  1.2609531760132331E-02 a       257     0    13     1    17
  1.8482472030380670E-01 a       258     0    13     1    18
  2.3292655419128941E-01 a       259     0    13     1    19
  1.2140301999218873E-01 a       260     0    13     1    20
 -4.2013200512660380E-02 a       261     0    14     1     1
  6.5525028673291213E-02 a       262     0    14     1     2
  1.9201725761285193E-01 a       263     0    14     1     3
  3.4684333945731366E-01 a       264     0    14     1     4
  3.0066410554116724E-01 a       265     0    14     1     5
  2.8422732965704567E-01 a       266     0    14     1     6
 -2.2035858403336602E-02 a       267     0    14     1     7
 -1.9262352723222395E-01 a       268     0    14     1     8
  2.5252776598764592E-01 a       269     0    14     1     9
  6.6842745916555979E-02 a       270     0    14     1    10
 -2.9748554929809501E-01 a       271     0    14     1    11
 -2.6145086530068240E-01 a       272     0    14     1    12
 -1.8960103349266777E-01 a       273     0    14     1    13
 -1.9104928835728119E-01 a       274     0    14     1    14
  2.6856119366874448E-01 a       275     0    14     1    15
  4.9378424709945079E-01 a       276     0    14     1    16
 -1.6204068709953365E-01 a       277     0    14     1    17
 -3.4544558099933798E-01 a       278     0    14     1    18
 -2.1855659161294572E-01 a       279     0    14     1    19
  1.9490121028258972E-01 a       280     0    14     1    20
  1.7192437263865862E-01 a       281     0    15     1     1
  1.9037892999838243E-01 a       282     0    15     1     2
 -1.1985465989273415E-01 a       283     0    15     1     3
  1.7542025729596056E-01 a       284     0    15     1     4
  4.0012182676442792E-01 a       285     0    15     1     5
  3.0061916596893545E-01 a       286     0    15     1     6
  3.8737222649373237E-01 a       287     0    15     1     7
  9.1835362509590276E-02 a       288     0    15     1     8
  1.2529665570993698E-01 a       289     0    15     1     9
 -1.4404267422089023E-01 a       290     0    15     1    10
 -1.2414527022766110E-01 a       291     0    15     1    11
 -5.1153274449975861E-01 a       292     0    15     1    12
  4.5610402281102982E-02 a       293     0    15     1    13
 -4.0528961668842195E-01 a       294     0    15     1    14
  8.3749750268482123E-02 a       295     0    15     1    15
 -1.5780527366331043E-01 a       296     0    15     1    16
  2.2160935143360355E-01 a       297     0    15     1    17
  6.7816714381284560E-02 a       298     0    15     1    18
  1.7594111371800281E-01 a       299     0    15     1    19
  1.8744890974573492E-02 a       300     0    15     1    20
  2.8156947107694580E-01 a       301     0    16     1     1
 -3.3202234868525599E-01 a       302     0    16     1     2
 -4.1672610697981188E-01 a       303     0    16     1     3
  1.9187310797084373E-01 a       304     0    16     1     4
 -2.2837140116361010E-01 a       305     0    16     1     5
  6.8733204438759399E-01 a       306     0    16     1     6
 -5.8449175177571389E-01 a       307     0    16     1     7
 -2.5243897485738198E-01 a       308     0    16     1     8
 -1.3380420687672998E+00 a       309     0    16     1     9
 -2.3734729381201997E-01 a       310     0    16     1    10
 -4.5001043992055145E-01 a       311     0    16     1    11
 -1.9583741904551924E-01 a       312     0    16     1    12
  1.1284270097501282E-02 a       313     0    16     1    13
 -2.5471525086124280E-01 a       314     0    16     1    14
 -2.1453786422467072E-01 a       315     0    16     1    15
  3.3650452782432655E-01 a       316     0    16     1    16
 -9.0189494059137909E-01 a       317     0    16     1    17
 -1.0038299181208417E+00 a       318     0    16     1    18
  3.0777851803665837E-02 a       319     0    16     1    19
 -8.4283724030836282E-02 a       320     0    16     1    20
 -1.8081898778168770E-01 a       321     0    17     1     1
  8.9848015278993087E-01 a       322     0    17     1     2
  5.0255873933795281E-01 a       323     0    17     1     3
 -8.2336866882031651E-02 a       324     0    17     1     4
 -3.5833699429143279E-01 a       325     0    17     1     5
 -2.8965183668223177E-01 a       326     0    17     1     6
  5.3226512216932836E-02 a       327     0    17     1     7
  4.2508873425445526E-01 a       328     0    17     1     8
  1.4706038070767593E+00 a       329     0    17     1     9
  1.0190247226994756E-01 a       330     0    17     1    10
  7.1527602609039309E-01 a       331     0    17     1    11
  3.5780403032829061E-02 a       332     0    17     1    12
 -6.9775438485167951E-01 a       333     0    17     1    13
  5.2839967873294302E-01 a       334     0    17     1    14
  1.8223556198443017E-01 a       335     0    17     1    15
 -4.7999759501380090E-01 a       336     0    17     1    16
  7.5993703315813588E-01 a       337     0    17     1    17
  1.3266608897883596E+00 a       338     0    17     1    18
 -4.6784691755668861E-01 a       339     0    17     1    19
  2.9497492940971509E-01 a       340     0    17     1    20
  1.2034796303455229E-01 a       341     0    18     1     1
  2.6883045691953489E-01 a       342     0    18     1     2
  2.9887379342262665E-01 a       343     0    18     1     3
  1.0814933818855305E-01 a       344     0    18     1     4
  2.4248799129087700E-02 a       345     0    18     1     5
 -1.6194359884158968E-01 a       346     0    18     1     6
  3.2731682883355845E-01 a       347     0    18     1     7
 -8.9742808910725599E-02 a       348     0    18     1     8
  3.5705990829151446E-01 a       349     0    18     1     9
  1.4766191356857433E-01 a       350     0    18     1    10
 -3.0317182873075815E-01 a       351     0    18     1    11
 -5.3226399984335748E-01 a       352     0    18     1    12
  2.3078536952861586E-01 a       353     0    18     1    13
  5.7970772811081778E-03 a       354     0    18     1    14
  1.0592574638889661E-01 a       355     0    18     1    15
  9.7216310037104209E-02 a       356     0    18     1    16
  9.6078184419421814E-02 a       357     0    18     1    17
 -3.0317453860603927E-01 a       358     0    18     1    18
  4.0352804857289104E-01 a       359     0    18     1    19
  2.8739736392389609E-02 a       360     0    18     1    20
  3.8659963002540032E-01 a       361     0    19     1     1
 -4.7658675344543511E-01 a       362     0    19     1     2
 -3.4583543167915576E-01 a       363     0    19     1     3
 -5.5527707198733023E-01 a       364     0    19     1     4
  2.0741792108564644E-01 a       365     0    19     1     5
 -3.8082281402695067E-01 a       366     0    19     1     6
 -1.8312802934153674E-01 a       367     0    19     1     7
  7.8631744780180202E-02 a       368     0    19     1     8
 -1.3176085349583536E-01 a       369     0    19     1     9
 -1.8651597415920890E-02 a       370     0    19     1    10
 -1.5432815540203432E-01 a       371     0    19     1    11
  4.5337394201604497E-01 a       372     0    19     1    12
 -3.8471496982972148E-01 a       373     0    19     1    13
 -5.7806555934287095E-02 a       374     0    19     1    14
 -3.1299708729142554E-02 a       375     0    19     1    15
 -9.7805522233987516E-02 a       376     0    19     1    16
 -2.5798799475074391E-01 a       377     0    19     1    17
  4.0811189631082651E-01 a       378     0    19     1    18
  1.3925860305601684E-01 a       379     0    19     1    19
 -4.3930768063215064E-01 a       380     0    19     1    20
 -1.6081186897804298E-01 a       381     0    20     1     1
  1.3958643378885369E-02 a       382     0    20     1     2
  1.3476377603585332E-01 a       383     0    20     1     3
  3.2989520890679380E-01 a       384     0    20     1     4
 -1.7196909886933062E-01 a       385     0    20     1     5
 -1.2622635812894792E-01 a       386     0    20     1     6
  4.0324124116263788E-01 a       387     0    20     1     7
  2.5737391406407234E-01 a       388     0    20     1     8
  4.9282104617384476E-01 a       389     0    20     1     9
  1.3218572600567052E-02 a       390     0    20     1    10
  4.8997150857938798E-01 a       391     0    20     1    11
  5.2803730486905974E-02 a       392     0    20     1    12
  4.4386227279820369E-02 a       393     0    20     1    13
  7.0936780970693036E-01 a       394     0    20     1    14
 -8.4253466272600400E-02 a       395     0    20     1    15
 -6.4370525762190932E-04 a       396     0    20     1    16
  3.6575101436237506E-01 a       397     0    20     1    17
  3.4518317089167327E-01 a       398     0    20     1    18
  4.0057392701288741E-01 a       399     0    20     1    19
  4.7258219221690773E-01 a       400     0    20     1    20
  2.2455007181442058E-02 a       401     0    21     1     1
 -1.7251136979327050E-01 a       402     0    21     1     2
 -7.7914414902683538E-01 a       403     0    21     1     3
 -5.0029116341079746E-02 a       404     0    21     1     4
 -1.9359522132538451E-01 a       405     0    21     1     5
  2.2660054616731096E-01 a       406     0    21     1     6
 -3.0899119313560314E-01 a       407     0    21     1     7
  3.6877384153894699E-01 a       408     0    21     1     8
 -7.7908461224753156E-01 a       409     0    21     1     9
 -1.3051747238654821E-01 a       410     0    21     1    10
 -6.1756772076810060E-02 a       411     0    21     1    11
  7.3280977942258685E-02 a       412     0    21     1    12
  4.5252368374741520E-01 a       413     0    21     1    13
 -5.2770557383168049E-02 a       414     0    21     1    14
  1.5860085709167016E-01 a       415     0    21     1    15
 -3.9014126868206794E-01 a       416     0    21     1    16
 -2.2546216507239904E-02 a       417     0    21     1    17
 -7.6705167015626630E-01 a       418     0    21     1    18
 -1.3069557434023221E-01 a       419     0    21     1    19
 -6.2655867559959569E-02 a       420     0    21     1    20
  3.2001176907085827E-01 a       421     0    22     1     1
  3.0040770675683343E-01 a       422     0    22     1     2
 -2.7776604296154001E-01 a       423     0    22     1     3
 -5.1728540125507309E-02 a       424     0    22     1     4
  1.1770683728003904E-01 a       425     0    22     1     5
  7.1082047603939935E-02 a       426     0    22     1     6
 -4.3328346970449055E-01 a       427     0    22     1     7
  5.2760807870788760E-02 a       428     0    22     1     8
 -4.9106648241634232E-01 a       429     0    22     1     9
  1.3843508503040983E-01 a       430     0    22     1    10
 -1.9955962715798881E-01 a       431     0    22     1    11
  6.5900166508891342E-02 a       432     0    22     1    12
 -4.0374447239905081E-01 a       433     0    22     1    13
 -1.2425438728530717E-01 a       434     0    22     1    14
 -2.5194827879626822E-02 a       435     0    22     1    15
 -3.1116949787526776E-01 a       436     0    22     1    16
 -3.1706148953492147E-01 a       437     0    22     1    17
  1.4259542586119184E-01 a       438     0    22     1    18
 -1.2349875783902757E-01 a       439     0    22     1    19
 -5.2530567632484169E-02 a       440     0    22     1    20
  3.5770230765211747E-01 a       441     0    23     1     1
  4.5518225156930880E-01 a       442     0    23     1     2
 -1.1232276419904794E-02 a       443     0    23     1     3
  8.9107263514225946E-02 a       444     0    23     1     4
  1.9878888331502274E-02 a       445     0    23     1     5
  1.4980596150311653E-02 a       446     0    23     1     6
  3.5713288100182017E-01 a       447     0    23     1     7
  2.9630882440312828E-01 a       448     0    23     1     8
  3.3398744172896577E-01 a       449     0    23     1     9
  3.2574320527698741E-01 a       450     0    23     1    10
 -1.6796903651950038E-01 a       451     0    23     1    11
 -5.3951956110661292E-01 a       452     0    23     1    12
  7.8512175306844165E-02 a       453     0    23     1    13
  3.2216376232069688E-01 a       454     0    23     1    14
  8.1784873895858368E-02 a       455     0    23     1    15
  1.3088926296453291E-02 a       456     0    23     1    16
  5.5871473155444806E-01 a       457     0    23     1    17
  2.4401350885306647E-01 a       458     0    23     1    18
 -2.9162113488540303E-01 a       459     0    23     1    19
 -2.7677720826769242E-01 a       460     0    23     1    20
  3.3980668142795600E-01 a       461     0    24     1     1
 -8.9051745753105066E-02 a       462     0    24     1     2
  3.1960665300383190E-01 a       463     0    24     1     3
 -1.3088768002745466E-01 a       464     0    24     1     4
 -2.8399944064797411E-01 a       465     0    24     1     5
  4.0519279704071987E-02 a       466     0    24     1     6
 -1.0887398880086888E-01 a       467     0    24     1     7
  2.2260412891642621E-02 a       468     0    24     1     8
 -2.8324958743456075E-01 a       469     0    24     1     9
  1.7669421874633506E-01 a       470     0    24     1    10
  3.3100177971520772E-01 a       471     0    24     1    11
  9.7192631779092487E-02 a       472     0    24     1    12
  2.1340422589100469E-01 a       473     0    24     1    13
 -1.7669153353721836E-01 a       474     0    24     1    14
 -2.0044141086341447E-01 a       475     0    24     1    15
  1.9626250311040586E-01 a       476     0    24     1    16
 -7.4306670019571031E-02 a       477     0    24     1    17
  3.7680051219641429E-02 a       478     0    24     1    18
 -2.5695272303262340E-01 a       479     0    24     1    19
  1.4177563860337286E-01 a       480     0    24     1    20
 -1.5816585714691609E-02 a       481     0    25     1     1
 -3.3696007521100912E-01 a       482     0    25     1     2
  3.2498557625264041E-01 a       483     0    25     1     3
  4.7467600642915059E-01 a       484     0    25     1     4
 -3.0819375636231866E-01 a       485     0    25     1     5
 -4.3271909518943819E-01 a       486     0    25     1     6
 -3.7481776308213921E-02 a       487     0    25     1     7
 -7.1636749914275544E-01 a       488     0    25     1     8
 -2.0969525483352383E-01 a       489     0    25     1     9
 -5.1710574574633272E-01 a       490     0    25     1    10
  8.9316073444068569E-02 a       491     0    25     1    11
 -2.3001187639383480E-01 a       492     0    25     1    12
  4.0600670564100405E-01 a       493     0    25     1    13
  1.0363093787600137E-01 a       494     0    25     1    14
 -4.7867540232982626E-02 a       495     0    25     1    15
 -1.4490834522034624E-01 a       496     0    25     1    16
 -1.7063194733864734E-01 a       497     0    25     1    17
  6.5961707109013146E-01 a       498     0    25     1    18
 -8.0595128785940648E-02 a       499     0    25     1    19
  1.5583452379210677E-01 a       500     0    25     1    20
  1.7252664035258491E-01 a       501     0    26     1     1
 -4.7991146092074971E-02 a       502     0    26     1     2
  3.7325391122091972E-01 a       503     0    26     1     3
  1.9088185901290861E-01 a       504     0    26     1     4
 -5.9997716437026938E-01 a       505     0    26     1     5
  3.9176475026211016E-01 a       506     0    26     1     6
  3.9275076598284525E-01 a       507     0    26     1     7
 -3.5755367123885257E-01 a       508     0    26     1     8
  2.9014268667128190E-01 a       509     0    26     1     9
 -2.0773452947249763E-01 a       510     0    26     1    10
  1.4589796679936063E-02 a       511     0    26     1    11
 -4.6286936242738708E-01 a       512     0    26     1    12
 -4.4173040488859516E-01 a       513     0    26     1    13
 -1.6389960651945074E-01 a       514     0    26     1    14
  5.1961088837101610E-01 a       515     0    26     1    15
  1.3395767255252500E-01 a       516     0    26     1    16
 -8.8150090240703638E-02 a       517     0    26     1    17
  6.9791235170980973E-02 a       518     0    26     1    18
  2.2056149502254394E-01 a       519     0    26     1    19
 -3.5281819277250848E-01 a       520     0    26     1    20
 -2.6663563860737960E-01 a       521     0    27     1     1
 -4.5151048892234591E-01 a       522     0    27     1     2
 -3.3916995047206328E-01 a       523     0    27     1     3
 -2.8000180735036190E-01 a       524     0    27     1     4
  5.1548965918339540E-01 a       525     0    27     1     5
 -2.2441723428488500E-01 a       526     0    27     1     6
  2.3505298473581437E-01 a       527     0    27     1     7
 -3.8654896311823489E-01 a       528     0    27     1     8
  5.9492463290502817E-01 a       529     0    27     1     9
 -2.5335137783326850E-01 a       530     0    27     1    10
  2.3371022984155593E-01 a       531     0    27     1    11
  2.6095264136029656E-01 a       532     0    27     1    12
 -3.1361964338614251E-01 a       533     0    27     1    13
 -4.9077884771777125E-01 a       534     0    27     1    14
  2.5260423724196646E-01 a       535     0    27     1    15
  1.0663362818115601E-01 a       536     0    27     1    16
  2.5506350135361067E-01 a       537     0    27     1    17
  8.6148148087398513E-02 a       538     0    27     1    18
 -5.4263760304272635E-01 a       539     0    27     1    19
  2.8747206668987818E-01 a       540     0    27     1    20
  9.2502148751245336E-02 a       541     0    28     1     1
  2.8091771923094377E-02 a       542     0    28     1     2
 -1.8114289103887718E-01 a       543     0    28     1     3
 -1.3881282797356839E-01 a       544     0    28     1     4
 -3.2134117778695198E-01 a       545     0    28     1     5
 -3.1160067105363204E-01 a       546     0    28     1     6
 -2.3002094291020389E-01 a       547     0    28     1     7
 -2.3402638056156988E-01 a       548     0    28     1     8
 -1.4447918034604887E-01 a       549     0    28     1     9
  7.2528270127335303E-03 a       550     0    28     1    10
  2.4684058607209852E-01 a       551     0    28     1    11
  5.6664629020873680E-01 a       552     0    28     1    12
 -1.1108855730111575E-01 a       553     0    28     1    13
  1.0649800366159895E-01 a       554     0    28     1    14
  1.3694844090017652E-01 a       555     0    28     1    15
 -1.8461173533312039E-01 a       556     0    28     1    16
 -1.1430437167654733E-01 a       557     0    28     1    17
 -1.2729050743405776E-01 a       558     0    28     1    18
 -3.0698983179321415E-01 a       559     0    28     1    19
 -2.1866670066096810E-02 a       560     0    28     1    20
  4.3248771012428155E-01 a       561     0    29     1     1
  2.4349047265538448E-01 a       562     0    29     1     2
 -2.1304950506154022E-01 a       563     0    29     1     3
  1.7180404807216901E-01 a       564     0    29     1     4
  6.4178552912752207E-02 a       565     0    29     1     5
 -9.2725575820362699E-02 a       566     0    29     1     6
 -2.2771951370310578E-01 a       567     0    29     1     7
 -1.9091673136980342E-01 a       568     0    29     1     8
 -3.2734592557594711E-01 a       569     0    29     1     9
  2.1283640570199161E-01 a       570     0    29     1    10
 -2.4943088264574476E-01 a       571     0    29     1    11
  2.0574293855376966E-01 a       572     0    29     1    12
  2.9144332064875328E-01 a       573     0    29     1    13
 -2.2983478433615173E-01 a       574     0    29     1    14
  3.9114973944041370E-01 a       575     0    29     1    15
  7.0139424926747115E-02 a       576     0    29     1    16
 -1.8478323298125179E-01 a       577     0    29     1    17
 -7.5653284425109824E-02 a       578     0    29     1    18
  3.7631552752072271E-02 a       579     0    29     1    19
  1.2917038474279594E-01 a       580     0    29     1    20
 -1.9334947928222584E-01 a       581     0    30     1     1
 -5.1485994050990636E-02 a       582     0    30     1     2
  1.4059020209823000E-01 a       583     0    30     1     3
  7.0797190614457051E-02 a       584     0    30     1     4
 -9.7745336160292129E-02 a       585     0    30     1     5
  1.4523123213228914E-01 a       586     0    30     1     6
  1.7495069921183146E-01 a       587     0    30     1     7
 -9.1412698281210847E-02 a       588     0    30     1     8
  6.6436951983201609E-01 a       589     0    30     1     9
 -1.1676750479575929E-02 a       590     0    30     1    10
  1.7321954191574759E-01 a       591     0    30     1    11
  1.8245862596049923E-02 a       592     0    30     1    12
 -2.8187874103182617E-02 a       593     0    30     1    13
  3.3590160254518157E-02 a       594     0    30     1    14
 -5.2041983740473940E-01 a       595     0    30     1    15
  2.5953085857176872E-01 a       596     0    30     1    16
 -9.4243721851708470E-02 a       597     0    30     1    17
 -4.0274098512218071E-01 a       598     0    30     1    18
  1.8303003898644968E-01 a       599     0    30     1    19
 -5.5150722214574704E-02 a       600     0    30     1    20
 -2.0710828088438868E-01 a       601     0    31     1     1
 -2.8307283731491811E-01 a       602     0    31     1     2
  1.1491008502930701E-01 a       603     0    31     1     3
 -8.9674320616424510E-02 a       604     0    31     1     4
  1.4806942676302334E-01 a       605     0    31     1     5
  5.6460342057153923E-01 a       606     0    31     1     6
  3.5130165025193483E-01 a       607     0    31     1     7
  2.6824632717048535E-01 a       608     0    31     1     8
 -3.7500100181884342E-02 a       609     0    31     1     9
  7.3740423905201039E-02 a       610     0    31     1    10
  6.5965062421105433E-02 a       611     0    31     1    11
 -1.5802247412426967E-01 a       612     0    31     1    12
 -2.0628583252200797E-01 a       613     0    31     1    13
  6.6088451601637066E-02 a       614     0    31     1    14
  2.1044103643917411E-01 a       615     0    31     1    15
 -2.8599987977269342E-01 a       616     0    31     1    16
  7.7166298983462639E-02 a       617     0    31     1    17
  8.9949460184889710E-02 a       618     0    31     1    18
 -3.7664603319124477E-03 a       619     0    31     1    19
  2.0409942794860311E-01 a       620     0    31     1    20
 -3.1305488068305842E-01 a       621     0    32     1     1
  2.9053505188660737E-02 a       622     0    32     1     2
 -2.7968790878269756E-01 a       623     0    32     1     3
  3.4571244511198335E-01 a       624     0    32     1     4
 -8.9899541370013804E-04 a       625     0    32     1     5
  1.0469586263224116E-01 a       626     0    32     1     6
  3.7015760609410489E-02 a       627     0    32     1     7
 -6.0457714069426557E-02 a       628     0    32     1     8
  3.0249439457707072E-01 a       629     0    32     1     9
  2.6827138470984530E-01 a       630     0    32     1    10
  1.9116615608460710E-01 a       631     0    32     1    11
 -5.0383599818412297E-02 a       632     0    32     1    12
 -2.0261828709661070E-01 a       633     0    32     1    13
  4.4354948285125109E-02 a       634     0    32     1    14
 -1.0309878185633740E-01 a       635     0    32     1    15
 -2.8975981275568979E-01 a       636     0    32     1    16
  2.6406679933520472E-01 a       637     0    32     1    17
 -5.8538154540632853E-02 a       638     0    32     1    18
  1.2543478292932117E-01 a       639     0    32     1    19
  3.9690505558733585E-01 a       640     0    32     1    20
 -1.7166288720531986E-01 a       641     0    33     1     1
 -1.7650310099954103E-02 a       642     0    33     1     2
 -2.5893736517732657E-01 a       643     0    33     1     3
 -6.8310795969825325E-02 a       644     0    33     1     4
 -4.8148909142924218E-01 a       645     0    33     1     5
 -3.5386144160857630E-01 a       646     0    33     1     6
 -6.4062508868514345E-01 a       647     0    33     1     7
  2.9761482062419009E-01 a       648     0    33     1     8
 -1.5240274695134506E-01 a       649     0    33     1     9
  2.0940596197993225E-02 a       650     0    33     1    10
  1.9106050432443752E-01 a       651     0    33     1    11
  3.7436413605889778E-02 a       652     0    33     1    12
  6.1605432377696234E-01 a       653     0    33     1    13
 -3.9134975197536379E-02 a       654     0    33     1    14
 -1.3154687907828580E-01 a       655     0    33     1    15
  5.9177996856463655E-01 a       656     0    33     1    16
 -1.2143508922814528E-01 a       657     0    33     1    17
 -1.4654569016354796E-01 a       658     0    33     1    18
  4.1146085127079901E-01 a       659     0    33     1    19
 -4.8061976021149483E-01 a       660     0    33     1    20
  5.2851636609840401E-02 a       661     0    34     1     1
 -2.5005156486073021E-01 a       662     0    34     1     2
 -6.7231585150229877E-03 a       663     0    34     1     3
  3.6219140829614110E-01 a       664     0    34     1     4
  8.0866752627302682E-02 a       665     0    34     1     5
 -2.5231543612409185E-01 a       666     0    34     1     6
  1.0073334176353665E-01 a       667     0    34     1     7
 -2.5552350926208689E-01 a       668     0    34     1     8
  3.1066881127335588E-01 a       669     0    34     1     9
 -4.6784613290958794E-02 a       670     0    34     1    10
 -1.4189102520047930E-01 a       671     0    34     1    11
 -1.0740168168179851E-01 a       672     0    34     1    12
 -1.7433127211504920E-01 a       673     0    34     1    13
  1.2187273135390501E-01 a       674     0    34     1    14
  1.0468904213575760E-01 a       675     0    34     1    15
 -1.1849635059053847E-01 a       676     0    34     1    16
  3.0904656045411087E-02 a       677     0    34     1    17
 -2.2860506876750730E-01 a       678     0    34     1    18
 -3.4491548165485574E-02 a       679     0    34     1    19
 -8.0290780045377666E-02 a       680     0    34     1    20
  1.6994041902752854E-01 a       681     0    35     1     1
  4.7660624459613700E-02 a       682     0    35     1     2
 -1.0147126762678378E-01 a       683     0    35     1     3
 -7.2331501417551269E-01 a       684     0    35     1     4
  1.4376038882965853E-01 a       685     0    35     1     5
 -4.4124823857493262E-01 a       686     0    35     1     6
  3.6364126849857603E-01 a       687     0    35     1     7
  4.1708334260474983E-01 a       688     0    35     1     8
 -4.4987046216478140E-03 a       689     0    35     1     9
 -6.3995269560759530E-02 a       690     0    35     1    10
 -2.7773206152864768E-02 a       691     0    35     1    11
  2.1576724956234583E-01 a       692     0    35     1    12
 -8.8789780593081513E-02 a       693     0    35     1    13
  1.3877557235792840E-01 a       694     0    35     1    14
 -6.2517869622904940E-02 a       695     0    35     1    15
 -1.9544747292311432E-01 a       696     0    35     1    16
 -1.3348411698722201E-01 a       697     0    35     1    17
  1.4274087953124950E-01 a       698     0    35     1    18
 -4.9284272608731271E-02 a       699     0    35     1    19
 -5.2302532517262926E-02 a       700     0    35     1    20
 -1.6311311264043102E-01 a       701     0    36     1     1
  2.8014067603259690E-01 a       702     0    36     1     2
 -1.4257551896302606E-01 a       703     0    36     1     3
 -2.3512624922994241E-01 a       704     0    36     1     4
  8.3078413547525154E-01 a       705     0    36     1     5
 -8.7766090390625481E-02 a       706     0    36     1     6
  1.8157756831644908E-01 a       707     0    36     1     7
  5.4728399817300821E-01 a       708     0    36     1     8
 -7.1931608006847425E-01 a       709     0    36     1     9
 -2.1376429914307788E-02 a       710     0    36     1    10
 -6.5355608114549846E-01 a       711     0    36     1    11
  1.5516990317389509E-01 a       712     0    36     1    12
 -2.4926772218221946E-01 a       713     0    36     1    13
 -2.9089193079893394E-01 a       714     0    36     1    14
  1.6913076703871766E-01 a       715     0    36     1    15
  5.2446382154489740E-02 a       716     0    36     1    16
 -3.8743521212237231E-02 a       717     0    36     1    17
  6.2073156741037347E-02 a       718     0    36     1    18
 -1.5940807960242934E-01 a       719     0    36     1    19
 -7.5046858292761781E-02 a       720     0    36     1    20
  2.6949918230652714E-01 a       721     0    37     1     1
 -1.7333737464937837E-01 a       722     0    37     1     2
  2.6778305071486303E-03 a       723     0    37     1     3
  1.7373529225040268E-01 a       724     0    37     1     4
 -1.1619015220260029E-01 a       725     0    37     1     5
 -1.3693331248173909E-01 a       726     0    37     1     6
 -2.8984836750734166E-01 a       727     0    37     1     7
  2.1452469968687993E-01 a       728     0    37     1     8
  2.7321097343062239E-01 a       729     0    37     1     9
 -1.2236712953733270E-01 a       730     0    37     1    10
 -3.8352280614726375E-01 a       731     0    37     1    11
  1.1604143923048349E-01 a       732     0    37     1    12
  5.3731907298317012E-02 a       733     0    37     1    13
  2.1904382329959154E-01 a       734     0    37     1    14
 -4.9900162077147003E-01 a       735     0    37     1    15
  5.0516242376138099E-01 a       736     0    37     1    16
  5.7476449639059790E-01 a       737     0    37     1    17
 -1.4126380060043639E-01 a       738     0    37     1    18
  3.4894467550015559E-02 a       739     0    37     1    19
 -6.7045805851909335E-02 a       740     0    37     1    20
  1.3576575368223820E-01 a       741     0    38     1     1
  3.9867321871880823E-01 a       742     0    38     1     2
  1.9613094088951305E-01 a       743     0    38     1     3
 -6.6243110760432879E-03 a       744     0    38     1     4
  3.0883519109024191E-02 a       745     0    38     1     5
  5.2426269101150635E-01 a       746     0    38     1     6
  3.8641425771471266E-01 a       747     0    38     1     7
 -1.1424265087692280E-01 a       748     0    38     1     8
  1.7322405460761966E-02 a       749     0    38     1     9
 -2.5828112059871428E-01 a       750     0    38     1    10
  1.3284230982847847E-01 a       751     0    38     1    11
  1.3500457848616768E-01 a       752     0    38     1    12
  2.5824715898162265E-01 a       753     0    38     1    13
 -2.4301282684441660E-02 a       754     0    38     1    14
 -2.9512416739821340E-01 a       755     0    38     1    15
 -3.0669350528829931E-01 a       756     0    38     1    16
 -3.3471407629080317E-02 a       757     0    38     1    17
  1.4757252400802742E-01 a       758     0    38     1    18
 -3.3103094800257721E-01 a       759     0    38     1    19
  4.4701231587979051E-01 a       760     0    38     1    20
 -2.3489103350042806E-01 a       761     0    39     1     1
  3.1303582713434636E-01 a       762     0    39     1     2
 -2.0359703834844214E-01 a       763     0    39     1     3
 -1.1993144716227536E-01 a       764     0    39     1     4
 -2.1061828362907689E-01 a       765     0    39     1     5
  6.1557368476475478E-02 a       766     0    39     1     6
 -2.5170472116136150E-01 a       767     0    39     1     7
  2.4563960751065672E-01 a       768     0    39     1     8
  2.4030545990810614E-01 a       769     0    39     1     9
  9.0554996403758761E-02 a       770     0    39     1    10
  1.1791631534619895E-01 a       771     0    39     1    11
 -9.1096565635259114E-02 a       772     0    39     1    12
  1.2255049119908812E-01 a       773     0    39     1    13
 -6.9571360243522132E-02 a       774     0    39     1    14
  2.0753622031756704E-02 a       775     0    39     1    15
  1.9326875979598385E-02 a       776     0    39     1    16
  1.4724620635633409E-01 a       777     0    39     1    17
 -1.2755785462706132E-01 a       778     0    39     1    18
  2.8260281319485125E-01 a       779     0    39     1    19
 -1.6547295117446439E-01 a       780     0    39     1    20
 -1.8292518365025500E-02 a       781     0    40     1     1
 -7.3271005736505065E-02 a       782     0    40     1     2
  2.3559007284357425E-01 a       783     0    40     1     3
  2.1765714246288548E-01 a       784     0    40     1     4
 -2.4935058162684895E-01 a       785     0    40     1     5
  1.8046331855153985E-01 a       786     0    40     1     6
  1.9217735613984474E-01 a       787     0    40     1     7
  1.3998927574472028E-01 a       788     0    40     1     8
 -2.7156085383395817E-01 a       789     0    40     1     9
  4.1759450071813675E-01 a       790     0    40     1    10
 -5.2209468183641332E-03 a       791     0    40     1    11
 -1.1311979350248047E-01 a       792     0    40     1    12
 -8.0678742020843450E-02 a       793     0    40     1    13
 -2.3483682717367374E-01 a       794     0    40     1    14
  3.9948304910240928E-01 a       795     0    40     1    15
 -9.2286890834387222E-02 a       796     0    40     1    16
  2.1786559005271885E-01 a       797     0    40     1    17
  1.1550361866517733E-01 a       798     0    40     1    18
 -3.3752076048972623E-02 a       799     0    40     1    19
 -2.4064596787230455E-01 a       800     0    40     1    20
 -5.8536869071229979E-02 a       801     0    41     1     1
  1.7640390234477454E-02 a       802     0    41     1     2
  4.0798384073757334E-02 a       803     0    41     1     3
 -1.8561947115201611E-02 a       804     0    41     1     4
  2.1040860905246435E-02 a       805     0    41     1     5
 -3.2414141641130628E-01 a       806     0    41     1     6
 -1.5099480972176907E-01 a       807     0    41     1     7
  1.2990636691815674E-01 a       808     0    41     1     8
  3.1160176536993090E-02 a       809     0    41     1     9
  6.8560192405542481E-02 a       810     0    41     1    10
  1.2566178499488290E-01 a       811     0    41     1    11
 -2.2386016796545768E-02 a       812     0    41     1    12
  2.6292353215195158E-02 a       813     0    41     1    13
 -1.2573362473935102E-02 a       814     0    41     1    14
  3.9958547369337426E-02 a       815     0    41     1    15
 -5.6985792037731027E-02 a       816     0    41     1    16
  4.3543180759638880E-02 a       817     0    41     1    17
  4.8370610562373857E-02 a       818     0    41     1    18
  1.7960068767438031E-01 a       819     0    41     1    19
  1.1649353152405291E-02 a       820     0    41     1    20
 -1.5249360812110950E-02 a       821     0    42     1     1
 -8.7761418322865839E-02 a       822     0    42     1     2
 -1.3756183439343109E-01 a       823     0    42     1     3
  7.7923764693860864E-02 a       824     0    42     1     4
  1.9312859110028752E-01 a       825     0    42     1     5
 -4.1994511409329149E-01 a       826     0    42     1     6
  1.2114798589788345E-01 a       827     0    42     1     7
 -5.3256311402593415E-01 a       828     0    42     1     8
 -2.3576120380607846E-01 a       829     0    42     1     9
  3.6881178969126382E-01 a       830     0    42     1    10
  2.2288076546910167E-02 a       831     0    42     1    11
 -1.9911941224375976E-01 a       832     0    42     1    12
  4.1734746290080796E-02 a       833     0    42     1    13
  1.3843794729721645E-01 a       834     0    42     1    14
  7.7762527463755018E-02 a       835     0    42     1    15
  2.9290800598706812E-01 a       836     0    42     1    16
  1.8640973038503605E-01 a       837     0    42     1    17
 -1.8473919219146229E-01 a       838     0    42     1    18
 -2.6677518102066888E-01 a       839     0    42     1    19
 -4.4707892720991793E-02 a       840     0    42     1    20
 -5.9431712406784715E-02 a       841     0    43     1     1
 -7.1993877429957914E-02 a       842     0    43     1     2
  6.8467251423983855E-02 a       843     0    43     1     3
 -1.4108352294806806E-01 a       844     0    43     1     4
  2.5863047083269881E-02 a       845     0    43     1     5
 -1.9829795553732205E-01 a       846     0    43     1     6
 -7.4473042504715715E-03 a       847     0    43     1     7
 -1.5818763492276411E-01 a       848     0    43     1     8
 -4.1277666713078483E-02 a       849     0    43     1     9
 -1.4854623404044964E-01 a       850     0    43     1    10
 -1.3370103046787149E-01 a       851     0    43     1    11
  1.4848223184618972E-01 a       852     0    43     1    12
  9.8125805900132188E-02 a       853     0    43     1    13
 -8.6588182518041429E-02 a       854     0    43     1    14
  7.8547026710410001E-02 a       855     0    43     1    15
 -1.0322383666848070E-01 a       856     0    43     1    16
  8.5594544859132704E-02 a       857     0    43     1    17
 -4.8300703897245587E-03 a       858     0    43     1    18
  1.5205433110313837E-02 a       859     0    43     1    19
  2.2762885973791441E-01 a       860     0    43     1    20
  8.5340040898244457E-02 a       861     0    44     1     1
  3.3239295751438397E-01 a       862     0    44     1     2
  1.9209941940561523E-01 a       863     0    44     1     3
  2.0237009972837580E-01 a       864     0    44     1     4
  4.4830619188351684E-01 a       865     0    44     1     5
  1.1669533869287563E+00 a       866     0    44     1     6
  2.1978778066757668E-01 a       867     0    44     1     7
  2.6759289594019581E-01 a       868     0    44     1     8
 -3.5447995017988627E-02 a       869     0    44     1     9
 -1.9316091100798821E-01 a       870     0    44     1    10
 -2.7228275690563086E-02 a       871     0    44     1    11
  2.0561857634101216E-01 a       872     0    44     1    12
 -3.3288628860359926E-01 a       873     0    44     1    13
 -8.4022852383510971E-01 a       874     0    44     1    14
 -3.9148293804381329E-01 a       875     0    44     1    15
  3.0999196686555491E-01 a       876     0    44     1    16
 -5.9952469164542910E-01 a       877     0    44     1    17
  3.8062203151937583E-02 a       878     0    44     1    18
 -1.1764772202483824E-01 a       879     0    44     1    19
 -1.1181390651488826E-01 a       880     0    44     1    20
 -3.5238836776912685E-01 a       881     0    45     1     1
 -3.0442565404340671E-01 a       882     0    45     1     2
 -5.3675131553330402E-01 a       883     0    45     1     3
 -3.3644509201775535E-01 a       884     0    45     1     4
 -2.5238812216636691E-01 a       885     0    45     1     5
 -7.9909465668822899E-01 a       886     0    45     1     6
  7.4379256073726988E-02 a       887     0    45     1     7
 -5.9785005948779779E-02 a       888     0    45     1     8
  5.2012918671485531E-01 a       889     0    45     1     9
 -3.0770930854876094E-01 a       890     0    45     1    10
  4.9125713625824080E-01 a       891     0    45     1    11
  1.5100859760722543E-01 a       892     0    45     1    12
  3.4847431096265841E-02 a       893     0    45     1    13
  2.5801069276838401E-01 a       894     0    45     1    14
  9.5835952486057543E-02 a       895     0    45     1    15
  5.1426646970248857E-01 a       896     0    45     1    16
  7.2942393710065445E-01 a       897     0    45     1    17
  1.6292577628058752E-01 a       898     0    45     1    18
  3.0603304501118656E-01 a       899     0    45     1    19
  8.2220195965366269E-02 a       900     0    45     1    20
  3.1326789089789309E-01 a       901     0    46     1     1
  3.7070402675566932E-01 a       902     0    46     1     2
 -2.5620794319496942E-01 a       903     0    46     1     3
  1.3486150749069045E-01 a       904     0    46     1     4
 -1.4427821470308017E-01 a       905     0    46     1     5
  3.1369248269348488E-01 a       906     0    46     1     6
  4.1438950019746362E-01 a       907     0    46     1     7
  4.4156010691852252E-02 a       908     0    46     1     8
 -3.2282848921415747E-01 a       909     0    46     1     9
 -1.7235613027981125E-01 a       910     0    46     1    10
 -1.0490897559413216E-02 a       911     0    46     1    11
  6.9201140230407021E-02 a       912     0    46     1    12
 -3.4857211394615956E-01 a       913     0    46     1    13
 -9.4099621180793055E-02 a       914     0    46     1    14
 -4.4005336514945625E-01 a       915     0    46     1    15
  2.3379489761090730E-01 a       916     0    46     1    16
 -8.7815340181458834E-01 a       917     0    46     1    17
 -2.1292288371856880E-01 a       918     0    46     1    18
  5.6927577293944043E-02 a       919     0    46     1    19
  1.9626901524749787E-01 a       920     0    46     1    20
 -2.3650489535277044E-01 a       921     0    47     1     1
 -3.0105171957306509E-01 a       922     0    47     1     2
  5.6645308947306439E-01 a       923     0    47     1     3
 -9.9457265713852827E-02 a       924     0    47     1     4
 -3.4895980132617205E-01 a       925     0    47     1     5
 -2.8559162147519640E-01 a       926     0    47     1     6
  2.2424506356137014E-01 a       927     0    47     1     7
 -1.4711676507879751E-01 a       928     0    47     1     8
 -2.0400439778072266E-02 a       929     0    47     1     9
  3.0801646471346472E-01 a       930     0    47     1    10
  2.1030656030175893E-01 a       931     0    47     1    11
  1.8441131280596901E-01 a       932     0    47     1    12
  3.9342464755631917E-01 a       933     0    47     1    13
  3.5169034320898523E-01 a       934     0    47     1    14
 -6.8777256506973666E-02 a       935     0    47     1    15
 -5.9794154071666147E-02 a       936     0    47     1    16
 -1.5794306459238411E-01 a       937     0    47     1    17
 -2.6634128236373006E-01 a       938     0    47     1    18
 -1.4398812391386370E-01 a       939     0    47     1    19
 -3.9474701973896582E-02 a       940     0    47     1    20
  1.0776154673265970E-01 a       941     0    48     1     1
 -6.1078211453768468E-02 a       942     0    48     1     2
 -1.7397299215810061E-01 a       943     0    48     1     3
 -3.8692583651144100E-02 a       944     0    48     1     4
  2.5763471461866294E-01 a       945     0    48     1     5
 -3.3550455860226075E-01 a       946     0    48     1     6
  2.0127305342380955E-01 a       947     0    48     1     7
 -1.0885620746244536E-01 a       948     0    48     1     8
  1.1269365115089833E-01 a       949     0    48     1     9
 -5.1301866179200184E-01 a       950     0    48     1    10
 -1.3135704178336897E-02 a       951     0    48     1    11
  8.5911532656370651E-02 a       952     0    48     1    12
 -2.2391679984115981E-01 a       953     0    48     1    13
 -4.4151935036331719E-02 a       954     0    48     1    14
 -4.5718652697165629E-02 a       955     0    48     1    15
 -2.2687624156589073E-01 a       956     0    48     1    16
  5.6023360046337803E-02 a       957     0    48     1    17
  1.2868642520791790E-01 a       958     0    48     1    18
  2.9263663813607232E-01 a       959     0    48     1    19
  2.7860172980608233E-01 a       960     0    48     1    20
  6.6555236060083645E-01 a       961     0    49     1     1
  1.6223714154513047E-01 a       962     0    49     1     2
  8.3836934581273989E-02 a       963     0    49     1     3
  2.6015249112127781E-01 a       964     0    49     1     4
  3.5973063014978417E-03 a       965     0    49     1     5
 -5.0808568804183696E-01 a       966     0    49     1     6
  7.2038908593391654E-02 a       967     0    49     1     7
 -2.3036429037225156E-01 a       968     0    49     1     8
  3.8279989524509828E-01 a       969     0    49     1     9
  3.7576429420652835E-01 a       970     0    49     1    10
 -3.9774707289952749E-01 a       971     0    49     1    11
 -2.0946794873532473E-01 a       972     0    49     1    12
 -3.1486411208896681E-01 a       973     0    49     1    13
 -8.5846825746751843E-02 a       974     0    49     1    14
 -1.1192564679917917E-01 a       975     0    49     1    15
 -1.5989523611752879E-01 a       976     0    49     1    16
  6.6405502022567786E-02 a       977     0    49     1    17
 -2.3199650386406842E-01 a       978     0    49     1    18
  2.4271278517014772E-01 a       979     0    49     1    19
 -5.4300146298592311E-01 a       980     0    49     1    20
  2.9404582687820352E-01 a       981     0    50     1     1
  3.9977731775808467E-01 a       982     0    50     1     2
 -1.3946437511313486E-01 a       983     0    50     1     3
 -2.4068598553756670E-01 a       984     0    50     1     4
  4.8786181187545019E-02 a       985     0    50     1     5
  8.7640770939816526E-01 a       986     0    50     1     6
 -5.6418488386928678E-01 a       987     0    50     1     7
  1.1785357357844868E-01 a       988     0    50     1     8
 -9.1667067506759781E-01 a       989     0    50     1     9
 -5.3519004290180727E-01 a       990     0    50     1    10
  2.2354777279315136E-01 a       991     0    50     1    11
 -1.3635759911191944E-01 a       992     0    50     1    12
  4.4333703930281732E-01 a       993     0    50     1    13
 -3.6632854955046652E-02 a       994     0    50     1    14
 -3.9547270987582411E-03 a       995     0    50     1    15
  2.4996606228668905E-01 a       996     0    50     1    16
 -1.1477732476758040E+00 a       997     0    50     1    17
  1.6452731505739854E-01 a       998     0    50     1    18
  4.2639139892579075E-01 a       999     0    50     1    19
  7.6329716736277600E-02 a      1000     0    50     1    20
 -8.7473324823893625E-02 a      1001     0    51     1     1
 -9.0782683465415584E-02 a      1002     0    51     1     2
 -9.5111118996528219E-03 a      1003     0    51     1     3
  9.8885762306552355E-02 a      1004     0    51     1     4
 -4.8949401140189315E-02 a      1005     0    51     1     5
  4.0926844494989595E-01 a      1006     0    51     1     6
  9.2897956591184341E-02 a      1007     0    51     1     7
  2.6344130315779590E-01 a      1008     0    51     1     8
  2.5645646686916136E-02 a      1009     0    51     1     9
 -1.1096287001841905E-01 a      1010     0    51     1    10
  1.8172429390244133E-02 a      1011     0    51     1    11
  5.1108393108544370E-02 a      1012     0    51     1    12
  4.0442691597530761E-01 a      1013     0    51     1    13
 -2.1374387791934757E-01 a      1014     0    51     1    14
 -2.1387053698587021E-02 a      1015     0    51     1    15
  3.5593919717277900E-01 a      1016     0    51     1    16
  1.1108786312451333E-01 a      1017     0    51     1    17
 -7.0005630073905450E-02 a      1018     0    51     1    18
 -4.2940832151799328E-02 a      1019     0    51     1    19
 -2.5347101919618820E-01 a      1020     0    51     1    20
 -6.4539854587938861E-01 b      1021     1     1
  5.5247031462592489E-01 b      1022     1     2
 -1.0836179707944005E+00 b      1023     1     3
 -1.4445908798603628E+00 b      1024     1     4
 -1.4156920528648338E+00 b      1025     1     5
 -1.4214261435509965E+00 b      1026     1     6
 -7.6051971457950163E-01 b      1027     1     7
  1.1294713469909319E+00 b      1028     1     8
  4.8985003425916762E-01 b      1029     1     9
  7.8100311982416704E-01 b      1030     1    10
  1.0869097112306101E+00 b      1031     1    11
 -5.8556120940473126E-02 b      1032     1    12
 -4.4146012345846880E-01 b      1033     1    13
  4.7184335343779243E-01 b      1034     1    14
 -5.4098430581544210E-01 b      1035     1    15
  9.3532435971414940E-01 b      1036     1    16
 -8.7076762779218786E-01 b      1037     1    17
 -2.6176131196647240E-01 b      1038     1    18
  1.4916628331577222E+00 b      1039     1    19
  1.2362212769686978E+00 b      1040     1    20
  6.1992215951006374E-02 a      1041     1     1     2     1
  2.6409535713977572E-01 a      1042     1     1     2     2
 -3.3378874737476910E-01 a      1043     1     1     2     3
 -1.4668145584248750E-03 a      1044     1     1     2     4
 -4.1540386189342071E-01 a      1045     1     1     2     5
  4.3234364216754428E-01 a      1046     1     1     2     6
  3.3067986696017326E-01 a      1047     1     1     2     7
 -7.8423651144092138E-02 a      1048     1     1     2     8
  2.9801596170659261E-01 a      1049     1     1     2     9
 -2.4285127597226724E-01 a      1050     1     1     2    10
 -1.3340237363384591E-01 a      1051     1     1     2    11
 -3.1417930121697824E-01 a      1052     1     1     2    12
  4.0421847939684785E-01 a      1053     1     1     2    13
 -3.0019559516279731E-01 a      1054     1     1     2    14
 -6.5700619527756932E-01 a      1055     1     1     2    15
  1.7340942002293444E-01 a      1056     1     1     2    16
 -6.5959681721283581E-01 a      1057     1     1     2    17
 -1.5601619694656324E-01 a      1058     1     1     2    18
 -7.3599284610328275E-01 a      1059     1     1     2    19
  5.5098427871265721E-01 a      1060     1     1     2    20
  2.4981030028415482E-01 a      1061     1     2     2     1
 -6.3685661617709799E-01 a      1062     1     2     2     2
 -8.8757947432736170E-02 a      1063     1     2     2     3
 -4.0258217392500478E-01 a      1064     1     2     2     4
 -1.8610147646995304E-01 a      1065     1     2     2     5
 -2.5976938062071669E-01 a      1066     1     2     2     6
  9.0203167894454650E-02 a      1067     1     2     2     7
  6.7854633212115190E-01 a      1068     1     2     2     8
 -5.4237511416867767E-01 a      1069     1     2     2     9
 -3.1490548192569912E-01 a      1070     1     2     2    10
 -1.3951101404549901E-01 a      1071     1     2     2    11
 -3.5643756360129658E-01 a      1072     1     2     2    12
  8.0295146189468003E-01 a      1073     1     2     2    13
 -4.5967993812185093E-01 a      1074     1     2     2    14
  7.8427499381381119E-02 a      1075     1     2     2    15
 -2.3448874377965953E-01 a      1076     1     2     2    16
  3.1915505524928928E-01 a      1077     1     2     2    17
 -4.8446530464464249E-01 a      1078     1     2     2    18
  7.0242827181338466E-02 a      1079     1     2     2    19
  2.2353218235327643E-01 a      1080     1     2     2    20
  2.0105884616992362E-01 a      1081     1     3     2     1
 -3.3245476662312928E-01 a      1082     1     3     2     2
 -2.4639768092213080E-01 a      1083     1     3     2     3
 -5.3921069757294038E-01 a      1084     1     3     2     4
 -5.9182872094248506E-01 a      1085     1     3     2     5
 -3.7078427284610588E-01 a      1086     1     3     2     6
  3.8660827651361868E-01 a      1087     1     3     2     7
 -3.5314519471982880E-01 a      1088     1     3     2     8
 -1.9835938997057167E-02 a      1089     1     3     2     9
 -6.5802424975013762E-02 a      1090     1     3     2    10
  5.5320616097692554E-01 a      1091     1     3     2    11
  5.8005747989612799E-01 a      1092     1     3     2    12
  2.5117880738642523E-01 a      1093     1     3     2    13
  1.2898016135530490E-03 a      1094     1     3     2    14
  4.8402411238677145E-01 a      1095     1     3     2    15
  6.6138389699867273E-01 a      1096     1     3     2    16
  1.1349578434803140E-01 a      1097     1     3     2    17
  4.4661580266567769E-01 a      1098     1     3     2    18
  1.4739306187257836E-01 a      1099     1     3     2    19
  1.3634863312375212E-01 a      1100     1     3     2    20
  2.0757426482168967E-02 a      1101     1     4     2     1
  6.6701485775635427E-01 a      1102     1     4     2     2
  4.9111649667873125E-01 a      1103     1     4     2     3
 -5.1176489391590745E-02 a      1104     1     4     2     4
 -6.4907720435043947E-01 a      1105     1     4     2     5
  6.9936743034372928E-01 a      1106     1     4     2     6
 -1.8614809327046497E-01 a      1107     1     4     2     7
  6.6180285456463012E-02 a      1108     1     4     2     8
 -3.8288221689502949E-01 a      1109     1     4     2     9
 -5.9184078604722357E-01 a      1110     1     4     2    10
  7.4050553542850422E-02 a      1111     1     4     2    11
 -3.2290434882023145E-01 a      1112     1     4     2    12
  4.0662375108128640E-01 a      1113     1     4     2    13
 -1.4142672355413377E-01 a      1114     1     4     2    14
  7.9094750300500871E-01 a      1115     1     4     2    15
 -6.5284439993943588E-01 a      1116     1     4     2    16
  5.8600662231662359E-01 a      1117     1     4     2    17
 -2.8967155143257428E-01 a      1118     1     4     2    18
  7.4108082489432880E-01 a      1119     1     4     2    19
  2.9290845740308247E-01 a      1120     1     4     2    20
  5.7950095555246817E-01 a      1121     1     5     2     1
  5.3495239410006490E-01 a      1122     1     5     2     2
 -1.9540002763673800E-01 a      1123     1     5     2     3
 -7.8455629889886003E-01 a      1124     1     5     2     4
 -1.7495450681734942E-01 a      1125     1     5     2     5
 -2.1573386697093641E-01 a      1126     1     5     2     6
  4.4368482856148489E-01 a      1127     1     5     2     7
 -1.2715851678362755E-01 a      1128     1     5     2     8
  1.1775552166456424E-01 a      1129     1     5     2     9
 -3.3832648200592735E-01 a      1130     1     5     2    10
  1.1482596141764786E-01 a      1131     1     5     2    11
  4.8764366412011073E-01 a      1132     1     5     2    12
 -1.1569988437328878E-01 a      1133     1     5     2    13
  5.5652858515028414E-01 a      1134     1     5     2    14
 -4.1642497866583383E-01 a      1135     1     5     2    15
 -4.1329303429675929E-01 a      1136     1     5     2    16
  2.8184204432330057E-01 a      1137     1     5     2    17
 -3.3891180760190465E-01 a      1138     1     5     2    18
  1.8950430174152572E-02 a      1139     1     5     2    19
 -1.1933797498214772E-01 a      1140     1     5     2    20
  9.0377097867081382E-02 a      1141     1     6     2     1
 -3.9937681472219727E-01 a      1142     1     6     2     2
  4.8243648208197781E-01 a      1143     1     6     2     3
  2.0808347009736416E-01 a      1144     1     6     2     4
 -6.4540951413239822E-01 a      1145     1     6     2     5
 -4.2117547085345897E-01 a      1146     1     6     2     6
 -2.8874311420550705E-02 a      1147     1     6     2     7
  4.7943501121817894E-01 a      1148     1     6     2     8
 -2.9392377045169205E-01 a      1149     1     6     2     9
  1.3348141284116319E-01 a      1150     1     6     2    10
  1.2852559680371131E-01 a      1151     1     6     2    11
 -2.1486589705310762E-02 a      1152     1     6     2    12
 -6.7775953093727553E-02 a      1153     1     6     2    13
  6.7105832994800579E-02 a      1154     1     6     2    14
  4.2360991249159247E-01 a      1155     1     6     2    15
 -1.1254671452372804E-01 a      1156     1     6     2    16
 -3.3393315861774420E-01 a      1157     1     6     2    17
  4.0715414333662281E-01 a      1158     1     6     2    18
  1.5293962582271475E-01 a      1159     1     6     2    19
 -4.4478016616998467E-01 a      1160     1     6     2    20
  3.2533342926492065E-01 a      1161     1     7     2     1
 -4.5791062418375944E-01 a      1162     1     7     2     2
 -1.2207262572205439E-01 a      1163     1     7     2     3
  1.6435661950638650E-01 a      1164     1     7     2     4
 -5.1513864419775224E-01 a      1165     1     7     2     5
  4.7660807794018933E-01 a      1166     1     7     2     6
 -2.3804354503970776E-01 a      1167     1     7     2     7
  1.7667512645267894E-01 a      1168     1     7     2     8
 -3.1823323974189421E-01 a      1169     1     7     2     9
 -4.8079212714112585E-01 a      1170     1     7     2    10
 -1.4257137189219544E-02 a      1171     1     7     2    11
  2.6666187420545051E-01 a      1172     1     7     2    12
 -1.1233755593047176E-01 a      1173     1     7     2    13
  1.1506568222089222E-02 a      1174     1     7     2    14
  3.2890317285128062E-01 a      1175     1     7     2    15
 -6.2253756563854545E-01 a      1176     1     7     2    16
  1.8621712427477813E-01 a      1177     1     7     2    17
  5.0928121652039327E-01 a      1178     1     7     2    18
 -5.4920486006474989E-01 a      1179     1     7     2    19
  2.1810808737858284E-01 a      1180     1     7     2    20
 -1.0246419560941737E-02 a      1181     1     8     2     1
  3.6753365347637629E-01 a      1182     1     8     2     2
  3.9411297817210161E-01 a      1183     1     8     2     3
  1.0839336934916043E-01 a      1184     1     8     2     4
  3.3425053929756721E-01 a      1185     1     8     2     5
 -6.8242649882485878E-02 a      1186     1     8     2     6
  1.4734787735366375E-01 a      1187     1     8     2     7
 -2.9003998525071642E-02 a      1188     1     8     2     8
  3.6855226958511700E-01 a      1189     1     8     2     9
 -3.7472414946318011E-01 a      1190     1     8     2    10
 -7.1468222408332518E-02 a      1191     1     8     2    11
  3.6493309315473266E-01 a      1192     1     8     2    12
  1.9241751166087572E-02 a      1193     1     8     2    13
  4.9290097738945954E-01 a      1194     1     8     2    14
  5.6387260897951053E-01 a      1195     1     8     2    15
 -2.9506465173581958E-01 a      1196     1     8     2    16
 -1.0010510694715943E-01 a      1197     1     8     2    17
  5.1424535650700265E-01 a      1198     1     8     2    18
 -6.0563570152315016E-01 a      1199     1     8     2    19
 -3.5946003714418423E-01 a      1200     1     8     2    20
 -5.9886051438052139E-02 a      1201     1     9     2     1
 -5.2642915533316559E-01 a      1202     1     9     2     2
 -2.9305475351298499E-01 a      1203     1     9     2     3
 -5.4739441132165212E-01 a      1204     1     9     2     4
 -2.4398132408837012E-02 a      1205     1     9     2     5
  8.7554287519792062E-01 a      1206     1     9     2     6
  2.8520223845303883E-01 a      1207     1     9     2     7
 -5.0660584427355312E-02 a      1208     1     9     2     8
  2.0013279583968765E-01 a      1209     1     9     2     9
 -2.3685046711202737E-01 a      1210     1     9     2    10
 -5.4844772501057493E-01 a      1211     1     9     2    11
 -6.2161476773387714E-01 a      1212     1     9     2    12
 -2.6151120032698871E-01 a      1213     1     9     2    13
  3.7252307549926122E-01 a      1214     1     9     2    14
 -3.1310989082108698E-01 a      1215     1     9     2    15
  4.0103949187561189E-02 a      1216     1     9     2    16
 -3.9996770752779914E-01 a      1217     1     9     2    17
 -4.4214557840199353E-01 a      1218     1     9     2    18
  4.9370060567524167E-02 a      1219     1     9     2    19
 -1.0094978841731807E-02 a      1220     1     9     2    20
  6.9233155800299961E-01 a      1221     1    10     2     1
 -2.4462120103584656E-01 a      1222     1    10     2     2
  6.6737762473602114E-01 a      1223     1    10     2     3
  1.6494835178608905E-01 a      1224     1    10     2     4
 -8.7988341030922942E-02 a      1225     1    10     2     5
  5.6196664554848597E-01 a      1226     1    10     2     6
 -3.0771525674861300E-01 a      1227     1    10     2     7
  3.1036801900316158E-01 a      1228     1    10     2     8
  3.8575589191452053E-01 a      1229     1    10     2     9
  4.5652184427595749E-01 a      1230     1    10     2    10
 -2.9218237295394028E-01 a      1231     1    10     2    11
 -4.3980311955209006E-01 a      1232     1    10     2    12
  5.9348183210035022E-01 a      1233     1    10     2    13
 -5.2700152471003892E-01 a      1234     1    10     2    14
  3.8172269664458858E-01 a      1235     1    10     2    15
 -3.7375584122943561E-01 a      1236     1    10     2    16
  4.4989543285476746E-02 a      1237     1    10     2    17
  2.9655010950178201E-01 a      1238     1    10     2    18
 -5.4570703275334109E-01 a      1239     1    10     2    19
 -1.6409994573385062E-01 a      1240     1    10     2    20
 -4.5290574302007475E-01 a      1241     1    11     2     1
 -1.2932882178499563E-01 a      1242     1    11     2     2
  8.5158269562555733E-02 a      1243     1    11     2     3
  6.7273867679184085E-01 a      1244     1    11     2     4
  5.6056110888414468E-01 a      1245     1    11     2     5
  1.4154599913114646E-01 a      1246     1    11     2     6
  5.3993272972711026E-01 a      1247     1    11     2     7
  1.9013230905782094E-01 a      1248     1    11     2     8
  2.5915988146375463E-01 a      1249     1    11     2     9
  5.4236877479480083E-01 a      1250     1    11     2    10
  5.6002636317182097E-01 a      1251     1    11     2    11
  2.8512537144055111E-03 a      1252     1    11     2    12
 -7.4438549099243345E-01 a      1253     1    11     2    13
 -8.0435935847312179E-02 a      1254     1    11     2    14
  1.7379002465639931E-01 a      1255     1    11     2    15
  5.5683030775012798E-01 a      1256     1    11     2    16
 -4.5103322672298468E-01 a      1257     1    11     2    17
 -1.2208199086656832E-01 a      1258     1    11     2    18
 -5.7631999020785807E-01 a      1259     1    11     2    19
 -2.6256239629060718E-01 a      1260     1    11     2    20
 -2.0319592619626396E-02 a      1261     1    12     2     1
  7.8513801468616717E-01 a      1262     1    12     2     2
  9.3907992224842873E-01 a      1263     1    12     2     3
  3.0304504183715486E-01 a      1264     1    12     2     4
 -2.4894573397910993E-01 a      1265     1    12     2     5
 -2.9800268839846245E-01 a      1266     1    12     2     6
 -1.2364721926379371E-01 a      1267     1    12     2     7
  8.0774839051294423E-01 a      1268     1    12     2     8
 -2.2096944400141830E-01 a      1269     1    12     2     9
  3.4328678066545210E-01 a      1270     1    12     2    10
 -1.1691542166663083E-01 a      1271     1    12     2    11
 -1.1146561209238365E-01 a      1272     1    12     2    12
  1.4248080635273666E-01 a      1273     1    12     2    13
 -3.1325071729827103E-01 a      1274     1    12     2    14
  4.2855383410428544E-01 a      1275     1    12     2    15
 -7.5701579339325520E-01 a      1276     1    12     2    16
  5.7245436366185939E-02 a      1277     1    12     2    17
 -6.3292750952680843E-01 a      1278     1    12     2    18
 -2.6844818897129284E-02 a      1279     1    12     2    19
 -3.5063414239473334E-01 a      1280     1    12     2    20
 -1.8390195231256262E-01 a      1281     1    13     2     1
 -3.6557941734160848E-01 a      1282     1    13     2     2
  2.5292479672772744E-01 a      1283     1    13     2     3
  2.7313221798968262E-01 a      1284     1    13     2     4
  6.4636212836635165E-01 a      1285     1    13     2     5
 -8.2112097994481625E-01 a      1286     1    13     2     6
  4.0096671422859725E-01 a      1287     1    13     2     7
  3.6716129408900738E-01 a      1288     1    13     2     8
  1.3425111158838779E-01 a      1289     1    13     2     9
  7.3025872034066505E-02 a      1290     1    13     2    10
  3.0686873522692937E-01 a      1291     1    13     2    11
 -2.5623642749339104E-01 a      1292     1    13     2    12
 -2.0906209477793128E-01 a      1293     1    13     2    13
 -3.8917258381858133E-01 a      1294     1    13     2    14
 -4.2609609311639658E-02 a      1295     1    13     2    15
 -4.9559209808299870E-01 a      1296     1    13     2    16
  1.6146281708495872E-01 a      1297     1    13     2    17
 -2.0429621908157264E-01 a      1298     1    13     2    18
  2.0319831729992946E-01 a      1299     1    13     2    19
 -5.0759144022706137E-01 a      1300     1    13     2    20
 -3.3951078328214152E-01 a      1301     1    14     2     1
 -4.7975963785969761E-01 a      1302     1    14     2     2
  8.9881811861828609E-01 a      1303     1    14     2     3
 -1.8949263304597577E-01 a      1304     1    14     2     4
  4.0016511499025581E-01 a      1305     1    14     2     5
  2.0513563699330731E-02 a      1306     1    14     2     6
  3.6640065326696103E-01 a      1307     1    14     2     7
  3.2426228613247357E-02 a      1308     1    14     2     8
  2.3976894214778560E-01 a      1309     1    14     2     9
 -1.6580414916723352E-01 a      1310     1    14     2    10
  3.9642306363684748E-01 a      1311     1    14     2    11
 -5.3207530252807433E-01 a      1312     1    14     2    12
 -4.6524185790778660E-01 a      1313     1    14     2    13
 -3.2867687945128393E-01 a      1314     1    14     2    14
  4.4517458852143249E-01 a      1315     1    14     2    15
 -3.8222976261534697E-01 a      1316     1    14     2    16
 -5.2071651798379948E-01 a      1317     1    14     2    17
 -1.8649384672208283E-01 a      1318     1    14     2    18
 -4.2383714148909657E-01 a      1319     1    14     2    19
 -7.7667843982362439E-01 a      1320     1    14     2    20
 -2.8867951267636416E-01 a      1321     1    15     2     1
  6.4570708689618242E-02 a      1322     1    15     2     2
 -7.1948494117781636E-01 a      1323     1    15     2     3
  1.6178653203806379E-01 a      1324     1    15     2     4
 -5.2858425869596426E-01 a      1325     1    15     2     5
  3.4623471317003102E-01 a      1326     1    15     2     6
  6.5106874778885016E-01 a      1327     1    15     2     7
  8.9979634612562243E-01 a      1328     1    15     2     8
 -4.7267638847486232E-01 a      1329     1    15     2     9
  2.5263728711850181E-01 a      1330     1    15     2    10
  4.0244575708206837E-01 a      1331     1    15     2    11
 -3.1593024481161143E-02 a      1332     1    15     2    12
  5.1737046588617530E-01 a      1333     1    15     2    13
  6.1347746183098584E-01 a      1334     1    15     2    14
  1.5961485565265260E-01 a      1335     1    15     2    15
 -5.7943343004970926E-01 a      1336     1    15     2    16
 -3.2772690008583828E-02 a      1337     1    15     2    17
 -5.6609344429936526E-01 a      1338     1    15     2    18
 -2.7254033671485656E-01 a      1339     1    15     2    19
  9.3404173066135932E-01 a      1340     1    15     2    20
 -6.9588179171175213E-01 a      1341     1    16     2     1
  4.6442984343022559E-01 a      1342     1    16     2     2
  3.5117660712983140E-01 a      1343     1    16     2     3
  4.1416251148265742E-01 a      1344     1    16     2     4
  2.0872256356638150E-01 a      1345     1    16     2     5
 -9.2452414583449063E-02 a      1346     1    16     2     6
  5.2166573112131076E-01 a      1347     1    16     2     7
  3.8273546140300374E-01 a      1348     1    16     2     8
  5.5269703099564549E-01 a      1349     1    16     2     9
  3.1307765441788166E-01 a      1350     1    16     2    10
  8.1680054494098236E-02 a      1351     1    16     2    11
 -4.5837096694171409E-01 a      1352     1    16     2    12
 -3.5192582532445849E-01 a      1353     1    16     2    13
 -4.6853837163186668E-01 a      1354     1    16     2    14
 -4.0849950594267526E-01 a      1355     1    16     2    15
  8.2513431106500723E-01 a      1356     1    16     2    16
 -4.6262703849314579E-01 a      1357     1    16     2    17
 -4.9084108720296138E-01 a      1358     1    16     2    18
  2.8598665053777267E-01 a      1359     1    16     2    19
 -3.5820125041777057E-01 a      1360     1    16     2    20
 -1.2632929278790395E-01 a      1361     1    17     2     1
  1.9848871213333921E-01 a      1362     1    17     2     2
  9.6380933221778786E-01 a      1363     1    17     2     3
 -3.5076551241101828E-01 a      1364     1    17     2     4
  4.5953789887658997E-03 a      1365     1    17     2     5
  8.2928448069588934E-01 a      1366     1    17     2     6
 -7.2281210811275998E-01 a      1367     1    17     2     7
  1.7272265550947799E-01 a      1368     1    17     2     8
 -5.7484462687411531E-01 a      1369     1    17     2     9
 -1.8911165702122171E-01 a      1370     1    17     2    10
 -5.9862353344697673E-02 a      1371     1    17     2    11
  3.4949077772779003E-01 a      1372     1    17     2    12
  1.7331906266389727E-01 a      1373     1    17     2    13
 -1.9944606362684411E-01 a      1374     1    17     2    14
  4.7089524330053595E-01 a      1375     1    17     2    15
 -2.3680089531749080E-02 a      1376     1    17     2    16
  5.2263624116275631E-01 a      1377     1    17     2    17
  4.0484703806610722E-01 a      1378     1    17     2    18
 -8.2914391583921632E-01 a      1379     1    17     2    19
  6.1411448721425921E-01 a      1380     1    17     2    20
 -1.8884905814742947E-01 a      1381     1    18     2     1
  3.1541037790312976E-01 a      1382     1    18     2     2
  9.7333332879736140E-02 a      1383     1    18     2     3
  3.5629911408866011E-01 a      1384     1    18     2     4
  2.3052252212232713E-01 a      1385     1    18     2     5
 -5.9962199626807466E-01 a      1386     1    18     2     6
 -1.2914685354886177E-01 a      1387     1    18     2     7
 -5.2479442252047282E-03 a      1388     1    18     2     8
  5.0823808536304527E-01 a      1389     1    18     2     9
  1.2792425402304985E-01 a      1390     1    18     2    10
  3.2840198708273642E-02 a      1391     1    18     2    11
  1.8841243107632108E-01 a      1392     1    18     2    12
 -3.0084963709650070E-01 a      1393     1    18     2    13
 -1.0977997070044039E-01 a      1394     1    18     2    14
 -3.0742529849118616E-01 a      1395     1    18     2    15
  5.1341187381936948E-01 a      1396     1    18     2    16
 -3.2590794271239032E-01 a      1397     1    18     2    17
  3.0744531376863649E-01 a      1398     1    18     2    18
 -8.2459559572409102E-01 a      1399     1    18     2    19
  1.9948381780711552E-01 a      1400     1    18     2    20
  4.3734485728846556E-01 a      1401     1    19     2     1
 -1.4634377247736702E-01 a      1402     1    19     2     2
  2.1866880899293964E-01 a      1403     1    19     2     3
  3.2142917601219972E-01 a      1404     1    19     2     4
  1.3291677233108692E-01 a      1405     1    19     2     5
 -1.4463675282931129E-01 a      1406     1    19     2     6
 -5.1372381572137316E-01 a      1407     1    19     2     7
  8.5867294374286807E-01 a      1408     1    19     2     8
  6.9373418129202280E-02 a      1409     1    19     2     9
  4.8593252809055082E-01 a      1410     1    19     2    10
 -2.8212363978517557E-01 a      1411     1    19     2    11
 -1.5166781013603589E-01 a      1412     1    19     2    12
  5.8327943585803588E-01 a      1413     1    19     2    13
  4.5600691261096338E-01 a      1414     1    19     2    14
 -5.7403314990239040E-01 a      1415     1    19     2    15
  1.3501713534354554E-01 a      1416     1    19     2    16
 -6.7610619721057019E-01 a      1417     1    19     2    17
 -1.9421172843858125E-01 a      1418     1    19     2    18
 -1.1057209938619481E-02 a      1419     1    19     2    19
 -3.0541829919120711E-01 a      1420     1    19     2    20
  6.5794872732285414E-01 a      1421     1    20     2     1
  1.2783668876583301E-01 a      1422     1    20     2     2
 -7.5291543698901786E-02 a      1423     1    20     2     3
 -1.8825038691386445E-01 a      1424     1    20     2     4
  1.0833972044703234E-01 a      1425     1    20     2     5
  1.8050792021746221E-03 a      1426     1    20     2     6
 -2.0435695808358953E-01 a      1427     1    20     2     7
  4.6615931086750789E-01 a      1428     1    20     2     8
  5.9257973742870096E-01 a      1429     1    20     2     9
 -1.7586347862979274E-01 a      1430     1    20     2    10
  6.3055546712309007E-01 a      1431     1    20     2    11
 -6.4446019397591869E-01 a      1432     1    20     2    12
  5.4230656679223321E-01 a      1433     1    20     2    13
 -3.3859476010356521E-01 a      1434     1    20     2    14
 -2.0938258563108619E-01 a      1435     1    20     2    15
  3.4783595150483759E-01 a      1436     1    20     2    16
  8.1410970294380755E-02 a      1437     1    20     2    17
  2.6514149721090569E-01 a      1438     1    20     2    18
 -9.9737905045619177E-02 a      1439     1    20     2    19
  1.9774581100084115E-01 a      1440     1    20     2    20
 -1.1946765114355586E+00 b      1441     2     1
 -7.0582795234622497E-01 b      1442     2     2
 -1.1022545224614972E+00 b      1443     2     3
  1.7678828984194856E+00 b      1444     2     4
  5.8274140491265614E-01 b      1445     2     5
  6.0553267887913087E-01 b      1446     2     6
 -2.0640602551232226E-01 b      1447     2     7
 -7.3337506600891933E-01 b      1448     2     8
  1.6418556008792273E+00 b      1449     2     9
  7.7906458882458485E-01 b      1450     2    10
  1.3479395802161027E+00 b      1451     2    11
 -1.0976022200640654E+00 b      1452     2    12
 -1.3774689621912077E+00 b      1453     2    13
 -1.4719906874794964E+00 b      1454     2    14
  1.1946757350440871E+00 b      1455     2    15
 -7.7028743236997099E-02 b      1456     2    16
 -9.2417914310603755E-01 b      1457     2    17
  1.6455494403642883E+00 b      1458     2    18
  3.0609289035880505E-01 b      1459     2    19
  1.0812563504226069E+00 b      1460     2    20
 -1.4065987717626167E+00 a      1461     2     1     3     1
 -1.4660281406148010E+00 a      1462     2     2     3     1
  1.1854680552832293E-01 a      1463     2     3     3     1
  2.6018621632354191E+00 a      1464     2     4     3     1
  2.3730793213261339E+00 a      1465     2     5     3     1
 -2.1013088811850356E-01 a      1466     2     6     3     1
 -9.2983594677352932E-01 a      1467     2     7     3     1
  1.0207660311927924E-01 a      1468     2     8     3     1
  2.2379842658101285E+00 a      1469     2     9     3     1
  1.0277155137524057E+00 a      1470     2    10     3     1
  1.3921050329204272E+00 a      1471     2    11     3     1
 -2.2249656543474403E+00 a      1472     2    12     3     1
 -1.2758614329670537E+00 a      1473     2    13     3     1
 -1.3684774347881246E+00 a      1474     2    14     3     1
 -8.1915914832038417E-01 a      1475     2    15     3     1
  8.1501319200513767E-01 a      1476     2    16     3     1
 -1.9504768213684818E+00 a      1477     2    17     3     1
  1.6742105969804013E+00 a      1478     2    18     3     1
 -1.3016271071909558E-01 a      1479     2    19     3     1
 -1.2125633495094962E-01 a      1480     2    20     3     1
  1.6236636349021252E+00 b      1481     3     1
