################################################################################
# Neural network connection values (weights and biases).
################################################################################
# Col  Name       Description
################################################################################
# 1    connection Neural network connection value.
# 2    t          Connection type (a = weight, b = bias).
# 3    index      Index enumerating weights.
# 4    l_s        Starting point layer (end point layer for biases).
# 5    n_s        Starting point neuron in starting layer (end point neuron for biases).
# 6    l_e        End point layer.
# 7    n_e        End point neuron in end layer.
################################################################################
#                      1 2         3     4     5     6     7
#             connection t     index   l_s   n_s   l_e   n_e
############################################################
 -3.9749370741757523E-02 a         1     0     1     1     1
 -8.3752338213526831E-02 a         2     0     1     1     2
  2.2410679915924742E-01 a         3     0     1     1     3
  2.8162307527968411E-01 a         4     0     1     1     4
  2.1247313828626194E-01 a         5     0     1     1     5
  4.1866381671269387E-01 a         6     0     1     1     6
  4.3893405560404991E-01 a         7     0     1     1     7
  6.2191982404383550E-01 a         8     0     1     1     8
  1.2155785042673343E-02 a         9     0     1     1     9
  3.0202423627517722E-01 a        10     0     1     1    10
 -6.1501047039930784E-02 a        11     0     1     1    11
 -2.4481553835665720E-01 a        12     0     1     1    12
  7.8907932015700899E-02 a        13     0     1     1    13
  2.8651350858418306E-01 a        14     0     1     1    14
 -1.1530463873386042E-01 a        15     0     1     1    15
 -1.5555424331616144E-01 a        16     0     1     1    16
  1.8875044229106847E-01 a        17     0     1     1    17
  3.9417647870668870E-01 a        18     0     1     1    18
 -2.0936189240037778E-01 a        19     0     1     1    19
 -6.2550820016875675E-01 a        20     0     1     1    20
  6.6042763208898495E-03 a        21     0     2     1     1
  4.1356411484227480E-02 a        22     0     2     1     2
 -1.1987092293137663E-01 a        23     0     2     1     3
 -3.2510204840799244E-02 a        24     0     2     1     4
 -3.7862443621646230E-02 a        25     0     2     1     5
  2.3276607675068239E-01 a        26     0     2     1     6
  3.3764056065688342E-01 a        27     0     2     1     7
  2.3518025677210813E-01 a        28     0     2     1     8
 -1.5141372243341883E-01 a        29     0     2     1     9
  3.2892402808941323E-03 a        30     0     2     1    10
  2.2771981893283066E-01 a        31     0     2     1    11
  1.6908383012434172E-01 a        32     0     2     1    12
  1.3797199482977218E-01 a        33     0     2     1    13
 -1.4064219739695760E-01 a        34     0     2     1    14
 -1.5869674170403192E-01 a        35     0     2     1    15
  3.7087156210852917E-01 a        36     0     2     1    16
  5.2934223156174876E-01 a        37     0     2     1    17
  1.9194611338479214E-01 a        38     0     2     1    18
  3.8200114140388058E-01 a        39     0     2     1    19
 -1.1906851015915722E-01 a        40     0     2     1    20
  1.2114966760758017E-01 a        41     0     3     1     1
 -9.2327645737259989E-02 a        42     0     3     1     2
  2.4736566604673371E-01 a        43     0     3     1     3
 -2.1515075664220515E-01 a        44     0     3     1     4
  8.1297502337119271E-02 a        45     0     3     1     5
  4.3617745335590014E-02 a        46     0     3     1     6
 -6.4342658289351165E-02 a        47     0     3     1     7
 -8.9693856300849945E-02 a        48     0     3     1     8
  2.3298428436245844E-01 a        49     0     3     1     9
 -1.7884910156477632E-01 a        50     0     3     1    10
 -2.6995933509733822E-01 a        51     0     3     1    11
  1.2642067266444129E-01 a        52     0     3     1    12
 -6.1346185029159381E-02 a        53     0     3     1    13
  1.9781684183749557E-01 a        54     0     3     1    14
  1.4715051290596709E-01 a        55     0     3     1    15
 -1.6284861879688184E-01 a        56     0     3     1    16
  5.7747622208456147E-02 a        57     0     3     1    17
 -2.2222225755310392E-02 a        58     0     3     1    18
 -1.6377674240719631E-01 a        59     0     3     1    19
  1.3187778502778241E-01 a        60     0     3     1    20
  2.2714047587494329E-01 a        61     0     4     1     1
  3.3974853642694558E-01 a        62     0     4     1     2
  3.9861489202315603E-01 a        63     0     4     1     3
 -1.4872926623128951E-01 a        64     0     4     1     4
 -3.0584465329580612E-01 a        65     0     4     1     5
  3.3766163016944534E-01 a        66     0     4     1     6
 -7.5321242443563330E-01 a        67     0     4     1     7
 -4.8579821801533507E-01 a        68     0     4     1     8
 -8.2774927874914819E-02 a        69     0     4     1     9
 -5.0851296624809139E-01 a        70     0     4     1    10
  2.9100658256322615E-01 a        71     0     4     1    11
  1.1079883209097413E-01 a        72     0     4     1    12
 -1.3242540762045751E-01 a        73     0     4     1    13
  1.3647552391047627E-01 a        74     0     4     1    14
 -1.4625610926799046E-01 a        75     0     4     1    15
  6.0643919741167271E-02 a        76     0     4     1    16
  6.3432679749128418E-01 a        77     0     4     1    17
 -1.9481886292049075E-01 a        78     0     4     1    18
 -2.7567703180484854E-01 a        79     0     4     1    19
  2.8616481006498029E-01 a        80     0     4     1    20
 -1.8854858550608347E-01 a        81     0     5     1     1
 -1.9108944265297095E-01 a        82     0     5     1     2
  1.2149625560299901E-01 a        83     0     5     1     3
  4.3487653013209632E-01 a        84     0     5     1     4
  4.2764955273526745E-01 a        85     0     5     1     5
  2.7530120037706540E-01 a        86     0     5     1     6
  3.4957675586823211E-01 a        87     0     5     1     7
 -1.2747546587657760E-01 a        88     0     5     1     8
 -4.6668922846573080E-01 a        89     0     5     1     9
 -9.5168455090171480E-02 a        90     0     5     1    10
  2.1842200508449169E-01 a        91     0     5     1    11
 -7.6042854643764562E-02 a        92     0     5     1    12
  3.8544752357903181E-02 a        93     0     5     1    13
 -1.9067404337699959E-01 a        94     0     5     1    14
 -2.7902319308410750E-01 a        95     0     5     1    15
 -3.3182490004149984E-01 a        96     0     5     1    16
 -1.3430981442796863E-01 a        97     0     5     1    17
  1.5451375992713590E-01 a        98     0     5     1    18
  3.9844771958745395E-01 a        99     0     5     1    19
 -1.1028590381776428E-01 a       100     0     5     1    20
 -1.6458213435755056E-01 a       101     0     6     1     1
 -4.1075678364611545E-01 a       102     0     6     1     2
 -3.5111658190880385E-02 a       103     0     6     1     3
 -2.1193984901700783E-01 a       104     0     6     1     4
  6.1046713229382565E-01 a       105     0     6     1     5
 -1.3190017208793059E-01 a       106     0     6     1     6
 -7.6606677475936813E-01 a       107     0     6     1     7
 -8.8665499646921178E-02 a       108     0     6     1     8
  7.1205033969255940E-02 a       109     0     6     1     9
  1.9372172952985930E-01 a       110     0     6     1    10
  2.9717486081369798E-02 a       111     0     6     1    11
  8.4859810858045628E-02 a       112     0     6     1    12
  5.9772865786082552E-01 a       113     0     6     1    13
  1.0788719827462989E-01 a       114     0     6     1    14
  5.7410237597832085E-02 a       115     0     6     1    15
  2.2002133038575733E-01 a       116     0     6     1    16
 -7.2626970118844086E-02 a       117     0     6     1    17
  4.9803074138615255E-01 a       118     0     6     1    18
  2.7262547143144328E-01 a       119     0     6     1    19
  6.0145537842744279E-01 a       120     0     6     1    20
  1.3322680746749985E-01 a       121     0     7     1     1
  3.6024510407013138E-01 a       122     0     7     1     2
 -5.6544102848027655E-01 a       123     0     7     1     3
  2.8140265300217648E-01 a       124     0     7     1     4
 -3.6568328461734612E-01 a       125     0     7     1     5
 -1.0425800050585539E-01 a       126     0     7     1     6
  4.3822395291300131E-01 a       127     0     7     1     7
  4.1362612124161069E-01 a       128     0     7     1     8
  4.0664601150751195E-01 a       129     0     7     1     9
 -4.2834923469970809E-01 a       130     0     7     1    10
 -1.7459990922211108E-01 a       131     0     7     1    11
 -2.1113167227405638E-01 a       132     0     7     1    12
  3.8138307890972979E-02 a       133     0     7     1    13
  3.3384423180099526E-01 a       134     0     7     1    14
  8.6216129024785160E-01 a       135     0     7     1    15
 -1.2525794969876697E-01 a       136     0     7     1    16
  3.7987799198667221E-01 a       137     0     7     1    17
 -2.8490338148902433E-02 a       138     0     7     1    18
  2.9251071191763851E-02 a       139     0     7     1    19
 -1.6865507980845784E-01 a       140     0     7     1    20
 -1.2341651735908676E-01 a       141     0     8     1     1
 -1.5501590760727921E-01 a       142     0     8     1     2
  2.7333150301800119E-01 a       143     0     8     1     3
 -4.9373488403597132E-01 a       144     0     8     1     4
 -3.0820263735017300E-01 a       145     0     8     1     5
  8.1116784144185855E-02 a       146     0     8     1     6
 -3.5032117839707178E-01 a       147     0     8     1     7
  1.2754201817274288E-01 a       148     0     8     1     8
 -1.6318353289718535E-01 a       149     0     8     1     9
  7.1591905989386959E-02 a       150     0     8     1    10
  1.9430591568893887E-01 a       151     0     8     1    11
 -8.9506693827778074E-03 a       152     0     8     1    12
 -1.0081024354952720E-01 a       153     0     8     1    13
 -1.5597487686982456E-01 a       154     0     8     1    14
  1.8236051049908916E-01 a       155     0     8     1    15
  7.0328493674299206E-02 a       156     0     8     1    16
 -4.0118635138293925E-02 a       157     0     8     1    17
 -1.5563201008359751E-01 a       158     0     8     1    18
  1.4026287515689890E-02 a       159     0     8     1    19
  1.9758503901470290E-01 a       160     0     8     1    20
  8.6083061785614479E-02 a       161     0     9     1     1
  6.7196821672705437E-02 a       162     0     9     1     2
  1.5333028864396250E-01 a       163     0     9     1     3
 -3.7622402928048537E-01 a       164     0     9     1     4
 -6.6299964666801636E-01 a       165     0     9     1     5
 -5.7979237732825251E-01 a       166     0     9     1     6
 -2.0532779698237760E+00 a       167     0     9     1     7
 -7.2329146019281448E-02 a       168     0     9     1     8
  2.5260507301154389E-01 a       169     0     9     1     9
 -2.4661601141743750E-01 a       170     0     9     1    10
  6.0332180899005305E-01 a       171     0     9     1    11
  3.2992800973165820E-01 a       172     0     9     1    12
  1.2010592146685275E+00 a       173     0     9     1    13
  4.8343522527576999E-01 a       174     0     9     1    14
 -9.2405732785907427E-02 a       175     0     9     1    15
  4.5442102740201232E-02 a       176     0     9     1    16
  1.4687499946950996E-01 a       177     0     9     1    17
  2.9421324053279158E-01 a       178     0     9     1    18
  1.8331422209474332E-01 a       179     0     9     1    19
 -1.0035143264572176E-01 a       180     0     9     1    20
  4.6210416298939810E-01 a       181     0    10     1     1
  3.4586284467678355E-03 a       182     0    10     1     2
  3.9974955955087481E-02 a       183     0    10     1     3
 -3.7559044351011966E-01 a       184     0    10     1     4
  1.1453083864164113E+00 a       185     0    10     1     5
  6.1056224929591651E-01 a       186     0    10     1     6
  2.5494158087225132E+00 a       187     0    10     1     7
 -7.3814792728619050E-01 a       188     0    10     1     8
 -1.8134283901577203E-01 a       189     0    10     1     9
  4.3849437979317990E-01 a       190     0    10     1    10
 -1.4543700655465647E-01 a       191     0    10     1    11
 -2.6353657479034104E-01 a       192     0    10     1    12
 -1.3258232557269756E+00 a       193     0    10     1    13
 -1.5738278715185627E-01 a       194     0    10     1    14
 -3.4915757293208813E-03 a       195     0    10     1    15
  7.3411996503776143E-03 a       196     0    10     1    16
  8.6296563459976758E-02 a       197     0    10     1    17
 -2.5434219461820684E-01 a       198     0    10     1    18
  9.3811880456909150E-02 a       199     0    10     1    19
 -3.4830817418386445E-01 a       200     0    10     1    20
 -2.9602473416671971E-01 a       201     0    11     1     1
  2.3663098327776541E-01 a       202     0    11     1     2
  1.1968560868093174E-01 a       203     0    11     1     3
 -3.7719671669771700E-02 a       204     0    11     1     4
  3.4421352761443119E-01 a       205     0    11     1     5
 -6.6690220321058569E-01 a       206     0    11     1     6
  2.2525813314973978E-01 a       207     0    11     1     7
  3.5834078890441663E-02 a       208     0    11     1     8
  2.5977394367318057E-01 a       209     0    11     1     9
 -4.9518407136942874E-02 a       210     0    11     1    10
  5.0919449642951886E-01 a       211     0    11     1    11
 -3.0143854874771736E-01 a       212     0    11     1    12
 -6.3592064831957995E-01 a       213     0    11     1    13
 -2.1802486195331147E-01 a       214     0    11     1    14
  4.8017416764946957E-01 a       215     0    11     1    15
 -3.0907292162696259E-01 a       216     0    11     1    16
 -6.6983055572999806E-01 a       217     0    11     1    17
  8.2312686112838720E-02 a       218     0    11     1    18
 -1.0822128500137901E-01 a       219     0    11     1    19
  1.8320774407870996E-01 a       220     0    11     1    20
  2.6496206710964332E-01 a       221     0    12     1     1
  1.4635375961782088E-01 a       222     0    12     1     2
  5.2295110523008490E-02 a       223     0    12     1     3
  3.5148320049288462E-01 a       224     0    12     1     4
 -4.7885573765089728E-01 a       225     0    12     1     5
 -2.0026044437064858E-01 a       226     0    12     1     6
 -1.3659464085279875E+00 a       227     0    12     1     7
  3.4179371656814388E-02 a       228     0    12     1     8
 -6.3960192714258179E-01 a       229     0    12     1     9
  1.3483678708093748E-02 a       230     0    12     1    10
 -2.1364815399012510E-01 a       231     0    12     1    11
  4.0993308266847062E-01 a       232     0    12     1    12
  4.7961408006481437E-01 a       233     0    12     1    13
  1.7233983021592889E-01 a       234     0    12     1    14
  2.7479738549306082E-01 a       235     0    12     1    15
 -1.3694425560281284E-01 a       236     0    12     1    16
  1.7715528532029456E-01 a       237     0    12     1    17
  4.1203014428328133E-02 a       238     0    12     1    18
 -6.2376685606847899E-02 a       239     0    12     1    19
  1.5465960658188269E-01 a       240     0    12     1    20
 -4.0209714697003412E-01 a       241     0    13     1     1
  2.1403488228561914E-02 a       242     0    13     1     2
 -2.0513730503418129E-01 a       243     0    13     1     3
  9.5261551951191445E-02 a       244     0    13     1     4
  4.3665741832128330E-01 a       245     0    13     1     5
 -3.7372153295778726E-01 a       246     0    13     1     6
  5.2224795834520521E-01 a       247     0    13     1     7
 -5.8980921427810062E-01 a       248     0    13     1     8
  1.5189046768666481E-02 a       249     0    13     1     9
 -1.1307478475767437E-01 a       250     0    13     1    10
 -9.8296096179610659E-02 a       251     0    13     1    11
 -6.0512318507809459E-01 a       252     0    13     1    12
 -1.3761624522359159E-01 a       253     0    13     1    13
  8.7434335314411880E-03 a       254     0    13     1    14
  2.4185693273003508E-01 a       255     0    13     1    15
  3.8451306003032942E-01 a       256     0    13     1    16
 -6.6260993742267493E-01 a       257     0    13     1    17
 -2.6463265631226929E-01 a       258     0    13     1    18
 -2.4267005288683610E-01 a       259     0    13     1    19
  1.0294202174441310E-01 a       260     0    13     1    20
 -1.2668026992802137E-01 a       261     0    14     1     1
  2.1970506320536237E-01 a       262     0    14     1     2
 -4.0209389932053308E-01 a       263     0    14     1     3
  5.7950497288133851E-01 a       264     0    14     1     4
 -6.8455058259977541E-01 a       265     0    14     1     5
  2.1695633235175770E-02 a       266     0    14     1     6
 -8.4240806303105198E-01 a       267     0    14     1     7
  6.5312244021253282E-02 a       268     0    14     1     8
  5.8694861701880185E-01 a       269     0    14     1     9
  1.8124563312805381E-01 a       270     0    14     1    10
  2.5424691310012615E-01 a       271     0    14     1    11
  1.2158145186570020E-01 a       272     0    14     1    12
  4.0120818893706683E-01 a       273     0    14     1    13
 -8.6688037108306359E-02 a       274     0    14     1    14
  3.5556437185055528E-01 a       275     0    14     1    15
  1.5748883682965623E-01 a       276     0    14     1    16
  5.2054122739697846E-02 a       277     0    14     1    17
  6.6809538783633904E-01 a       278     0    14     1    18
  5.8146187008261616E-03 a       279     0    14     1    19
 -1.4978437971114134E-01 a       280     0    14     1    20
  1.2257413342437136E-01 a       281     0    15     1     1
  1.2382460324442801E-01 a       282     0    15     1     2
 -8.6641485083834763E-02 a       283     0    15     1     3
  2.5873529656371297E-01 a       284     0    15     1     4
  4.6881880672721893E-02 a       285     0    15     1     5
 -1.6564790747344910E-01 a       286     0    15     1     6
  1.0434392380671453E-01 a       287     0    15     1     7
 -9.5759717220564297E-02 a       288     0    15     1     8
  5.8815599435804888E-02 a       289     0    15     1     9
  1.0763772765403232E-01 a       290     0    15     1    10
 -1.0902108613170308E-01 a       291     0    15     1    11
  6.2037730528994209E-02 a       292     0    15     1    12
 -4.2356045365498540E-01 a       293     0    15     1    13
 -4.0751956933215733E-01 a       294     0    15     1    14
  2.2076651950706622E-01 a       295     0    15     1    15
  2.3661416248140557E-01 a       296     0    15     1    16
 -7.5979236374442809E-03 a       297     0    15     1    17
  2.6744991662920686E-01 a       298     0    15     1    18
 -6.9144818820306306E-02 a       299     0    15     1    19
  9.0245322778807008E-02 a       300     0    15     1    20
  5.0489853922919083E-02 a       301     0    16     1     1
 -2.8080752423992683E-01 a       302     0    16     1     2
 -3.1646403952096530E-01 a       303     0    16     1     3
  3.5046587405696406E-01 a       304     0    16     1     4
 -1.9708778589594175E-01 a       305     0    16     1     5
 -5.6091277828421171E-01 a       306     0    16     1     6
 -5.4669378874213304E-01 a       307     0    16     1     7
 -2.5785124401799497E-01 a       308     0    16     1     8
 -3.1750005355108596E-01 a       309     0    16     1     9
  1.4281351304181661E-01 a       310     0    16     1    10
  1.9633001021615812E-01 a       311     0    16     1    11
  3.8462343200848642E-01 a       312     0    16     1    12
  5.9778177877433070E-01 a       313     0    16     1    13
  3.2172748441441834E-01 a       314     0    16     1    14
  5.6008478834775791E-02 a       315     0    16     1    15
 -6.4520827910220527E-02 a       316     0    16     1    16
 -9.6577244182961736E-02 a       317     0    16     1    17
 -3.0882274949117389E-01 a       318     0    16     1    18
 -3.5935004880818361E-01 a       319     0    16     1    19
 -3.3463526056484727E-02 a       320     0    16     1    20
 -4.1992551097261066E-01 a       321     0    17     1     1
  2.5986798446909576E-01 a       322     0    17     1     2
  1.9719736316927072E-01 a       323     0    17     1     3
  4.5361415911118141E-01 a       324     0    17     1     4
  6.8499673699541508E-01 a       325     0    17     1     5
 -6.9233441391840012E-02 a       326     0    17     1     6
  7.8542935783830037E-01 a       327     0    17     1     7
 -5.6591527967628419E-01 a       328     0    17     1     8
  9.4302235574613669E-01 a       329     0    17     1     9
  4.2109615412295786E-03 a       330     0    17     1    10
  1.5220674925619562E-01 a       331     0    17     1    11
 -3.5503850446907415E-01 a       332     0    17     1    12
 -4.8108286998529248E-01 a       333     0    17     1    13
  1.5838089517140050E-01 a       334     0    17     1    14
 -3.3238387013212189E-01 a       335     0    17     1    15
  1.6529432955702525E-01 a       336     0    17     1    16
 -2.4089027180669857E-02 a       337     0    17     1    17
  2.1985364129565943E-01 a       338     0    17     1    18
  1.9490773838635545E-03 a       339     0    17     1    19
  2.3033509549111819E-02 a       340     0    17     1    20
  2.0996212986569096E-01 a       341     0    18     1     1
  9.6212201652018409E-02 a       342     0    18     1     2
  1.9260479579603965E-01 a       343     0    18     1     3
 -8.3897797025012169E-02 a       344     0    18     1     4
 -9.6281999093606394E-02 a       345     0    18     1     5
  1.1375070722105632E-01 a       346     0    18     1     6
 -1.1069982979464941E+00 a       347     0    18     1     7
 -4.6998254999271183E-01 a       348     0    18     1     8
 -6.7849094173010482E-01 a       349     0    18     1     9
 -2.9265117438267396E-01 a       350     0    18     1    10
 -4.1027538048740153E-01 a       351     0    18     1    11
  4.7488943303013492E-01 a       352     0    18     1    12
  3.8713151335727386E-01 a       353     0    18     1    13
  9.0102625148424806E-02 a       354     0    18     1    14
  2.8641065948666389E-01 a       355     0    18     1    15
 -2.2996379797956873E-01 a       356     0    18     1    16
  3.1428992010192197E-01 a       357     0    18     1    17
  1.4317176120191250E-01 a       358     0    18     1    18
 -7.2400864142356719E-02 a       359     0    18     1    19
 -1.2906476778925077E-01 a       360     0    18     1    20
 -4.8464220546641394E-02 a       361     0    19     1     1
 -3.7882357286221946E-01 a       362     0    19     1     2
  6.2643308431765077E-01 a       363     0    19     1     3
 -3.5217700567485832E-01 a       364     0    19     1     4
  5.5843943369350257E-01 a       365     0    19     1     5
  2.1486829689328293E-01 a       366     0    19     1     6
 -1.9380157337962961E-01 a       367     0    19     1     7
 -1.6965275843829983E-01 a       368     0    19     1     8
  1.7720275023981161E-01 a       369     0    19     1     9
 -1.6926573836178527E-01 a       370     0    19     1    10
 -1.9698368392402535E-02 a       371     0    19     1    11
  1.4160244744986217E-01 a       372     0    19     1    12
 -2.8869583748339817E-01 a       373     0    19     1    13
  6.6247061083299946E-02 a       374     0    19     1    14
  1.7407347154018332E-01 a       375     0    19     1    15
 -2.0704876588610241E-01 a       376     0    19     1    16
 -4.6711566031873403E-01 a       377     0    19     1    17
 -2.6676424118184555E-01 a       378     0    19     1    18
  2.6092665936222897E-01 a       379     0    19     1    19
  2.1580119025355077E-01 a       380     0    19     1    20
 -2.2203797219424649E-02 a       381     0    20     1     1
  1.4218079763620003E-01 a       382     0    20     1     2
 -6.0833856785937757E-01 a       383     0    20     1     3
 -2.5815767798649671E-02 a       384     0    20     1     4
 -4.3644849552139292E-02 a       385     0    20     1     5
 -2.1013413177139378E-01 a       386     0    20     1     6
 -6.1227848568597192E-02 a       387     0    20     1     7
 -3.1795508435625081E-01 a       388     0    20     1     8
  3.3770454483213218E-02 a       389     0    20     1     9
  2.7144528126100442E-01 a       390     0    20     1    10
  2.8057579270776617E-01 a       391     0    20     1    11
 -1.8508017815934955E-01 a       392     0    20     1    12
 -2.8491684985962212E-01 a       393     0    20     1    13
 -7.5397693150736383E-02 a       394     0    20     1    14
  9.2127866545333281E-02 a       395     0    20     1    15
 -8.7397304663562939E-04 a       396     0    20     1    16
 -1.0248029166279454E-01 a       397     0    20     1    17
  7.8889888635932774E-04 a       398     0    20     1    18
  1.5823407460743757E-01 a       399     0    20     1    19
 -7.3355984957340553E-02 a       400     0    20     1    20
 -1.5429956992614152E-01 a       401     0    21     1     1
 -5.2807868952183767E-01 a       402     0    21     1     2
 -2.7057101528209804E-01 a       403     0    21     1     3
  1.6153762030807811E-01 a       404     0    21     1     4
  3.1629056638426772E-01 a       405     0    21     1     5
 -1.1313811032386600E-01 a       406     0    21     1     6
 -4.0539280616175905E-01 a       407     0    21     1     7
 -1.3805203568355945E-01 a       408     0    21     1     8
 -3.8351938309110112E-01 a       409     0    21     1     9
  2.6690678995998945E-01 a       410     0    21     1    10
  9.1846254142520428E-02 a       411     0    21     1    11
  4.6921467906108300E-01 a       412     0    21     1    12
  1.6350610917285494E-01 a       413     0    21     1    13
 -2.6832949097015238E-02 a       414     0    21     1    14
  2.9082457862478028E-01 a       415     0    21     1    15
 -9.3172920802822592E-02 a       416     0    21     1    16
 -2.0289277741872186E-01 a       417     0    21     1    17
  2.5101969002001512E-01 a       418     0    21     1    18
 -3.2296634255024020E-01 a       419     0    21     1    19
 -2.3085725018243880E-02 a       420     0    21     1    20
  7.0704239279998318E-02 a       421     0    22     1     1
  1.5516440312226101E-01 a       422     0    22     1     2
 -6.6166580647189846E-02 a       423     0    22     1     3
  8.1540732759631462E-01 a       424     0    22     1     4
  1.6109379328773527E-01 a       425     0    22     1     5
  6.4564381124660411E-02 a       426     0    22     1     6
  8.1299321854208062E-01 a       427     0    22     1     7
 -2.6845395418720136E-01 a       428     0    22     1     8
  3.8170349223468980E-01 a       429     0    22     1     9
  2.3480371076527082E-01 a       430     0    22     1    10
 -4.9943523543543222E-01 a       431     0    22     1    11
  1.6441696188535374E-02 a       432     0    22     1    12
 -1.0117556390315043E-01 a       433     0    22     1    13
 -3.0371207059333233E-01 a       434     0    22     1    14
  4.3842942419238480E-02 a       435     0    22     1    15
 -1.7409680922544524E-01 a       436     0    22     1    16
 -4.4234677783633242E-01 a       437     0    22     1    17
 -4.9652066042540705E-01 a       438     0    22     1    18
 -3.1965908026473883E-01 a       439     0    22     1    19
 -2.3696959405063897E-01 a       440     0    22     1    20
 -7.0545818567928770E-02 a       441     0    23     1     1
  1.3304357742941364E-01 a       442     0    23     1     2
  5.2653448145933013E-01 a       443     0    23     1     3
 -5.0851501543760880E-01 a       444     0    23     1     4
 -3.8450818710747459E-01 a       445     0    23     1     5
 -7.1739232383234985E-01 a       446     0    23     1     6
 -3.6472607971856758E-01 a       447     0    23     1     7
  3.9257569014010529E-01 a       448     0    23     1     8
 -2.6883974812535627E-01 a       449     0    23     1     9
 -2.4034600240689180E-01 a       450     0    23     1    10
  2.6253436539825331E-01 a       451     0    23     1    11
  7.8050139182219286E-02 a       452     0    23     1    12
  1.1683608181890530E-01 a       453     0    23     1    13
  1.2618708767470715E-01 a       454     0    23     1    14
  3.6344676453278402E-01 a       455     0    23     1    15
  2.0534727685449147E-01 a       456     0    23     1    16
 -2.5684677249112214E-01 a       457     0    23     1    17
 -2.5260839896306098E-01 a       458     0    23     1    18
  5.7808846304393854E-02 a       459     0    23     1    19
 -1.7035801451954730E-02 a       460     0    23     1    20
 -3.4520450911359296E-01 a       461     0    24     1     1
  7.2034854850782856E-02 a       462     0    24     1     2
 -1.4404454092786143E-01 a       463     0    24     1     3
  1.4793032113972951E-01 a       464     0    24     1     4
 -6.9194376902138949E-02 a       465     0    24     1     5
 -3.1005802752754769E-01 a       466     0    24     1     6
  2.6371146935453982E-01 a       467     0    24     1     7
  1.5303577276467434E-01 a       468     0    24     1     8
 -3.0289751227714995E-01 a       469     0    24     1     9
 -2.3578423642680502E-01 a       470     0    24     1    10
  2.4220603550130881E-01 a       471     0    24     1    11
  1.9290145724123925E-01 a       472     0    24     1    12
  1.1495416542936814E-01 a       473     0    24     1    13
 -6.6515691012457676E-02 a       474     0    24     1    14
  2.1161824157113679E-01 a       475     0    24     1    15
  9.5296387610988909E-02 a       476     0    24     1    16
  2.2523254238031856E-01 a       477     0    24     1    17
 -4.5076497692816986E-01 a       478     0    24     1    18
  2.6511419146123566E-01 a       479     0    24     1    19
  4.3054742806207476E-02 a       480     0    24     1    20
  8.9553480654034085E-03 a       481     0    25     1     1
 -2.5752072862499305E-02 a       482     0    25     1     2
  3.7695995055342923E-01 a       483     0    25     1     3
 -3.2138524290934634E-01 a       484     0    25     1     4
  8.8779542598569827E-01 a       485     0    25     1     5
 -2.1378078696417277E-01 a       486     0    25     1     6
 -4.2385584651393654E-01 a       487     0    25     1     7
 -2.1554129216104390E-01 a       488     0    25     1     8
 -2.5811595854524149E-02 a       489     0    25     1     9
  5.5535860187296926E-01 a       490     0    25     1    10
 -3.2263422337954356E-01 a       491     0    25     1    11
 -1.4856992890882850E-01 a       492     0    25     1    12
 -2.5557026595157217E-01 a       493     0    25     1    13
 -2.1732287473656803E-01 a       494     0    25     1    14
 -7.2902042781474163E-01 a       495     0    25     1    15
  1.4960043532260056E-01 a       496     0    25     1    16
 -1.0366608568122568E+00 a       497     0    25     1    17
  4.3717261103087918E-01 a       498     0    25     1    18
  2.9518383764820505E-01 a       499     0    25     1    19
  3.5456882203027767E-01 a       500     0    25     1    20
  4.4439046515197186E-02 a       501     0    26     1     1
  6.8846761253328712E-02 a       502     0    26     1     2
  1.0555631545479713E-01 a       503     0    26     1     3
 -2.0054641424338016E-01 a       504     0    26     1     4
  2.7705401055447040E-02 a       505     0    26     1     5
  2.1316327337947361E-01 a       506     0    26     1     6
 -5.2860312713770797E-03 a       507     0    26     1     7
  1.5577214917728291E-01 a       508     0    26     1     8
  2.1612661725050467E-01 a       509     0    26     1     9
  4.4313680762218582E-01 a       510     0    26     1    10
 -2.1646181950533452E-01 a       511     0    26     1    11
 -1.8906531354017503E-01 a       512     0    26     1    12
  7.4144412369046953E-02 a       513     0    26     1    13
 -1.9511786768919545E-01 a       514     0    26     1    14
 -4.2285476932386290E-01 a       515     0    26     1    15
  1.2509442115251285E-01 a       516     0    26     1    16
  1.6805543495339251E-02 a       517     0    26     1    17
  3.9688255748246976E-01 a       518     0    26     1    18
 -3.1906615215546530E-01 a       519     0    26     1    19
 -1.5168615712662159E-01 a       520     0    26     1    20
 -1.6315639132570689E-01 a       521     0    27     1     1
  8.2250917726726380E-02 a       522     0    27     1     2
  1.4003430192830338E-01 a       523     0    27     1     3
  5.0243573663022667E-01 a       524     0    27     1     4
 -4.2014640470503084E-01 a       525     0    27     1     5
 -1.1199870560116723E-01 a       526     0    27     1     6
  5.1406071962488509E-01 a       527     0    27     1     7
 -1.0194226554625098E-01 a       528     0    27     1     8
 -4.0242344745488781E-02 a       529     0    27     1     9
 -2.4326506346099921E-01 a       530     0    27     1    10
  4.5226777356644009E-02 a       531     0    27     1    11
  7.0450936095141370E-01 a       532     0    27     1    12
  6.1582140142284351E-02 a       533     0    27     1    13
 -2.2488469822544799E-01 a       534     0    27     1    14
  7.0745474304512956E-01 a       535     0    27     1    15
  2.4003048542276650E-01 a       536     0    27     1    16
  7.3291940247112342E-01 a       537     0    27     1    17
 -2.9783341954324760E-01 a       538     0    27     1    18
 -1.1756197528720910E-01 a       539     0    27     1    19
 -3.4164489899905559E-04 a       540     0    27     1    20
 -1.2134279462737650E-01 a       541     0    28     1     1
  2.9657181915246567E-01 a       542     0    28     1     2
 -1.9220292726753317E-02 a       543     0    28     1     3
  1.2910318908627027E-02 a       544     0    28     1     4
  6.9671591175344369E-02 a       545     0    28     1     5
  3.9403586431781495E-01 a       546     0    28     1     6
 -2.0090121887776136E-01 a       547     0    28     1     7
  1.9328684827709935E-01 a       548     0    28     1     8
 -3.9081450726810829E-01 a       549     0    28     1     9
  3.5096364387602208E-01 a       550     0    28     1    10
 -2.1983435200895635E-01 a       551     0    28     1    11
  2.4381307699889024E-01 a       552     0    28     1    12
  5.7560356286149028E-02 a       553     0    28     1    13
 -4.3302078212705702E-01 a       554     0    28     1    14
  1.1023485103405199E-01 a       555     0    28     1    15
  2.3562574541184733E-01 a       556     0    28     1    16
  4.6006238316205528E-01 a       557     0    28     1    17
  5.6237040461234622E-01 a       558     0    28     1    18
 -4.1733690280999425E-01 a       559     0    28     1    19
  1.8560437437266545E-02 a       560     0    28     1    20
 -1.3162132104030719E-01 a       561     0    29     1     1
 -1.0009223395957642E-01 a       562     0    29     1     2
 -1.0778704001456849E-03 a       563     0    29     1     3
  9.2440720686466291E-02 a       564     0    29     1     4
 -2.9909103010811865E-02 a       565     0    29     1     5
  7.3660303009526737E-02 a       566     0    29     1     6
 -9.3640802191447520E-02 a       567     0    29     1     7
 -2.8741475617254519E-01 a       568     0    29     1     8
  2.9125541417885864E-01 a       569     0    29     1     9
 -1.4055116278851168E-01 a       570     0    29     1    10
  1.0764862133945396E-01 a       571     0    29     1    11
 -3.0435707160977127E-01 a       572     0    29     1    12
 -7.4028486764184234E-02 a       573     0    29     1    13
 -1.1505662107679859E-01 a       574     0    29     1    14
  1.1111328044736104E-02 a       575     0    29     1    15
 -1.7747945753138955E-02 a       576     0    29     1    16
 -1.4721823267291043E-01 a       577     0    29     1    17
 -1.3817279072886610E-01 a       578     0    29     1    18
  2.4735513850892971E-02 a       579     0    29     1    19
  1.5201806523320349E-01 a       580     0    29     1    20
  6.8903109924763145E-02 a       581     0    30     1     1
 -2.2722391383770149E-01 a       582     0    30     1     2
  2.5897292707162897E-02 a       583     0    30     1     3
  1.6010112065846557E-01 a       584     0    30     1     4
 -1.1859787011246353E-01 a       585     0    30     1     5
 -1.9781640348626039E-01 a       586     0    30     1     6
 -1.9136573080940227E-02 a       587     0    30     1     7
 -5.7582653839765248E-02 a       588     0    30     1     8
  2.7883787678498445E-01 a       589     0    30     1     9
 -3.5122783927129891E-01 a       590     0    30     1    10
  2.3506495867926100E-01 a       591     0    30     1    11
 -5.4743099649575801E-03 a       592     0    30     1    12
  6.4930752014423970E-02 a       593     0    30     1    13
  2.8800843728203984E-01 a       594     0    30     1    14
 -2.0466200350935379E-01 a       595     0    30     1    15
 -2.4940255329724317E-01 a       596     0    30     1    16
 -7.6540780855024512E-02 a       597     0    30     1    17
  2.1968156803355157E-01 a       598     0    30     1    18
 -3.0507526417972863E-01 a       599     0    30     1    19
 -7.8067242375866486E-02 a       600     0    30     1    20
  1.6746289095445646E-01 a       601     0    31     1     1
  1.2258015093278377E-01 a       602     0    31     1     2
 -1.3834583291706312E-01 a       603     0    31     1     3
  5.5985883359163169E-01 a       604     0    31     1     4
  1.9236543732382608E-01 a       605     0    31     1     5
  1.6354400009353592E-02 a       606     0    31     1     6
 -1.3624047274289400E-01 a       607     0    31     1     7
 -1.9570966061584696E-01 a       608     0    31     1     8
  4.8184480430292620E-01 a       609     0    31     1     9
 -1.0269908810274394E-02 a       610     0    31     1    10
  3.2981872159267900E-01 a       611     0    31     1    11
  2.2830800961804310E-01 a       612     0    31     1    12
  1.8409784866888879E-01 a       613     0    31     1    13
 -1.0199535459624813E-01 a       614     0    31     1    14
  5.6826339968043859E-03 a       615     0    31     1    15
  2.3204880588298996E-01 a       616     0    31     1    16
 -3.0565107950966819E-01 a       617     0    31     1    17
 -1.0736831291763722E-01 a       618     0    31     1    18
 -2.9056227910425431E-01 a       619     0    31     1    19
 -6.7893745116731880E-02 a       620     0    31     1    20
  8.0393554833886632E-02 a       621     0    32     1     1
 -1.4001694014972447E-02 a       622     0    32     1     2
  1.1232117668901655E-01 a       623     0    32     1     3
  1.2291181031754832E-01 a       624     0    32     1     4
 -2.3465068060550151E-01 a       625     0    32     1     5
  2.3662263891169522E-01 a       626     0    32     1     6
  1.2961429733799795E-01 a       627     0    32     1     7
  4.4053432586301100E-01 a       628     0    32     1     8
 -7.0177518423348668E-03 a       629     0    32     1     9
  2.4935901622466363E-02 a       630     0    32     1    10
  3.1738704003286916E-01 a       631     0    32     1    11
 -6.8608564713542075E-01 a       632     0    32     1    12
  5.1260682411698111E-01 a       633     0    32     1    13
  1.0818449030576084E-01 a       634     0    32     1    14
  3.4148857592587167E-01 a       635     0    32     1    15
 -4.8143357342071352E-01 a       636     0    32     1    16
  5.6357335572707512E-01 a       637     0    32     1    17
 -3.8018731497955854E-01 a       638     0    32     1    18
  4.2920229542016408E-01 a       639     0    32     1    19
 -4.2567664463612910E-02 a       640     0    32     1    20
  6.3455140096245866E-02 a       641     0    33     1     1
  3.5485337968517172E-01 a       642     0    33     1     2
  5.3832387180031693E-01 a       643     0    33     1     3
 -9.5451238377895486E-02 a       644     0    33     1     4
  1.0858404749154905E-01 a       645     0    33     1     5
 -1.3475750069194065E-01 a       646     0    33     1     6
  1.1801811941771638E-01 a       647     0    33     1     7
 -1.4106549445624766E-01 a       648     0    33     1     8
 -5.5892536982067404E-03 a       649     0    33     1     9
 -7.3435494838924226E-02 a       650     0    33     1    10
  7.9130276182372727E-02 a       651     0    33     1    11
 -1.4807070543131043E-01 a       652     0    33     1    12
  3.9938783172718439E-01 a       653     0    33     1    13
  3.5897506127565976E-01 a       654     0    33     1    14
 -1.4872138324086401E-01 a       655     0    33     1    15
  1.1677852411493121E-01 a       656     0    33     1    16
 -5.2427581896179887E-01 a       657     0    33     1    17
 -2.5606688060166399E-01 a       658     0    33     1    18
  1.0261899903652070E-02 a       659     0    33     1    19
  2.0851557182187401E-03 a       660     0    33     1    20
 -2.3161926808321576E-01 a       661     0    34     1     1
 -4.1985129315964925E-01 a       662     0    34     1     2
 -1.7710935613021425E-01 a       663     0    34     1     3
 -6.6278926393737544E-02 a       664     0    34     1     4
 -1.0659185665423296E-01 a       665     0    34     1     5
  1.3739821706169478E-01 a       666     0    34     1     6
 -3.1936678789685681E-02 a       667     0    34     1     7
  3.5270265521378052E-01 a       668     0    34     1     8
 -8.5862148758250781E-02 a       669     0    34     1     9
 -8.5875275201478432E-02 a       670     0    34     1    10
 -3.2163710774657056E-01 a       671     0    34     1    11
  5.2798807292325507E-02 a       672     0    34     1    12
 -1.4435941595160920E-01 a       673     0    34     1    13
 -5.5640437039605355E-02 a       674     0    34     1    14
 -1.2601049051268517E-01 a       675     0    34     1    15
 -1.6482719466311538E-01 a       676     0    34     1    16
  1.5777449859966161E-01 a       677     0    34     1    17
 -1.6700255560651234E-01 a       678     0    34     1    18
 -3.2319711802479632E-02 a       679     0    34     1    19
 -1.0001320887771571E-01 a       680     0    34     1    20
  2.3685998782121491E-03 a       681     0    35     1     1
  1.3936146211086869E-01 a       682     0    35     1     2
 -4.2828650833453663E-01 a       683     0    35     1     3
 -1.0877675527478560E-01 a       684     0    35     1     4
 -6.4600987411455951E-02 a       685     0    35     1     5
  5.4198781874647894E-01 a       686     0    35     1     6
  6.1368899705678681E-01 a       687     0    35     1     7
 -3.6392792322669909E-01 a       688     0    35     1     8
 -3.4476646520719523E-01 a       689     0    35     1     9
 -1.0257045231228580E-01 a       690     0    35     1    10
 -4.1473927797489513E-01 a       691     0    35     1    11
 -5.4240385029733296E-01 a       692     0    35     1    12
 -7.2506057375657323E-02 a       693     0    35     1    13
 -4.1835566711628308E-01 a       694     0    35     1    14
 -2.4070011126956126E-01 a       695     0    35     1    15
  6.4116725108851483E-02 a       696     0    35     1    16
  2.2367925292559304E-01 a       697     0    35     1    17
  3.0411620262181999E-01 a       698     0    35     1    18
 -2.0579816113753810E-01 a       699     0    35     1    19
  5.5694191978415408E-01 a       700     0    35     1    20
 -2.5572894240237243E-01 a       701     0    36     1     1
 -4.8481298366719894E-01 a       702     0    36     1     2
  1.8996390739035884E-01 a       703     0    36     1     3
 -6.1136075666576563E-02 a       704     0    36     1     4
 -1.0314336927814782E-01 a       705     0    36     1     5
  2.6568436117362770E-01 a       706     0    36     1     6
  1.9584255244565859E-02 a       707     0    36     1     7
  8.8820931302459027E-01 a       708     0    36     1     8
 -4.9829469659251287E-02 a       709     0    36     1     9
 -2.1256621907204812E-01 a       710     0    36     1    10
 -1.4795731365298787E-01 a       711     0    36     1    11
  5.3373812428151285E-02 a       712     0    36     1    12
  1.8250792595770410E-01 a       713     0    36     1    13
 -4.6675884524829951E-02 a       714     0    36     1    14
 -2.6728514784552337E-01 a       715     0    36     1    15
  8.3081722501101865E-02 a       716     0    36     1    16
  6.0422084880636051E-01 a       717     0    36     1    17
 -1.1318589111475529E-01 a       718     0    36     1    18
 -4.6634775025803576E-03 a       719     0    36     1    19
 -4.5303626121740903E-01 a       720     0    36     1    20
 -9.6442101192162261E-02 a       721     0    37     1     1
  6.0844257692539087E-02 a       722     0    37     1     2
 -6.9675336183868819E-01 a       723     0    37     1     3
 -2.1478291270445718E-01 a       724     0    37     1     4
 -1.1344697635315892E-01 a       725     0    37     1     5
 -1.2443739522536081E-01 a       726     0    37     1     6
 -1.2049299110484776E-01 a       727     0    37     1     7
  1.8126744074792946E-02 a       728     0    37     1     8
 -1.1664222738994176E-01 a       729     0    37     1     9
  1.0989765383847376E-01 a       730     0    37     1    10
  1.0153442781563297E-01 a       731     0    37     1    11
 -8.3059251101563147E-02 a       732     0    37     1    12
 -3.4335412139257010E-01 a       733     0    37     1    13
 -2.9563768528923107E-01 a       734     0    37     1    14
  2.8802197734822632E-01 a       735     0    37     1    15
  2.3180842198463305E-02 a       736     0    37     1    16
  4.8129655133940574E-02 a       737     0    37     1    17
  3.8501098339310091E-01 a       738     0    37     1    18
 -5.1899593582468574E-02 a       739     0    37     1    19
  5.3366642256128034E-02 a       740     0    37     1    20
  5.8506037499357400E-01 a       741     0    38     1     1
 -2.3934947558092629E-01 a       742     0    38     1     2
  4.1400969693847056E-01 a       743     0    38     1     3
 -1.6283551684305039E-01 a       744     0    38     1     4
  8.9573386374629846E-02 a       745     0    38     1     5
  2.7598793802946275E-01 a       746     0    38     1     6
 -1.0917205227475042E-01 a       747     0    38     1     7
 -3.7241977530063536E-01 a       748     0    38     1     8
 -1.2214218332334720E-01 a       749     0    38     1     9
  5.3719300562631189E-02 a       750     0    38     1    10
  2.5988744643080003E-01 a       751     0    38     1    11
  4.6447250778958954E-01 a       752     0    38     1    12
 -3.0433080489757258E-01 a       753     0    38     1    13
  2.7254532385102215E-01 a       754     0    38     1    14
 -5.4228255909315271E-01 a       755     0    38     1    15
 -1.1116418040915321E-01 a       756     0    38     1    16
  1.6407871313448638E-01 a       757     0    38     1    17
 -3.1712508711929294E-01 a       758     0    38     1    18
  1.6444852542046784E-01 a       759     0    38     1    19
 -9.4270549902632367E-02 a       760     0    38     1    20
  3.7783099503412121E-01 a       761     0    39     1     1
 -3.6423737318651467E-01 a       762     0    39     1     2
  4.6523943793307942E-01 a       763     0    39     1     3
  5.7141684692216303E-02 a       764     0    39     1     4
 -1.2016601915521474E-01 a       765     0    39     1     5
  1.8319341550989260E-01 a       766     0    39     1     6
  4.6072108420074712E-02 a       767     0    39     1     7
  9.6489237382064635E-02 a       768     0    39     1     8
  1.0278331578036605E-01 a       769     0    39     1     9
 -2.6789618569837775E-01 a       770     0    39     1    10
  1.4336111397523191E-01 a       771     0    39     1    11
  5.7061707361962211E-01 a       772     0    39     1    12
  1.4577316801890811E-01 a       773     0    39     1    13
 -3.4796390441996805E-01 a       774     0    39     1    14
 -7.3521998094016283E-01 a       775     0    39     1    15
 -7.8201030559028398E-02 a       776     0    39     1    16
  3.7069463845090089E-01 a       777     0    39     1    17
 -3.0074906569434579E-01 a       778     0    39     1    18
  5.7269292202881672E-01 a       779     0    39     1    19
  4.1750675796049366E-02 a       780     0    39     1    20
 -6.9027568285637997E-01 a       781     0    40     1     1
 -3.4562443369992030E-01 a       782     0    40     1     2
  1.1155179670041306E+00 a       783     0    40     1     3
 -4.3390830071629277E-02 a       784     0    40     1     4
 -1.6637718478041069E-01 a       785     0    40     1     5
  4.2824067803600879E-01 a       786     0    40     1     6
  3.4060391621561031E-01 a       787     0    40     1     7
  4.4113582503672516E-01 a       788     0    40     1     8
  3.0075405703381113E-02 a       789     0    40     1     9
  2.5923721104840997E-01 a       790     0    40     1    10
  1.4358879116303430E-01 a       791     0    40     1    11
  2.1770455932628743E-01 a       792     0    40     1    12
  9.2842769308673620E-02 a       793     0    40     1    13
  1.9580783370963417E-01 a       794     0    40     1    14
  4.5808944993861800E-01 a       795     0    40     1    15
 -2.7093555673681612E-02 a       796     0    40     1    16
 -7.4044934063696399E-01 a       797     0    40     1    17
 -8.2871419489770015E-01 a       798     0    40     1    18
 -4.2226032150532761E-01 a       799     0    40     1    19
  4.8765408392321363E-01 a       800     0    40     1    20
  5.6306961833326430E-01 a       801     0    41     1     1
  6.5448206004484505E-02 a       802     0    41     1     2
 -6.3857447742880380E-01 a       803     0    41     1     3
 -2.0338163464421066E-01 a       804     0    41     1     4
 -1.3205079774937434E-01 a       805     0    41     1     5
  2.5950115209076052E-01 a       806     0    41     1     6
 -8.6088393122746826E-02 a       807     0    41     1     7
  4.6696430991113125E-01 a       808     0    41     1     8
 -1.1029813395652137E-01 a       809     0    41     1     9
 -2.3617109941118486E-01 a       810     0    41     1    10
  5.2236957569555167E-02 a       811     0    41     1    11
 -2.4509572017332151E-01 a       812     0    41     1    12
 -9.4713009154476321E-02 a       813     0    41     1    13
 -2.0405635954629617E-01 a       814     0    41     1    14
 -2.0598585569806704E-01 a       815     0    41     1    15
 -4.0502930223814286E-02 a       816     0    41     1    16
  5.4063158673480283E-01 a       817     0    41     1    17
  2.5105800637676523E-01 a       818     0    41     1    18
 -3.7826061112550186E-02 a       819     0    41     1    19
 -1.1043598118221520E-01 a       820     0    41     1    20
  7.2025343626069904E-01 a       821     0    42     1     1
 -1.0708819092321425E-01 a       822     0    42     1     2
 -3.2853874965154600E-01 a       823     0    42     1     3
 -5.8330813091648304E-01 a       824     0    42     1     4
 -4.2185121869492453E-01 a       825     0    42     1     5
  2.7143297712236741E-01 a       826     0    42     1     6
  7.3434999043803198E-02 a       827     0    42     1     7
  3.0236049654065761E-01 a       828     0    42     1     8
  2.2028673452827449E-01 a       829     0    42     1     9
  1.1727462712618120E-01 a       830     0    42     1    10
 -6.3202213430012463E-02 a       831     0    42     1    11
 -2.7819336425793861E-01 a       832     0    42     1    12
 -1.3087240837987898E-02 a       833     0    42     1    13
 -5.1858438549501285E-02 a       834     0    42     1    14
  2.7636255680586830E-01 a       835     0    42     1    15
 -3.4101757648506970E-01 a       836     0    42     1    16
  4.1542374814571803E-01 a       837     0    42     1    17
  3.3886737690933355E-01 a       838     0    42     1    18
  2.7359398275780505E-01 a       839     0    42     1    19
 -1.4610015000440585E-01 a       840     0    42     1    20
  2.6063547031192685E-01 a       841     0    43     1     1
  6.4842576886429815E-01 a       842     0    43     1     2
 -4.2779604975490765E-01 a       843     0    43     1     3
  4.4890442959638066E-01 a       844     0    43     1     4
  4.2977017919709487E-01 a       845     0    43     1     5
 -5.2200345485228235E-02 a       846     0    43     1     6
  4.9694616555663507E-01 a       847     0    43     1     7
  2.4417903968934151E-01 a       848     0    43     1     8
 -4.1776894054840941E-01 a       849     0    43     1     9
  3.5578471947787890E-02 a       850     0    43     1    10
 -2.9427305035769302E-01 a       851     0    43     1    11
 -5.6725751053212992E-01 a       852     0    43     1    12
 -5.2503425902732034E-02 a       853     0    43     1    13
  1.4728534706999796E-01 a       854     0    43     1    14
 -5.0707283518146984E-01 a       855     0    43     1    15
 -3.0427091322485228E-01 a       856     0    43     1    16
  4.5397436019734921E-01 a       857     0    43     1    17
  2.2558475755411606E-01 a       858     0    43     1    18
  3.6206288047201851E-01 a       859     0    43     1    19
 -8.3497704403192166E-02 a       860     0    43     1    20
  1.3866025046711755E-01 a       861     0    44     1     1
 -1.3452223642122413E-01 a       862     0    44     1     2
  3.4656686561494482E-01 a       863     0    44     1     3
 -1.2545397256075591E-02 a       864     0    44     1     4
  1.3750141500476998E-01 a       865     0    44     1     5
 -4.0074394270406138E-01 a       866     0    44     1     6
 -2.9916168545876753E-01 a       867     0    44     1     7
 -7.2607441661082717E-01 a       868     0    44     1     8
  3.1216719887847921E-01 a       869     0    44     1     9
  2.5528757389126250E-01 a       870     0    44     1    10
  3.4251712861665801E-01 a       871     0    44     1    11
  5.7499949972316122E-01 a       872     0    44     1    12
 -1.1714709218899076E-01 a       873     0    44     1    13
  2.8729482633966974E-01 a       874     0    44     1    14
  2.7745277436151977E-01 a       875     0    44     1    15
  2.1411871631637710E-02 a       876     0    44     1    16
 -6.2798178309486941E-01 a       877     0    44     1    17
 -1.7273539337420790E-01 a       878     0    44     1    18
  2.1597790447351159E-01 a       879     0    44     1    19
  9.5151530148820190E-02 a       880     0    44     1    20
 -2.7979801466304466E-01 a       881     0    45     1     1
 -1.2051797236306604E-01 a       882     0    45     1     2
 -6.2290299783788605E-01 a       883     0    45     1     3
 -1.4730784914616574E-01 a       884     0    45     1     4
 -1.7116382795103596E-01 a       885     0    45     1     5
  1.2799450694287917E-01 a       886     0    45     1     6
  6.4183189602830537E-01 a       887     0    45     1     7
 -1.9754515795544181E-01 a       888     0    45     1     8
  2.0984284635378186E-01 a       889     0    45     1     9
 -1.6060309180206964E-01 a       890     0    45     1    10
 -4.9340918298891440E-01 a       891     0    45     1    11
 -5.0428031991911137E-01 a       892     0    45     1    12
 -3.4200475168674305E-01 a       893     0    45     1    13
  1.5943026014987363E-01 a       894     0    45     1    14
  2.4295529674385472E-01 a       895     0    45     1    15
  2.4836198799028636E-01 a       896     0    45     1    16
  1.2614525671648238E-01 a       897     0    45     1    17
 -1.1463622943237994E-01 a       898     0    45     1    18
 -1.4419418825778582E-01 a       899     0    45     1    19
 -6.5698336109900568E-01 a       900     0    45     1    20
 -1.0318061003332211E-02 a       901     0    46     1     1
  1.5132762461579372E-01 a       902     0    46     1     2
 -4.8459590472216159E-03 a       903     0    46     1     3
 -4.0005062242202787E-02 a       904     0    46     1     4
 -1.7688099876236846E-01 a       905     0    46     1     5
 -4.5604964266095899E-01 a       906     0    46     1     6
 -9.1463141271528759E-03 a       907     0    46     1     7
 -8.3167961827426889E-02 a       908     0    46     1     8
 -3.2462671306108887E-01 a       909     0    46     1     9
 -2.9942306133064056E-01 a       910     0    46     1    10
 -1.2565950930711417E-01 a       911     0    46     1    11
  1.0956232214075427E-03 a       912     0    46     1    12
  2.3403396357995884E-01 a       913     0    46     1    13
  4.0882443329948243E-01 a       914     0    46     1    14
  9.2699591726336961E-02 a       915     0    46     1    15
 -1.7784611870406739E-01 a       916     0    46     1    16
 -2.6538743623515032E-01 a       917     0    46     1    17
  1.1559841002202666E-01 a       918     0    46     1    18
  2.9175024748901340E-01 a       919     0    46     1    19
  3.2606677518352328E-01 a       920     0    46     1    20
 -1.8717482289245618E-01 b       921     1     1
  7.8700704560634038E-01 b       922     1     2
  9.7973897225129314E-01 b       923     1     3
 -8.3761804566853915E-01 b       924     1     4
  6.7482505512342850E-01 b       925     1     5
 -9.8505492285748741E-01 b       926     1     6
 -7.5701430454979013E-01 b       927     1     7
  1.3040481059674633E-01 b       928     1     8
 -8.7705174131167796E-01 b       929     1     9
 -9.9127169956711403E-01 b       930     1    10
 -3.3141880557382863E-01 b       931     1    11
  9.0229906613890043E-01 b       932     1    12
  5.4625646273975526E-01 b       933     1    13
  8.9180473669110871E-01 b       934     1    14
  1.0683870942583127E+00 b       935     1    15
  1.3784745647082546E+00 b       936     1    16
 -3.9364930621255823E-01 b       937     1    17
 -2.2174020002427544E-01 b       938     1    18
  6.4887242843903425E-01 b       939     1    19
  8.0660607295959219E-01 b       940     1    20
  4.4963013219990988E-01 a       941     1     1     2     1
  1.8406315592239317E-01 a       942     1     1     2     2
  4.2872882122070377E-01 a       943     1     1     2     3
 -4.2992973139070872E-01 a       944     1     1     2     4
 -5.5250015531466579E-02 a       945     1     1     2     5
 -6.0580236675796084E-01 a       946     1     1     2     6
  7.5945753331386062E-02 a       947     1     1     2     7
  4.9155022215668039E-02 a       948     1     1     2     8
  1.6002811523925614E-01 a       949     1     1     2     9
 -2.0840878524708381E-01 a       950     1     1     2    10
  4.5485051871045279E-01 a       951     1     1     2    11
 -3.1713476243895489E-01 a       952     1     1     2    12
 -9.3076416026734096E-02 a       953     1     1     2    13
  2.4081384426639840E-01 a       954     1     1     2    14
 -5.0659225729930935E-01 a       955     1     1     2    15
 -6.7288871505041037E-01 a       956     1     1     2    16
 -4.9965157677984828E-01 a       957     1     1     2    17
 -2.2542614004828893E-01 a       958     1     1     2    18
  6.7381992328357820E-01 a       959     1     1     2    19
 -6.1184834599978133E-01 a       960     1     1     2    20
  5.0436663555791827E-01 a       961     1     2     2     1
  5.4548094899023436E-01 a       962     1     2     2     2
  7.3980616917736688E-03 a       963     1     2     2     3
 -1.1077062230537660E-01 a       964     1     2     2     4
  1.6297163954039459E-01 a       965     1     2     2     5
  6.3374104918277807E-01 a       966     1     2     2     6
 -1.5293548805040558E-01 a       967     1     2     2     7
 -4.1300237853227434E-01 a       968     1     2     2     8
  1.8826148218128905E-01 a       969     1     2     2     9
  3.0711906506347048E-01 a       970     1     2     2    10
  3.3150793438595616E-01 a       971     1     2     2    11
 -9.5403211020883849E-01 a       972     1     2     2    12
 -8.6967975796224362E-01 a       973     1     2     2    13
 -2.1945821077519764E-01 a       974     1     2     2    14
 -1.4628050194452219E-01 a       975     1     2     2    15
 -2.2910434211597114E-01 a       976     1     2     2    16
 -2.1255526161996610E-01 a       977     1     2     2    17
  3.2294492427757826E-01 a       978     1     2     2    18
 -5.6227842892729096E-01 a       979     1     2     2    19
 -3.7224927273040903E-01 a       980     1     2     2    20
  5.2462786642317538E-01 a       981     1     3     2     1
 -2.2818870850224454E-01 a       982     1     3     2     2
  4.1339175669680644E-01 a       983     1     3     2     3
  2.6743848389926755E-01 a       984     1     3     2     4
 -3.6971009370389635E-01 a       985     1     3     2     5
 -4.9087595347608115E-01 a       986     1     3     2     6
  2.2009896541568805E-01 a       987     1     3     2     7
  2.7781615781835567E-01 a       988     1     3     2     8
 -6.8336792925220630E-02 a       989     1     3     2     9
 -6.0085832113785176E-01 a       990     1     3     2    10
 -4.5162790160132588E-01 a       991     1     3     2    11
  9.1159725427800076E-01 a       992     1     3     2    12
  8.2156993629863163E-03 a       993     1     3     2    13
  7.4294284257305643E-01 a       994     1     3     2    14
 -5.4862124658698663E-01 a       995     1     3     2    15
 -4.4386636777861060E-01 a       996     1     3     2    16
  5.1759957850463549E-02 a       997     1     3     2    17
 -6.2980624919260175E-01 a       998     1     3     2    18
 -7.7452036938886326E-01 a       999     1     3     2    19
 -6.8082338073336113E-01 a      1000     1     3     2    20
  5.0199245474861565E-01 a      1001     1     4     2     1
  5.0189850926528412E-01 a      1002     1     4     2     2
 -3.8040865679173858E-01 a      1003     1     4     2     3
 -1.7259621258491187E-01 a      1004     1     4     2     4
 -4.8353780523804407E-01 a      1005     1     4     2     5
 -3.1471299378220552E-01 a      1006     1     4     2     6
  4.3894485610341627E-01 a      1007     1     4     2     7
  7.5299071158133390E-02 a      1008     1     4     2     8
  1.4728375217374892E-01 a      1009     1     4     2     9
 -3.9633333301949208E-01 a      1010     1     4     2    10
  7.7344729818105565E-03 a      1011     1     4     2    11
  1.7110590875928625E-01 a      1012     1     4     2    12
  2.4354269455283112E-01 a      1013     1     4     2    13
 -6.0155900228502379E-01 a      1014     1     4     2    14
  4.2681548917077139E-01 a      1015     1     4     2    15
 -3.3230839538345797E-01 a      1016     1     4     2    16
  1.9710376697981857E-01 a      1017     1     4     2    17
 -1.1378031165576803E+00 a      1018     1     4     2    18
 -6.2229562658221205E-01 a      1019     1     4     2    19
  2.3970169394599838E-01 a      1020     1     4     2    20
 -2.9186458933153842E-01 a      1021     1     5     2     1
  4.4803565093232683E-01 a      1022     1     5     2     2
 -2.7522848892535290E-01 a      1023     1     5     2     3
 -3.8780221734557968E-01 a      1024     1     5     2     4
  5.2939739516906492E-01 a      1025     1     5     2     5
  5.9237539427916730E-01 a      1026     1     5     2     6
  6.5468525092558605E-01 a      1027     1     5     2     7
  3.4943892724090937E-02 a      1028     1     5     2     8
  2.8706758771635188E-01 a      1029     1     5     2     9
  1.2101648670975047E-01 a      1030     1     5     2    10
  2.7522556308279605E-01 a      1031     1     5     2    11
  6.4452215306226512E-01 a      1032     1     5     2    12
  7.8058187790684674E-01 a      1033     1     5     2    13
 -2.8969981364896102E-01 a      1034     1     5     2    14
 -6.3379299988025573E-01 a      1035     1     5     2    15
  7.2567891893374897E-02 a      1036     1     5     2    16
  1.1215800781450747E+00 a      1037     1     5     2    17
 -2.7443396118702074E-01 a      1038     1     5     2    18
  6.3745733026374141E-01 a      1039     1     5     2    19
 -1.0763378195831398E-01 a      1040     1     5     2    20
 -3.1373229109435585E-01 a      1041     1     6     2     1
 -5.7791721767433868E-01 a      1042     1     6     2     2
  2.1904263740222193E-02 a      1043     1     6     2     3
 -1.3354040409903406E-01 a      1044     1     6     2     4
  1.2820767068163696E-01 a      1045     1     6     2     5
  5.3235670189882445E-01 a      1046     1     6     2     6
 -5.0163302696458412E-01 a      1047     1     6     2     7
  2.6730402515411306E-01 a      1048     1     6     2     8
  3.5299980700296461E-02 a      1049     1     6     2     9
  5.0181758010870003E-01 a      1050     1     6     2    10
 -3.2135805317014023E-02 a      1051     1     6     2    11
  5.4268267599756843E-02 a      1052     1     6     2    12
 -7.2170889599916854E-02 a      1053     1     6     2    13
  5.3640714373745102E-01 a      1054     1     6     2    14
  2.5910739629455970E-01 a      1055     1     6     2    15
  4.4951229614157068E-01 a      1056     1     6     2    16
  1.3669433562718483E+00 a      1057     1     6     2    17
  6.0351717853099529E-01 a      1058     1     6     2    18
  3.4446385101991345E-01 a      1059     1     6     2    19
 -2.4893748769748067E-01 a      1060     1     6     2    20
 -3.6172627145320185E-01 a      1061     1     7     2     1
 -2.4772091601168561E-01 a      1062     1     7     2     2
 -8.8768160861605008E-02 a      1063     1     7     2     3
  1.0304555694449253E+00 a      1064     1     7     2     4
 -1.3445807722265324E-01 a      1065     1     7     2     5
 -2.9404140687248820E-01 a      1066     1     7     2     6
  4.5833019157969213E-01 a      1067     1     7     2     7
 -8.3722383081261420E-01 a      1068     1     7     2     8
 -8.5958630781054701E-01 a      1069     1     7     2     9
 -5.9008180026372103E-01 a      1070     1     7     2    10
 -3.9126464735931615E-01 a      1071     1     7     2    11
 -6.0301621536131822E-01 a      1072     1     7     2    12
 -1.6153664886858221E-01 a      1073     1     7     2    13
 -9.3672527198669878E-02 a      1074     1     7     2    14
 -8.2652778757317535E-01 a      1075     1     7     2    15
  1.3854950504974293E+00 a      1076     1     7     2    16
  1.0757670903219303E+00 a      1077     1     7     2    17
  2.1151584791293787E-01 a      1078     1     7     2    18
 -6.9145646262620797E-01 a      1079     1     7     2    19
 -1.2919103462191934E+00 a      1080     1     7     2    20
  1.2215586403621129E-01 a      1081     1     8     2     1
 -3.0469973107617676E-01 a      1082     1     8     2     2
  3.0394580819097577E-01 a      1083     1     8     2     3
  4.9583179251370668E-01 a      1084     1     8     2     4
  7.3003427667327803E-01 a      1085     1     8     2     5
 -1.8483334128640797E-01 a      1086     1     8     2     6
  1.8414677334933113E-01 a      1087     1     8     2     7
 -4.4464313849549525E-01 a      1088     1     8     2     8
  8.5887465231633597E-01 a      1089     1     8     2     9
  2.6280379405937465E-01 a      1090     1     8     2    10
  6.4884787372854894E-03 a      1091     1     8     2    11
 -5.6190364344335242E-01 a      1092     1     8     2    12
 -4.3920070934468508E-02 a      1093     1     8     2    13
 -2.5679794224065761E-01 a      1094     1     8     2    14
  6.9697359711155793E-01 a      1095     1     8     2    15
 -4.3742884282763944E-01 a      1096     1     8     2    16
 -8.2655315745701052E-01 a      1097     1     8     2    17
 -8.5024178852347546E-02 a      1098     1     8     2    18
  4.6034663739525118E-02 a      1099     1     8     2    19
 -1.6842418170601403E-01 a      1100     1     8     2    20
  4.8954767017902012E-01 a      1101     1     9     2     1
 -4.5394850376262613E-01 a      1102     1     9     2     2
 -3.6683672774726001E-01 a      1103     1     9     2     3
  5.3128474772653189E-01 a      1104     1     9     2     4
 -3.4820379201652846E-01 a      1105     1     9     2     5
  5.9264172348537025E-01 a      1106     1     9     2     6
  1.2344580584989244E-01 a      1107     1     9     2     7
 -2.3041720685704226E-01 a      1108     1     9     2     8
 -1.6908164086421887E-02 a      1109     1     9     2     9
 -6.9586427023178715E-02 a      1110     1     9     2    10
 -4.0635344280341290E-01 a      1111     1     9     2    11
 -3.3221155383457918E-01 a      1112     1     9     2    12
 -4.1042900607651162E-01 a      1113     1     9     2    13
  6.5421164404621979E-01 a      1114     1     9     2    14
  5.0582388841068793E-01 a      1115     1     9     2    15
 -2.2745440847259801E-01 a      1116     1     9     2    16
 -5.7671251060800310E-01 a      1117     1     9     2    17
 -9.7384047344898611E-02 a      1118     1     9     2    18
 -2.7052986242015181E-01 a      1119     1     9     2    19
 -6.8711819138337749E-01 a      1120     1     9     2    20
 -3.3594581679803176E-01 a      1121     1    10     2     1
 -4.8013774861896136E-01 a      1122     1    10     2     2
  5.7383144498023919E-01 a      1123     1    10     2     3
 -9.7012951700094885E-02 a      1124     1    10     2     4
 -2.1303377708194505E-02 a      1125     1    10     2     5
  1.0920529562986202E-01 a      1126     1    10     2     6
 -7.2488091113077857E-01 a      1127     1    10     2     7
  3.6796086490867540E-02 a      1128     1    10     2     8
 -5.9060384922733400E-01 a      1129     1    10     2     9
  8.8259232643941243E-01 a      1130     1    10     2    10
 -7.4213383468011923E-03 a      1131     1    10     2    11
 -3.0833677145770388E-01 a      1132     1    10     2    12
 -2.7027894259204216E-01 a      1133     1    10     2    13
  6.6040543124395024E-01 a      1134     1    10     2    14
 -4.4761676039195458E-01 a      1135     1    10     2    15
 -1.6571871059942520E-01 a      1136     1    10     2    16
 -4.9183823911335828E-01 a      1137     1    10     2    17
 -9.2766172975485256E-02 a      1138     1    10     2    18
 -5.8909851560570115E-01 a      1139     1    10     2    19
 -9.2168771022870177E-01 a      1140     1    10     2    20
 -5.0952338280155374E-01 a      1141     1    11     2     1
 -1.0074651223097311E+00 a      1142     1    11     2     2
 -4.1064609464459118E-01 a      1143     1    11     2     3
  1.9923652307183118E-01 a      1144     1    11     2     4
 -3.0952706855301554E-01 a      1145     1    11     2     5
  4.0465963969995938E-02 a      1146     1    11     2     6
  3.6967729193920135E-01 a      1147     1    11     2     7
  5.7228716030949622E-01 a      1148     1    11     2     8
  7.3484583081680577E-01 a      1149     1    11     2     9
 -6.8415211558997727E-02 a      1150     1    11     2    10
 -4.3270684553083272E-01 a      1151     1    11     2    11
 -2.5140907221136621E-01 a      1152     1    11     2    12
 -9.7867829871798961E-01 a      1153     1    11     2    13
  1.9546837435687592E-01 a      1154     1    11     2    14
  1.9551168767237659E-01 a      1155     1    11     2    15
  2.6764445112950515E-02 a      1156     1    11     2    16
  4.2335636418884065E-01 a      1157     1    11     2    17
 -3.5317105396921611E-01 a      1158     1    11     2    18
 -4.4173520703926122E-01 a      1159     1    11     2    19
  3.0156838213118720E-01 a      1160     1    11     2    20
 -6.5926644335855999E-01 a      1161     1    12     2     1
  3.0134551808611831E-01 a      1162     1    12     2     2
 -4.3765288339536440E-01 a      1163     1    12     2     3
  9.8068565170825434E-02 a      1164     1    12     2     4
 -2.9481333617156047E-01 a      1165     1    12     2     5
  3.8584365990773202E-02 a      1166     1    12     2     6
 -1.5088584043838321E-01 a      1167     1    12     2     7
 -4.4039594345565097E-01 a      1168     1    12     2     8
 -8.5450156815961753E-01 a      1169     1    12     2     9
  6.2169918633029300E-02 a      1170     1    12     2    10
 -3.0068676391395799E-01 a      1171     1    12     2    11
  8.2118089895385948E-01 a      1172     1    12     2    12
  1.5435942390814181E-01 a      1173     1    12     2    13
 -6.2450842359677583E-01 a      1174     1    12     2    14
 -3.6805297223100530E-01 a      1175     1    12     2    15
 -2.0662999029143793E-02 a      1176     1    12     2    16
 -9.8201515862928301E-02 a      1177     1    12     2    17
  8.0825243031678295E-01 a      1178     1    12     2    18
 -8.7183734552371750E-01 a      1179     1    12     2    19
 -5.9177617421085085E-02 a      1180     1    12     2    20
 -2.1721042424753872E-01 a      1181     1    13     2     1
 -9.9408979350191107E-02 a      1182     1    13     2     2
  2.3111126536423376E-01 a      1183     1    13     2     3
 -3.6752499464778016E-01 a      1184     1    13     2     4
  2.4744601126854240E-01 a      1185     1    13     2     5
  2.5938893434964427E-01 a      1186     1    13     2     6
 -2.1627329899674150E-01 a      1187     1    13     2     7
 -3.5455745051075321E-01 a      1188     1    13     2     8
  9.2018706668336989E-02 a      1189     1    13     2     9
 -3.2451994697236236E-01 a      1190     1    13     2    10
  4.1571509248038380E-01 a      1191     1    13     2    11
  5.7303631929550007E-02 a      1192     1    13     2    12
 -5.4892715057170072E-01 a      1193     1    13     2    13
 -5.9236932267647935E-01 a      1194     1    13     2    14
  2.0726853965729189E-01 a      1195     1    13     2    15
 -8.5140104841309250E-01 a      1196     1    13     2    16
 -6.0031216368557938E-01 a      1197     1    13     2    17
 -3.0304791147103283E-01 a      1198     1    13     2    18
  5.1621926116482426E-02 a      1199     1    13     2    19
  6.1608222011616287E-01 a      1200     1    13     2    20
  6.3994773675889038E-01 a      1201     1    14     2     1
  3.0084071500948872E-01 a      1202     1    14     2     2
 -4.6319288069590542E-01 a      1203     1    14     2     3
 -5.9208029117349525E-01 a      1204     1    14     2     4
 -2.7509241625710712E-01 a      1205     1    14     2     5
  3.5490706485853840E-01 a      1206     1    14     2     6
 -6.2172911433434386E-01 a      1207     1    14     2     7
 -4.3992965461937628E-01 a      1208     1    14     2     8
 -5.3723072441328668E-01 a      1209     1    14     2     9
  5.1676853205714091E-01 a      1210     1    14     2    10
  5.7508714621356471E-01 a      1211     1    14     2    11
 -1.6549459554473171E-02 a      1212     1    14     2    12
  4.1126196540090093E-01 a      1213     1    14     2    13
 -3.3334350867740459E-01 a      1214     1    14     2    14
  5.6277597990664974E-01 a      1215     1    14     2    15
  3.7738523458824702E-01 a      1216     1    14     2    16
  6.5935218875689747E-02 a      1217     1    14     2    17
  6.9173474284625402E-01 a      1218     1    14     2    18
  2.2891459688981555E-01 a      1219     1    14     2    19
 -1.7654859602775286E-01 a      1220     1    14     2    20
  7.1985413590422898E-01 a      1221     1    15     2     1
 -4.1028997132108824E-01 a      1222     1    15     2     2
  1.0957477358565167E-01 a      1223     1    15     2     3
  1.9155990295919179E-01 a      1224     1    15     2     4
 -6.8101634470890304E-01 a      1225     1    15     2     5
 -2.1522063270544792E-01 a      1226     1    15     2     6
 -5.9110964292209300E-01 a      1227     1    15     2     7
  5.3025610279811308E-01 a      1228     1    15     2     8
 -3.6509881162436641E-01 a      1229     1    15     2     9
 -3.7286641013434657E-01 a      1230     1    15     2    10
  1.5743005180945888E-01 a      1231     1    15     2    11
 -4.6314049060477752E-01 a      1232     1    15     2    12
 -2.2622525183157693E-01 a      1233     1    15     2    13
 -1.0402926422073644E-01 a      1234     1    15     2    14
 -3.5235031526951749E-01 a      1235     1    15     2    15
 -2.9621352895666312E-02 a      1236     1    15     2    16
 -1.1551366331008757E+00 a      1237     1    15     2    17
 -1.2604964092149953E-01 a      1238     1    15     2    18
  3.3553931432304046E-01 a      1239     1    15     2    19
 -4.5852194690811665E-01 a      1240     1    15     2    20
 -8.5304957162479889E-01 a      1241     1    16     2     1
  5.3800417942564793E-01 a      1242     1    16     2     2
  2.1646830531099839E-01 a      1243     1    16     2     3
  2.1567024692242859E-01 a      1244     1    16     2     4
 -2.9915719511797373E-01 a      1245     1    16     2     5
 -4.8976552772229187E-01 a      1246     1    16     2     6
 -1.0137559807942756E-01 a      1247     1    16     2     7
 -8.8406030738064148E-02 a      1248     1    16     2     8
  5.1224178091774812E-02 a      1249     1    16     2     9
 -3.0709467478434832E-01 a      1250     1    16     2    10
  8.0368234029154484E-01 a      1251     1    16     2    11
 -6.0263246978221163E-02 a      1252     1    16     2    12
 -4.8963595747934224E-01 a      1253     1    16     2    13
  3.1850664352445635E-01 a      1254     1    16     2    14
 -9.4391231031453249E-02 a      1255     1    16     2    15
  7.3038780969856332E-01 a      1256     1    16     2    16
  3.5154560895232828E-01 a      1257     1    16     2    17
  3.5024223575751451E-01 a      1258     1    16     2    18
 -4.5038554840386430E-01 a      1259     1    16     2    19
 -5.5612800822837727E-01 a      1260     1    16     2    20
 -1.8810290881246264E-01 a      1261     1    17     2     1
 -4.5618026843604065E-01 a      1262     1    17     2     2
 -3.7017195664435626E-01 a      1263     1    17     2     3
  6.3477733310865969E-01 a      1264     1    17     2     4
 -3.6081733925497872E-01 a      1265     1    17     2     5
  2.8492782651231935E-01 a      1266     1    17     2     6
 -1.5039371540564117E-01 a      1267     1    17     2     7
  1.6604607680891825E-01 a      1268     1    17     2     8
 -3.6478673560481034E-01 a      1269     1    17     2     9
 -1.3733145627432600E-01 a      1270     1    17     2    10
  2.1819454579313263E-01 a      1271     1    17     2    11
 -4.9674673141893033E-01 a      1272     1    17     2    12
 -8.1416911583987106E-01 a      1273     1    17     2    13
 -2.9345963597700597E-01 a      1274     1    17     2    14
 -1.4772134598423142E-01 a      1275     1    17     2    15
  4.7953457007102301E-01 a      1276     1    17     2    16
 -5.5758180218331699E-01 a      1277     1    17     2    17
  6.4459946104760790E-01 a      1278     1    17     2    18
  1.9124808100258706E-01 a      1279     1    17     2    19
  4.0296477848756440E-01 a      1280     1    17     2    20
 -2.6364009663805049E-01 a      1281     1    18     2     1
 -2.0097701344999903E-02 a      1282     1    18     2     2
 -8.0482541667213164E-02 a      1283     1    18     2     3
  6.0295902685852654E-01 a      1284     1    18     2     4
  1.4399707432832876E-01 a      1285     1    18     2     5
 -4.8566536575731073E-01 a      1286     1    18     2     6
 -1.5072762475468185E-01 a      1287     1    18     2     7
 -3.9700569445412565E-01 a      1288     1    18     2     8
 -2.3484288485071941E-01 a      1289     1    18     2     9
 -1.8565285886523324E-02 a      1290     1    18     2    10
 -5.9624759066952626E-01 a      1291     1    18     2    11
 -1.6634929613197649E-01 a      1292     1    18     2    12
  5.7999292871877783E-01 a      1293     1    18     2    13
  3.6143078961644626E-01 a      1294     1    18     2    14
 -2.3717474374854558E-01 a      1295     1    18     2    15
  2.1580063977430675E-01 a      1296     1    18     2    16
 -1.2730107506793720E-01 a      1297     1    18     2    17
 -3.3762428936395195E-01 a      1298     1    18     2    18
  2.0077642868985310E-01 a      1299     1    18     2    19
  5.3738551515062551E-02 a      1300     1    18     2    20
 -5.0247397529995141E-01 a      1301     1    19     2     1
 -3.7440960364869258E-01 a      1302     1    19     2     2
  1.0939329177746886E-01 a      1303     1    19     2     3
  1.1189195507320059E-01 a      1304     1    19     2     4
  8.1361958978800261E-02 a      1305     1    19     2     5
 -4.2774935576228584E-01 a      1306     1    19     2     6
  1.0905058121978175E-02 a      1307     1    19     2     7
 -5.4739544791489436E-01 a      1308     1    19     2     8
 -1.9956491872713505E-01 a      1309     1    19     2     9
 -5.2022822223435239E-01 a      1310     1    19     2    10
  8.2107072661230385E-01 a      1311     1    19     2    11
  1.4729704006933674E-02 a      1312     1    19     2    12
 -2.4964843590937838E-01 a      1313     1    19     2    13
 -2.7078994797863626E-01 a      1314     1    19     2    14
 -5.9694449681087514E-01 a      1315     1    19     2    15
  8.5847782018517838E-01 a      1316     1    19     2    16
  5.0169723317848203E-01 a      1317     1    19     2    17
  3.4645466136121739E-01 a      1318     1    19     2    18
 -6.3590874013075016E-01 a      1319     1    19     2    19
 -5.8613622854920955E-01 a      1320     1    19     2    20
  1.1184346713866078E-01 a      1321     1    20     2     1
  4.9443634747425474E-01 a      1322     1    20     2     2
 -2.7485912282172387E-01 a      1323     1    20     2     3
  4.4003293614689729E-02 a      1324     1    20     2     4
  5.9788427398123190E-01 a      1325     1    20     2     5
 -4.4574241159095812E-01 a      1326     1    20     2     6
  4.1687558674884495E-01 a      1327     1    20     2     7
  9.8790593272425364E-01 a      1328     1    20     2     8
 -4.5442353302938782E-01 a      1329     1    20     2     9
  1.1454268482784301E-01 a      1330     1    20     2    10
  1.8675609304222077E-01 a      1331     1    20     2    11
 -7.1603700871360554E-01 a      1332     1    20     2    12
  1.9612612999581105E-01 a      1333     1    20     2    13
 -4.1254465478892616E-01 a      1334     1    20     2    14
 -9.4063620323400710E-02 a      1335     1    20     2    15
  7.5202593794769665E-02 a      1336     1    20     2    16
  6.1302876082343238E-01 a      1337     1    20     2    17
  7.4216834774205431E-02 a      1338     1    20     2    18
 -8.5752424867195465E-01 a      1339     1    20     2    19
  3.6212196097860805E-01 a      1340     1    20     2    20
 -2.3257992695611693E-01 b      1341     2     1
  6.0361100773527632E-01 b      1342     2     2
 -9.8667148391099635E-01 b      1343     2     3
 -1.0236313624654187E+00 b      1344     2     4
 -1.0499345325786846E+00 b      1345     2     5
  7.4566435664284081E-01 b      1346     2     6
  4.2273140611934823E-01 b      1347     2     7
 -4.1839716071744787E-01 b      1348     2     8
  1.1199562780630521E+00 b      1349     2     9
 -6.1357693593655283E-01 b      1350     2    10
 -7.4527419885797186E-01 b      1351     2    11
 -1.2070328375722184E+00 b      1352     2    12
  8.2435241611837418E-01 b      1353     2    13
  9.9536896191406876E-01 b      1354     2    14
  1.1373653730198279E+00 b      1355     2    15
 -5.8768763421351078E-01 b      1356     2    16
  1.7115071085750397E-01 b      1357     2    17
  3.4916151546795288E-01 b      1358     2    18
  1.2011514880154337E+00 b      1359     2    19
 -1.0538580907162438E+00 b      1360     2    20
  3.0540313119943968E-01 a      1361     2     1     3     1
  1.5939728112176328E+00 a      1362     2     2     3     1
 -1.5345362740892741E+00 a      1363     2     3     3     1
 -3.2175212123351088E-01 a      1364     2     4     3     1
  4.6845979170583857E-01 a      1365     2     5     3     1
 -9.9038949283573929E-01 a      1366     2     6     3     1
 -6.7280550146038531E-01 a      1367     2     7     3     1
 -1.7182487683893280E-01 a      1368     2     8     3     1
  4.5244024721022547E-01 a      1369     2     9     3     1
 -8.6292728772236194E-01 a      1370     2    10     3     1
  1.5089172626719143E+00 a      1371     2    11     3     1
  5.6502996147208211E-02 a      1372     2    12     3     1
 -8.0884270899759553E-02 a      1373     2    13     3     1
 -4.2213711832969686E-01 a      1374     2    14     3     1
 -3.4633814088835868E-02 a      1375     2    15     3     1
  5.4197504165081356E-01 a      1376     2    16     3     1
  3.1021725065491940E-01 a      1377     2    17     3     1
  6.5628710899162823E-01 a      1378     2    18     3     1
 -2.4721017193223471E-01 a      1379     2    19     3     1
  3.5540993667158172E-01 a      1380     2    20     3     1
  1.8082739325594019E+00 b      1381     3     1
