################################################################################
# Neural network connection values (weights and biases).
################################################################################
# Col  Name       Description
################################################################################
# 1    connection Neural network connection value.
# 2    t          Connection type (a = weight, b = bias).
# 3    index      Index enumerating weights.
# 4    l_s        Starting point layer (end point layer for biases).
# 5    n_s        Starting point neuron in starting layer (end point neuron for biases).
# 6    l_e        End point layer.
# 7    n_e        End point neuron in end layer.
################################################################################
#                      1 2         3     4     5     6     7
#             connection t     index   l_s   n_s   l_e   n_e
############################################################
  1.1947739324085271E-01 a         1     0     1     1     1
 -1.6765713373649835E-01 a         2     0     1     1     2
  2.7062821917402191E-01 a         3     0     1     1     3
 -3.4052468600758744E-02 a         4     0     1     1     4
  8.1340240378062950E-02 a         5     0     1     1     5
  2.4404520304971122E-01 a         6     0     1     1     6
  5.2559295173684695E-01 a         7     0     1     1     7
 -9.1741152370077628E-02 a         8     0     1     1     8
 -1.8280648491111459E-01 a         9     0     1     1     9
 -9.4100950136189021E-02 a        10     0     1     1    10
  2.7564551627428435E-01 a        11     0     1     1    11
  3.5109071097525096E-01 a        12     0     1     1    12
 -1.8665864518883277E-01 a        13     0     1     1    13
  6.3123958728764362E-02 a        14     0     1     1    14
 -2.7091730801756103E-01 a        15     0     1     1    15
  3.4733868910874804E-01 a        16     0     1     1    16
 -1.2683629984271794E-01 a        17     0     1     1    17
  2.9750885415931183E-01 a        18     0     1     1    18
  2.1936951335972141E-01 a        19     0     1     1    19
  1.8262040284145003E-02 a        20     0     1     1    20
 -1.0859330307819693E-03 a        21     0     2     1     1
  8.3864382791418723E-02 a        22     0     2     1     2
 -3.5500414631589494E-01 a        23     0     2     1     3
 -2.5488656792301378E-01 a        24     0     2     1     4
  9.6744225129660730E-02 a        25     0     2     1     5
  2.1335267253414519E-01 a        26     0     2     1     6
  4.0677316764028726E-01 a        27     0     2     1     7
  2.1530165366715273E-01 a        28     0     2     1     8
 -6.4242828445274158E-03 a        29     0     2     1     9
  6.4152049068255071E-02 a        30     0     2     1    10
 -1.8107705433290572E-01 a        31     0     2     1    11
  8.1369483877223231E-02 a        32     0     2     1    12
 -1.9701705812560588E-01 a        33     0     2     1    13
  1.2960437892819432E-01 a        34     0     2     1    14
  1.6059585648391875E-01 a        35     0     2     1    15
  9.8148776615118241E-02 a        36     0     2     1    16
 -2.7486928678628231E-01 a        37     0     2     1    17
 -9.9539397546617989E-02 a        38     0     2     1    18
  4.4004453871983151E-01 a        39     0     2     1    19
 -2.7119258625898318E-01 a        40     0     2     1    20
  4.6262468299535051E-02 a        41     0     3     1     1
 -1.2571502250937194E-01 a        42     0     3     1     2
 -8.0694661625964836E-02 a        43     0     3     1     3
  1.4311652400312264E-01 a        44     0     3     1     4
  2.7741702562674359E-01 a        45     0     3     1     5
 -8.2732466167721661E-02 a        46     0     3     1     6
 -1.0876063872938158E-01 a        47     0     3     1     7
  8.5560544472199004E-03 a        48     0     3     1     8
  2.6249625276307509E-01 a        49     0     3     1     9
 -9.0540101194504494E-02 a        50     0     3     1    10
  1.9805063714625820E-01 a        51     0     3     1    11
 -1.0040293575629872E-01 a        52     0     3     1    12
  8.3972384383436210E-02 a        53     0     3     1    13
 -1.4913821653412598E-01 a        54     0     3     1    14
  4.0830871570851870E-02 a        55     0     3     1    15
 -5.0610635905910778E-02 a        56     0     3     1    16
 -2.2134232258878388E-02 a        57     0     3     1    17
 -1.7985155372325690E-01 a        58     0     3     1    18
 -2.4232115434638399E-01 a        59     0     3     1    19
 -2.5792050448353965E-01 a        60     0     3     1    20
  2.8192137742083245E-01 a        61     0     4     1     1
  2.7450091088886258E-01 a        62     0     4     1     2
  1.7912425727368075E-01 a        63     0     4     1     3
  2.3814662301716888E-01 a        64     0     4     1     4
 -5.4446763007865745E-02 a        65     0     4     1     5
 -1.8343451202822858E-01 a        66     0     4     1     6
 -2.0141247057209472E-01 a        67     0     4     1     7
  1.5224511667771493E-01 a        68     0     4     1     8
  1.9671128449436323E-01 a        69     0     4     1     9
 -5.2463932124185131E-01 a        70     0     4     1    10
 -3.7960851294806869E-01 a        71     0     4     1    11
 -5.0449688436604889E-01 a        72     0     4     1    12
  2.0163499306983440E-01 a        73     0     4     1    13
 -2.1020314710671134E-01 a        74     0     4     1    14
  7.8856608601069758E-02 a        75     0     4     1    15
 -3.2544221771470389E-01 a        76     0     4     1    16
 -1.4066708855870369E-01 a        77     0     4     1    17
  7.8885913387248736E-04 a        78     0     4     1    18
 -2.5330905925637870E-01 a        79     0     4     1    19
  3.5132754282534867E-01 a        80     0     4     1    20
 -1.8470732456381625E-01 a        81     0     5     1     1
 -1.4044287129422386E-01 a        82     0     5     1     2
 -3.0833266829781703E-01 a        83     0     5     1     3
 -1.3627432824579347E-01 a        84     0     5     1     4
 -2.7703002046914997E-02 a        85     0     5     1     5
  2.3818575317970624E-02 a        86     0     5     1     6
  3.4991291168266006E-02 a        87     0     5     1     7
 -3.3039020498959853E-01 a        88     0     5     1     8
 -1.2774339629048295E-01 a        89     0     5     1     9
  5.7803044810610438E-01 a        90     0     5     1    10
 -8.9071455177498232E-02 a        91     0     5     1    11
  4.5379899914974969E-01 a        92     0     5     1    12
 -2.0597575925468853E-01 a        93     0     5     1    13
  1.5759655950433904E-01 a        94     0     5     1    14
  6.3528995357716933E-01 a        95     0     5     1    15
 -3.0113495604793722E-01 a        96     0     5     1    16
  4.3898494867198184E-01 a        97     0     5     1    17
  3.4107350968492067E-01 a        98     0     5     1    18
 -4.4222381937308974E-01 a        99     0     5     1    19
 -9.4335532072553477E-02 a       100     0     5     1    20
 -3.3229919789486984E-01 a       101     0     6     1     1
 -2.2634042880271574E-01 a       102     0     6     1     2
  1.1360966279619801E-01 a       103     0     6     1     3
 -2.2813239294045473E-01 a       104     0     6     1     4
 -8.1516657253111260E-02 a       105     0     6     1     5
 -8.5234089620903497E-01 a       106     0     6     1     6
 -3.1861516374487819E-01 a       107     0     6     1     7
 -5.3074643418843520E-02 a       108     0     6     1     8
 -4.1159740815111590E-01 a       109     0     6     1     9
 -1.5556892367656136E-01 a       110     0     6     1    10
 -2.5521027435195326E-02 a       111     0     6     1    11
 -5.9208035739401373E-02 a       112     0     6     1    12
  1.6626584701406494E-01 a       113     0     6     1    13
  2.9909531112049192E-01 a       114     0     6     1    14
 -6.2302714483294865E-02 a       115     0     6     1    15
 -5.5210296674364201E-01 a       116     0     6     1    16
  6.7147429257019464E-01 a       117     0     6     1    17
  1.8236136476391332E-01 a       118     0     6     1    18
 -5.8102888906543504E-01 a       119     0     6     1    19
  9.2383947706785374E-02 a       120     0     6     1    20
  8.7539489027231271E-02 a       121     0     7     1     1
  3.0087992290424286E-02 a       122     0     7     1     2
 -7.3542261255693797E-02 a       123     0     7     1     3
  6.3606483927231083E-01 a       124     0     7     1     4
  2.1730261604239814E-01 a       125     0     7     1     5
  6.9798980691813714E-02 a       126     0     7     1     6
  1.7890703735763497E-01 a       127     0     7     1     7
  1.9902584289472640E-03 a       128     0     7     1     8
 -4.2963488855185461E-01 a       129     0     7     1     9
  2.6054948054631794E-01 a       130     0     7     1    10
  1.9589329309826686E-01 a       131     0     7     1    11
  7.8457055049099292E-02 a       132     0     7     1    12
 -1.4146377319803563E-01 a       133     0     7     1    13
 -1.9588593721061831E-01 a       134     0     7     1    14
  1.0333868714594356E-01 a       135     0     7     1    15
  3.2919392584108792E-01 a       136     0     7     1    16
  1.2852038622171896E-01 a       137     0     7     1    17
  2.6450238084142003E-01 a       138     0     7     1    18
  5.0524216938275845E-01 a       139     0     7     1    19
 -1.6419068135689982E-02 a       140     0     7     1    20
 -2.7406579702989864E-01 a       141     0     8     1     1
  1.6767146553013212E-01 a       142     0     8     1     2
 -1.1802659377651729E-02 a       143     0     8     1     3
 -5.7525108974131156E-01 a       144     0     8     1     4
 -1.9469790198977857E-01 a       145     0     8     1     5
 -3.9532913269367470E-01 a       146     0     8     1     6
 -8.7753415268981727E-02 a       147     0     8     1     7
 -1.2927728209839090E-01 a       148     0     8     1     8
  9.5677992749914675E-02 a       149     0     8     1     9
 -4.6211365356222539E-01 a       150     0     8     1    10
  4.3773253144655244E-02 a       151     0     8     1    11
 -1.1981099097544334E-01 a       152     0     8     1    12
 -9.3139011179220632E-02 a       153     0     8     1    13
 -1.8608807118075726E-01 a       154     0     8     1    14
 -2.4996381244655225E-01 a       155     0     8     1    15
  4.6495909365567784E-01 a       156     0     8     1    16
 -2.2862034000032827E-01 a       157     0     8     1    17
 -2.6105013578340974E-01 a       158     0     8     1    18
  5.3292702949981019E-01 a       159     0     8     1    19
  2.3962145308417535E-02 a       160     0     8     1    20
  1.0895816096114880E-01 a       161     0     9     1     1
 -1.9823720327468777E-01 a       162     0     9     1     2
 -9.6770560608456596E-02 a       163     0     9     1     3
 -2.2658842735785187E-01 a       164     0     9     1     4
 -1.7092131592173970E-01 a       165     0     9     1     5
  1.8926109238435660E-02 a       166     0     9     1     6
 -4.1229922235990007E-02 a       167     0     9     1     7
 -1.9547271071682474E-02 a       168     0     9     1     8
 -1.5978691548810384E-01 a       169     0     9     1     9
 -4.1171448230380153E-01 a       170     0     9     1    10
 -2.3545696736725791E-01 a       171     0     9     1    11
 -1.0188027731694695E-01 a       172     0     9     1    12
 -1.2346330315076423E-01 a       173     0     9     1    13
 -3.8566678542554668E-02 a       174     0     9     1    14
  3.9775548353328596E-02 a       175     0     9     1    15
 -2.1535616311602843E-01 a       176     0     9     1    16
  1.5903846956017978E-01 a       177     0     9     1    17
 -9.6827685568450256E-02 a       178     0     9     1    18
  1.0925763427024446E-01 a       179     0     9     1    19
  3.6871710375881994E-02 a       180     0     9     1    20
 -2.2835670852530277E-01 a       181     0    10     1     1
 -2.5839308450752152E-01 a       182     0    10     1     2
  3.1651175456589870E-01 a       183     0    10     1     3
  3.9350215426799867E-02 a       184     0    10     1     4
 -3.2388353220106714E-04 a       185     0    10     1     5
 -2.8110962630866748E-01 a       186     0    10     1     6
  1.2476310248054984E-01 a       187     0    10     1     7
 -4.0095182751690683E-01 a       188     0    10     1     8
 -9.0459392175306047E-02 a       189     0    10     1     9
  1.5413299119686782E-01 a       190     0    10     1    10
  4.3081011353750795E-02 a       191     0    10     1    11
  1.5364829881179445E-01 a       192     0    10     1    12
 -1.7435002302905214E-01 a       193     0    10     1    13
  3.3524709341992592E-01 a       194     0    10     1    14
 -2.8189947802960424E-01 a       195     0    10     1    15
 -2.4617496685828213E-02 a       196     0    10     1    16
 -9.1359666025074907E-02 a       197     0    10     1    17
 -2.0166215370061861E-02 a       198     0    10     1    18
  8.7193934953330901E-02 a       199     0    10     1    19
  1.3785202593620971E-01 a       200     0    10     1    20
  2.9137308383024557E-01 a       201     0    11     1     1
  2.7862027785768279E-01 a       202     0    11     1     2
  3.5182175419732153E-01 a       203     0    11     1     3
  3.1289518304929098E-01 a       204     0    11     1     4
  2.3374139028866162E-01 a       205     0    11     1     5
  1.1910690049482921E-01 a       206     0    11     1     6
 -1.2426043803516096E-01 a       207     0    11     1     7
 -1.9760937289397568E-01 a       208     0    11     1     8
 -2.2410499871402447E-02 a       209     0    11     1     9
 -1.4567090046389081E-01 a       210     0    11     1    10
 -2.3187201402604418E-01 a       211     0    11     1    11
 -1.5314493144464614E-01 a       212     0    11     1    12
  4.4986065623250410E-01 a       213     0    11     1    13
 -1.1627494069528399E-01 a       214     0    11     1    14
  3.8220143345008656E-01 a       215     0    11     1    15
 -3.4555720442122595E-01 a       216     0    11     1    16
  2.5229615687225859E-01 a       217     0    11     1    17
 -2.1579254395084008E-01 a       218     0    11     1    18
 -1.9902763751594948E-01 a       219     0    11     1    19
 -5.2811555624042350E-01 a       220     0    11     1    20
 -1.8976097702744432E-01 a       221     0    12     1     1
 -3.4840313792518929E-01 a       222     0    12     1     2
  1.6853327930880516E-01 a       223     0    12     1     3
  4.6759682372346539E-01 a       224     0    12     1     4
  6.7807907474693771E-02 a       225     0    12     1     5
  2.7502724684035146E-01 a       226     0    12     1     6
  3.6146717682816348E-01 a       227     0    12     1     7
 -2.7236404365546596E-01 a       228     0    12     1     8
 -2.1516591958736603E-01 a       229     0    12     1     9
  3.0935088742765016E-01 a       230     0    12     1    10
 -2.6848535243335558E-01 a       231     0    12     1    11
 -4.4601106057035234E-01 a       232     0    12     1    12
  2.1193318215759574E-01 a       233     0    12     1    13
  2.6066731277520500E-01 a       234     0    12     1    14
  7.2686588040020480E-03 a       235     0    12     1    15
 -5.3785252315448166E-02 a       236     0    12     1    16
  3.6349451749698079E-02 a       237     0    12     1    17
  1.5041882400586512E-01 a       238     0    12     1    18
 -1.1718709388768335E-01 a       239     0    12     1    19
 -7.0600323645362384E-01 a       240     0    12     1    20
  5.0422518368123270E-01 a       241     0    13     1     1
  5.4715830881011618E-01 a       242     0    13     1     2
 -2.2570203457341545E-01 a       243     0    13     1     3
 -1.1931321196899322E-01 a       244     0    13     1     4
 -1.2080055529533579E-01 a       245     0    13     1     5
  7.6149548048361757E-02 a       246     0    13     1     6
  8.5739478015248075E-02 a       247     0    13     1     7
 -1.1468406292713078E-01 a       248     0    13     1     8
  2.2931619239275666E-01 a       249     0    13     1     9
 -3.2675396088012992E-01 a       250     0    13     1    10
 -2.0634465661742599E-01 a       251     0    13     1    11
  3.0487507224697757E-02 a       252     0    13     1    12
  4.4503349006178500E-01 a       253     0    13     1    13
 -3.1248517495257527E-01 a       254     0    13     1    14
  9.3135195821814204E-02 a       255     0    13     1    15
 -2.6932916872246204E-01 a       256     0    13     1    16
 -7.3699946596989308E-02 a       257     0    13     1    17
 -7.4959607476487236E-02 a       258     0    13     1    18
 -3.6078209704173310E-02 a       259     0    13     1    19
 -4.0390532323771877E-01 a       260     0    13     1    20
 -1.4537342323780165E-03 a       261     0    14     1     1
 -5.2438800468050432E-02 a       262     0    14     1     2
  4.4774221544026749E-01 a       263     0    14     1     3
  3.0682023709961165E-02 a       264     0    14     1     4
 -3.8566786596850455E-01 a       265     0    14     1     5
  2.2574511510773426E-01 a       266     0    14     1     6
  6.7529405774272366E-01 a       267     0    14     1     7
 -1.4975028384070679E-01 a       268     0    14     1     8
 -2.1935224326803920E-01 a       269     0    14     1     9
 -5.8632765574644634E-02 a       270     0    14     1    10
 -6.0789334427832527E-02 a       271     0    14     1    11
  1.6868562368452455E-01 a       272     0    14     1    12
 -1.5357176343616749E-01 a       273     0    14     1    13
  4.2232071621428835E-02 a       274     0    14     1    14
  2.2041143190554441E-01 a       275     0    14     1    15
  1.0571143807065173E-01 a       276     0    14     1    16
  1.3057796197554802E-01 a       277     0    14     1    17
 -2.5599183884607815E-02 a       278     0    14     1    18
  1.1030472877689783E-01 a       279     0    14     1    19
  5.4001370412367389E-01 a       280     0    14     1    20
 -1.7568027540407649E-01 a       281     0    15     1     1
 -3.8834107989185923E-01 a       282     0    15     1     2
  1.1636989544093006E-01 a       283     0    15     1     3
 -2.3421135212276772E-02 a       284     0    15     1     4
  6.7433987365669870E-02 a       285     0    15     1     5
  1.4485770097930323E-01 a       286     0    15     1     6
 -1.7172150146674783E-01 a       287     0    15     1     7
 -2.5006940699914870E-01 a       288     0    15     1     8
 -2.1287499882040531E-01 a       289     0    15     1     9
  3.7337500645946320E-01 a       290     0    15     1    10
  6.9248619534920519E-01 a       291     0    15     1    11
  2.6251701667501054E-01 a       292     0    15     1    12
  5.3345024113055344E-03 a       293     0    15     1    13
  1.5873878731670113E-01 a       294     0    15     1    14
 -2.3820913117827075E-01 a       295     0    15     1    15
 -1.7488917286066380E-01 a       296     0    15     1    16
  2.2057519688571542E-01 a       297     0    15     1    17
  7.8293069803983123E-02 a       298     0    15     1    18
  6.2851039414285909E-02 a       299     0    15     1    19
 -2.2046075047797899E-02 a       300     0    15     1    20
 -1.1699802046066693E-01 a       301     0    16     1     1
  3.3866266870471684E-01 a       302     0    16     1     2
 -4.2832058092280806E-01 a       303     0    16     1     3
  2.2238629263944779E-01 a       304     0    16     1     4
  6.6654668066564532E-02 a       305     0    16     1     5
 -5.9250318639185930E-02 a       306     0    16     1     6
 -1.1391997004777872E-01 a       307     0    16     1     7
 -1.3235247797403019E-01 a       308     0    16     1     8
 -4.4406691950198546E-01 a       309     0    16     1     9
  9.1117908741687126E-01 a       310     0    16     1    10
  2.1384754116766289E-01 a       311     0    16     1    11
  3.5989716854423870E-01 a       312     0    16     1    12
 -8.7201936686794920E-02 a       313     0    16     1    13
 -6.9650626103247735E-03 a       314     0    16     1    14
  9.8836356987877827E-01 a       315     0    16     1    15
  2.9306918081515665E-01 a       316     0    16     1    16
 -1.5977183560163952E-02 a       317     0    16     1    17
  2.1775792998500876E-01 a       318     0    16     1    18
 -5.4975611429672756E-02 a       319     0    16     1    19
 -2.5108313865775600E-01 a       320     0    16     1    20
  1.7611074349049860E-01 a       321     0    17     1     1
 -3.7391886846355187E-02 a       322     0    17     1     2
  2.2488454783826289E-01 a       323     0    17     1     3
 -7.1781394114773703E-02 a       324     0    17     1     4
 -4.6181620578921639E-01 a       325     0    17     1     5
  1.8547536929356495E-01 a       326     0    17     1     6
  1.2454647329356694E-01 a       327     0    17     1     7
  2.3834730650662111E-01 a       328     0    17     1     8
  2.6766617620205163E-01 a       329     0    17     1     9
 -6.3244140101387936E-01 a       330     0    17     1    10
 -4.7265828576708235E-01 a       331     0    17     1    11
 -8.0923976115405116E-01 a       332     0    17     1    12
 -1.9413684793490005E-01 a       333     0    17     1    13
 -6.3857106312424627E-01 a       334     0    17     1    14
 -1.1359784267754740E+00 a       335     0    17     1    15
 -2.8985482804944163E-01 a       336     0    17     1    16
 -1.9480326826033489E-01 a       337     0    17     1    17
 -1.6887629541484128E-01 a       338     0    17     1    18
 -4.5571537065166257E-02 a       339     0    17     1    19
  5.7746169724474583E-01 a       340     0    17     1    20
  6.8876176876488304E-01 a       341     0    18     1     1
 -1.7875724544381402E-01 a       342     0    18     1     2
  2.2142351018685599E-01 a       343     0    18     1     3
 -4.5469202474337650E-01 a       344     0    18     1     4
 -1.7956315340942539E-01 a       345     0    18     1     5
  2.3284922497512919E-01 a       346     0    18     1     6
 -2.7968352397819307E-01 a       347     0    18     1     7
  7.9156410733058541E-02 a       348     0    18     1     8
 -1.2507103963448801E-01 a       349     0    18     1     9
 -3.7501765714229765E-02 a       350     0    18     1    10
 -8.9846900340699865E-02 a       351     0    18     1    11
 -5.4594729106609907E-01 a       352     0    18     1    12
  4.6158530514343710E-01 a       353     0    18     1    13
  1.6575561193449395E-01 a       354     0    18     1    14
  7.5104872474479514E-02 a       355     0    18     1    15
 -3.9324319787059678E-02 a       356     0    18     1    16
  1.1671730951698391E-01 a       357     0    18     1    17
 -2.5092936756492662E-01 a       358     0    18     1    18
  9.8951303379353192E-02 a       359     0    18     1    19
  2.0440399217911653E-01 a       360     0    18     1    20
 -6.8510144287447472E-01 a       361     0    19     1     1
  2.6744734183657866E-02 a       362     0    19     1     2
 -2.9946893769733862E-01 a       363     0    19     1     3
  2.4246329342168255E-01 a       364     0    19     1     4
  7.9400429669011574E-01 a       365     0    19     1     5
  5.3376020745972794E-02 a       366     0    19     1     6
  1.2120266536597223E-01 a       367     0    19     1     7
 -6.3942702543658692E-01 a       368     0    19     1     8
  4.1859649849965980E-01 a       369     0    19     1     9
  4.4696747247316204E-01 a       370     0    19     1    10
 -7.3703852763236946E-02 a       371     0    19     1    11
  1.2327126657884571E+00 a       372     0    19     1    12
  1.1846758897787983E-02 a       373     0    19     1    13
  2.6962334258693638E-01 a       374     0    19     1    14
 -2.5381413352524940E-01 a       375     0    19     1    15
  3.6173776134167189E-02 a       376     0    19     1    16
  6.9886673585099104E-02 a       377     0    19     1    17
  6.0059580942677759E-01 a       378     0    19     1    18
 -3.3411315532926027E-02 a       379     0    19     1    19
 -5.3963836164183443E-01 a       380     0    19     1    20
  2.4654989244109896E-01 a       381     0    20     1     1
 -1.6955208985552143E-02 a       382     0    20     1     2
  2.0851392836061175E-01 a       383     0    20     1     3
 -1.9708702399926459E-01 a       384     0    20     1     4
  1.9718859135513536E-02 a       385     0    20     1     5
 -2.7761451345445463E-02 a       386     0    20     1     6
  3.3239131535276250E-03 a       387     0    20     1     7
  4.4371955796447171E-01 a       388     0    20     1     8
 -4.7726891821639117E-03 a       389     0    20     1     9
 -3.2602151459572493E-01 a       390     0    20     1    10
 -4.9609048146813946E-02 a       391     0    20     1    11
 -5.3058489265267184E-01 a       392     0    20     1    12
 -2.7400146163393957E-01 a       393     0    20     1    13
  4.5644834905663817E-02 a       394     0    20     1    14
 -5.7246060875491600E-01 a       395     0    20     1    15
 -1.2447333355970337E-01 a       396     0    20     1    16
 -2.8497533584667861E-01 a       397     0    20     1    17
 -2.3311155226563920E-02 a       398     0    20     1    18
  2.6818898165153682E-01 a       399     0    20     1    19
  1.0542467295071138E-01 a       400     0    20     1    20
  2.9034598892139474E-01 a       401     0    21     1     1
  3.0211793774927709E-02 a       402     0    21     1     2
  9.8053156828557961E-02 a       403     0    21     1     3
 -2.7073889230146653E-01 a       404     0    21     1     4
 -1.7258441144192330E-01 a       405     0    21     1     5
 -7.9825928513762898E-02 a       406     0    21     1     6
 -9.6286108667379841E-02 a       407     0    21     1     7
  2.2377585799403232E-01 a       408     0    21     1     8
 -2.5820816351541231E-01 a       409     0    21     1     9
  1.2933227591054183E-01 a       410     0    21     1    10
 -4.2276555003231985E-02 a       411     0    21     1    11
  3.2401391943888064E-01 a       412     0    21     1    12
 -2.1877461402254905E-01 a       413     0    21     1    13
  1.0270910087305393E-01 a       414     0    21     1    14
  5.9841120932385228E-01 a       415     0    21     1    15
 -2.9418706343119011E-01 a       416     0    21     1    16
  3.9570359629714544E-02 a       417     0    21     1    17
 -3.6737206396597294E-01 a       418     0    21     1    18
 -7.6384294089019145E-02 a       419     0    21     1    19
 -2.9965533996328751E-02 a       420     0    21     1    20
 -3.7078015858640656E-01 a       421     0    22     1     1
  4.9177428912626653E-01 a       422     0    22     1     2
 -3.1356851421193221E-01 a       423     0    22     1     3
 -2.6426090308124811E-01 a       424     0    22     1     4
  1.2991541534259957E-01 a       425     0    22     1     5
 -1.9581601019061298E-01 a       426     0    22     1     6
  4.8119987628387012E-02 a       427     0    22     1     7
 -1.2565337701473150E-01 a       428     0    22     1     8
  2.3152584057707351E-01 a       429     0    22     1     9
 -5.0536174412569419E-02 a       430     0    22     1    10
  3.5995657606141179E-02 a       431     0    22     1    11
  8.1359079514627449E-03 a       432     0    22     1    12
 -1.4526208538095847E-01 a       433     0    22     1    13
  3.9574114318725057E-01 a       434     0    22     1    14
  2.7749211870053797E-01 a       435     0    22     1    15
  4.4050700848336628E-02 a       436     0    22     1    16
 -1.9020754511172444E-01 a       437     0    22     1    17
 -8.5688002987511377E-02 a       438     0    22     1    18
 -4.6784381011036735E-01 a       439     0    22     1    19
 -8.1824433307284866E-02 a       440     0    22     1    20
 -8.4855378981526591E-02 a       441     0    23     1     1
 -4.1680120012678029E-01 a       442     0    23     1     2
  1.8584663906541785E-01 a       443     0    23     1     3
  2.2322476801321703E-01 a       444     0    23     1     4
 -3.5529845657206133E-01 a       445     0    23     1     5
 -2.0554824437553551E-01 a       446     0    23     1     6
 -2.6693916726542499E-01 a       447     0    23     1     7
 -3.0856257791731161E-02 a       448     0    23     1     8
  4.7116149457517936E-01 a       449     0    23     1     9
 -4.1234367294365964E-01 a       450     0    23     1    10
 -2.0728546952302893E-01 a       451     0    23     1    11
 -6.5418026476232372E-01 a       452     0    23     1    12
  1.1600912060862278E-01 a       453     0    23     1    13
 -6.1899501778883703E-01 a       454     0    23     1    14
 -2.8916233341359621E-01 a       455     0    23     1    15
  2.1731634575405792E-01 a       456     0    23     1    16
  3.0416408828710034E-01 a       457     0    23     1    17
  3.4148169912110296E-02 a       458     0    23     1    18
  4.2406628553110898E-01 a       459     0    23     1    19
  1.4591037999517817E-01 a       460     0    23     1    20
 -1.6072900003270008E-01 a       461     0    24     1     1
  2.6423481949279348E-01 a       462     0    24     1     2
  1.2866540034928714E-01 a       463     0    24     1     3
 -1.8287502724203326E-02 a       464     0    24     1     4
  4.5429599768962430E-02 a       465     0    24     1     5
 -4.6089669987581572E-01 a       466     0    24     1     6
 -6.6444682470426494E-02 a       467     0    24     1     7
 -1.5506449034079325E-01 a       468     0    24     1     8
 -8.2111822630522566E-02 a       469     0    24     1     9
 -2.6485219340752841E-01 a       470     0    24     1    10
 -1.2305261341102926E-01 a       471     0    24     1    11
 -4.6772276818801181E-02 a       472     0    24     1    12
 -2.3131467024146857E-01 a       473     0    24     1    13
  2.3146117262635285E-01 a       474     0    24     1    14
 -2.5154559535263160E-01 a       475     0    24     1    15
 -1.9230789736597109E-01 a       476     0    24     1    16
 -1.7790013007373137E-01 a       477     0    24     1    17
 -4.7259189954300179E-03 a       478     0    24     1    18
 -4.7026114148551630E-02 a       479     0    24     1    19
 -1.0196414297680222E-01 a       480     0    24     1    20
  3.0669867427077502E-02 a       481     0    25     1     1
 -1.4736501522913181E-01 a       482     0    25     1     2
 -3.3330232931333398E-01 a       483     0    25     1     3
 -4.3988496475745192E-01 a       484     0    25     1     4
 -1.0369181199797735E+00 a       485     0    25     1     5
  2.4020297007651253E-01 a       486     0    25     1     6
  3.7870216560701364E-01 a       487     0    25     1     7
  2.2636543144366364E-01 a       488     0    25     1     8
 -2.2505040978919663E-01 a       489     0    25     1     9
  5.8949523286956657E-02 a       490     0    25     1    10
 -4.2977503633923814E-01 a       491     0    25     1    11
  8.8706663039967437E-02 a       492     0    25     1    12
  3.5388808699327262E-01 a       493     0    25     1    13
  2.6063686106740119E-01 a       494     0    25     1    14
 -9.4640164632964902E-02 a       495     0    25     1    15
 -3.0050118475161447E-01 a       496     0    25     1    16
  4.1814010320141079E-02 a       497     0    25     1    17
 -8.5850406541099689E-01 a       498     0    25     1    18
 -6.0473835342652693E-01 a       499     0    25     1    19
 -1.7117566081665958E-01 a       500     0    25     1    20
  8.4848440454234272E-03 a       501     0    26     1     1
 -2.6737612129244032E-01 a       502     0    26     1     2
 -4.4211567604338164E-01 a       503     0    26     1     3
  8.7610728173086919E-02 a       504     0    26     1     4
 -2.2737089480107942E-01 a       505     0    26     1     5
 -5.6648956308512945E-02 a       506     0    26     1     6
 -1.9501416971187507E-01 a       507     0    26     1     7
  1.5492765569836123E-01 a       508     0    26     1     8
 -4.9328271077970454E-01 a       509     0    26     1     9
  1.9909153636520144E-01 a       510     0    26     1    10
  2.1251600211706495E-02 a       511     0    26     1    11
 -7.1233389389024582E-01 a       512     0    26     1    12
 -7.3020967418937877E-02 a       513     0    26     1    13
  1.3342918365066195E-01 a       514     0    26     1    14
  3.8267310758799322E-01 a       515     0    26     1    15
  1.5103091927711657E-01 a       516     0    26     1    16
 -8.2340417246603792E-02 a       517     0    26     1    17
  1.5077580750567638E-02 a       518     0    26     1    18
 -3.3555934447719210E-01 a       519     0    26     1    19
  2.4310425019601967E-01 a       520     0    26     1    20
 -7.9744886490553581E-03 a       521     0    27     1     1
 -3.0526817932069183E-01 a       522     0    27     1     2
 -5.4754341304900200E-01 a       523     0    27     1     3
 -2.7783179643900519E-01 a       524     0    27     1     4
  1.4594847062463798E-01 a       525     0    27     1     5
 -4.7002659098146216E-01 a       526     0    27     1     6
 -3.7223623521089833E-01 a       527     0    27     1     7
 -2.3406099022020377E-01 a       528     0    27     1     8
  5.0120138393059044E-01 a       529     0    27     1     9
 -2.5333586747761105E-01 a       530     0    27     1    10
  2.8549810403351680E-02 a       531     0    27     1    11
  1.1375839447302863E-01 a       532     0    27     1    12
  1.8149309532693178E-01 a       533     0    27     1    13
 -1.3583707628816938E-01 a       534     0    27     1    14
 -4.3225601503324723E-01 a       535     0    27     1    15
  1.8375369061362379E-01 a       536     0    27     1    16
 -1.7023786065198970E-01 a       537     0    27     1    17
  5.9496408214242025E-01 a       538     0    27     1    18
  1.6566430529245610E-01 a       539     0    27     1    19
  1.6633395009372234E-01 a       540     0    27     1    20
  1.2999001993445103E-01 a       541     0    28     1     1
 -2.3488567971321739E-01 a       542     0    28     1     2
 -2.7628819021141232E-01 a       543     0    28     1     3
  1.2687249365994534E-02 a       544     0    28     1     4
  4.0790058722317474E-01 a       545     0    28     1     5
 -8.0083240524142535E-02 a       546     0    28     1     6
 -1.5715506127405662E-01 a       547     0    28     1     7
 -9.2444145923578760E-02 a       548     0    28     1     8
 -2.8347606214532184E-01 a       549     0    28     1     9
  1.9663193663364567E-01 a       550     0    28     1    10
 -2.8608626574517678E-02 a       551     0    28     1    11
  1.4859617369607839E-01 a       552     0    28     1    12
 -6.5476112399661293E-02 a       553     0    28     1    13
  8.2623530499234252E-02 a       554     0    28     1    14
 -2.9586947076313021E-02 a       555     0    28     1    15
 -2.8182376793765407E-01 a       556     0    28     1    16
 -2.1786042674233133E-01 a       557     0    28     1    17
 -1.3582702492312571E-01 a       558     0    28     1    18
 -1.4907359082834823E-01 a       559     0    28     1    19
 -9.3159785697448927E-03 a       560     0    28     1    20
  1.3592029205507808E-01 a       561     0    29     1     1
 -4.1797614210622680E-01 a       562     0    29     1     2
  4.8781958052841107E-01 a       563     0    29     1     3
  4.4217076896733803E-01 a       564     0    29     1     4
 -5.2344576602547876E-02 a       565     0    29     1     5
  4.3527809087968511E-01 a       566     0    29     1     6
 -9.0733946835309266E-03 a       567     0    29     1     7
 -1.6795881003542859E-01 a       568     0    29     1     8
  3.3961893707535135E-01 a       569     0    29     1     9
  2.4255335795812943E-01 a       570     0    29     1    10
  1.0801401280944352E-02 a       571     0    29     1    11
  2.0506779290354488E-01 a       572     0    29     1    12
  2.6415955591193929E-01 a       573     0    29     1    13
  3.9641725933177357E-01 a       574     0    29     1    14
  3.4904812894130316E-01 a       575     0    29     1    15
 -2.1651850202234763E-01 a       576     0    29     1    16
 -4.8758792589814762E-02 a       577     0    29     1    17
  1.5597325278064611E-01 a       578     0    29     1    18
 -6.0237364255142456E-01 a       579     0    29     1    19
  2.3362410595819194E-01 a       580     0    29     1    20
  2.2292583435540844E-01 a       581     0    30     1     1
  5.1184744276936089E-01 a       582     0    30     1     2
  9.4547188902814092E-02 a       583     0    30     1     3
  2.0214696367717200E-01 a       584     0    30     1     4
  3.2478455356909031E-01 a       585     0    30     1     5
 -7.5906487240859480E-02 a       586     0    30     1     6
 -2.6946695078683053E-01 a       587     0    30     1     7
 -1.1142617902011417E-01 a       588     0    30     1     8
 -1.1848699527446215E-01 a       589     0    30     1     9
  7.2904798458710840E-02 a       590     0    30     1    10
  2.8690699117611734E-01 a       591     0    30     1    11
 -3.7963989760527678E-01 a       592     0    30     1    12
  3.6833173566872011E-02 a       593     0    30     1    13
  4.7557999173053499E-02 a       594     0    30     1    14
 -1.5336336651382765E-01 a       595     0    30     1    15
 -2.1709415708081917E-01 a       596     0    30     1    16
 -3.0348583608543184E-01 a       597     0    30     1    17
 -1.6574543303044359E-01 a       598     0    30     1    18
 -1.4499382291074683E-01 a       599     0    30     1    19
 -3.0195131456793145E-01 a       600     0    30     1    20
  1.1903878503503038E-01 a       601     0    31     1     1
  2.7220947521923250E-01 a       602     0    31     1     2
 -2.3245076168335890E-01 a       603     0    31     1     3
  2.3636242051609024E-01 a       604     0    31     1     4
 -4.1889038190682508E-02 a       605     0    31     1     5
 -5.3927211302114486E-01 a       606     0    31     1     6
 -5.9649259202479510E-01 a       607     0    31     1     7
  1.9584889389193880E-01 a       608     0    31     1     8
 -5.2450584522248633E-01 a       609     0    31     1     9
 -3.9738231793964618E-01 a       610     0    31     1    10
  1.0803534572421625E-01 a       611     0    31     1    11
  7.6382004672913926E-03 a       612     0    31     1    12
  1.0648727577072836E-01 a       613     0    31     1    13
 -3.7565881216964608E-01 a       614     0    31     1    14
 -7.8678964429714893E-02 a       615     0    31     1    15
  7.7247143744577834E-02 a       616     0    31     1    16
  1.1938117668655081E-02 a       617     0    31     1    17
 -1.5157188128457619E-01 a       618     0    31     1    18
  7.9761778233210412E-01 a       619     0    31     1    19
 -3.1004054614311138E-01 a       620     0    31     1    20
 -1.5333061160470166E-01 a       621     0    32     1     1
 -3.6682861135523259E-01 a       622     0    32     1     2
  4.8620114754170501E-01 a       623     0    32     1     3
 -1.7451795148350761E-02 a       624     0    32     1     4
  2.1619732283513705E-02 a       625     0    32     1     5
  2.3235189946023926E-02 a       626     0    32     1     6
 -4.9802925508181733E-01 a       627     0    32     1     7
 -3.3751446395188783E-01 a       628     0    32     1     8
 -7.8982565753682191E-02 a       629     0    32     1     9
  5.9977806321514948E-02 a       630     0    32     1    10
  1.7472777785810628E-01 a       631     0    32     1    11
 -2.7489013172556875E-01 a       632     0    32     1    12
  2.7489000581835227E-01 a       633     0    32     1    13
 -1.2175527826228318E-01 a       634     0    32     1    14
 -3.2609343309985145E-01 a       635     0    32     1    15
  5.0371321465075525E-01 a       636     0    32     1    16
  3.5287950786449102E-01 a       637     0    32     1    17
 -7.2249045407183951E-02 a       638     0    32     1    18
  3.3581743838686201E-01 a       639     0    32     1    19
  1.6827024667608290E-01 a       640     0    32     1    20
 -4.6272093752428939E-01 a       641     0    33     1     1
 -6.2931415296160775E-01 a       642     0    33     1     2
  4.6905935003274668E-02 a       643     0    33     1     3
 -3.2047903927637533E-01 a       644     0    33     1     4
  2.9568783983951052E-01 a       645     0    33     1     5
  6.4363989153780232E-01 a       646     0    33     1     6
 -2.3702195087137634E-01 a       647     0    33     1     7
  3.0073927288732264E-02 a       648     0    33     1     8
  4.6657796343046221E-01 a       649     0    33     1     9
  6.9983027314692609E-02 a       650     0    33     1    10
  2.1345355945722241E-01 a       651     0    33     1    11
 -1.8402188770492017E-01 a       652     0    33     1    12
 -2.1978255020934453E-01 a       653     0    33     1    13
  2.4874837267261640E-01 a       654     0    33     1    14
  3.0719840435017071E-01 a       655     0    33     1    15
 -2.3151131926259258E-01 a       656     0    33     1    16
 -2.1098087443231520E-01 a       657     0    33     1    17
 -1.2269299666325580E-01 a       658     0    33     1    18
 -2.6589693570027567E-01 a       659     0    33     1    19
 -1.4507942617039316E-01 a       660     0    33     1    20
 -1.3796369905850295E-01 a       661     0    34     1     1
 -9.1206844001860587E-01 a       662     0    34     1     2
  2.8134562494297577E-01 a       663     0    34     1     3
  5.5891470926869635E-01 a       664     0    34     1     4
  8.3419438273986415E-02 a       665     0    34     1     5
  8.9663280366196829E-01 a       666     0    34     1     6
 -1.5996917397921653E-01 a       667     0    34     1     7
 -5.5703435468032059E-01 a       668     0    34     1     8
  2.0146605024973078E-04 a       669     0    34     1     9
 -2.4054849123294317E-01 a       670     0    34     1    10
  2.3798905288124997E-01 a       671     0    34     1    11
 -4.3383431798326821E-01 a       672     0    34     1    12
  4.5684410793678604E-02 a       673     0    34     1    13
  3.5174800243572385E-01 a       674     0    34     1    14
  8.9412804183024761E-02 a       675     0    34     1    15
 -4.5852171525394760E-02 a       676     0    34     1    16
 -1.5521789806407607E-01 a       677     0    34     1    17
 -3.3933461171170842E-01 a       678     0    34     1    18
 -4.5920979914604843E-01 a       679     0    34     1    19
  3.2064894233721680E-01 a       680     0    34     1    20
  9.9278083707147108E-02 a       681     0    35     1     1
  3.0875252671834164E-01 a       682     0    35     1     2
 -4.2154291779638857E-02 a       683     0    35     1     3
 -1.0906635997734307E-01 a       684     0    35     1     4
  2.2864561199190017E-01 a       685     0    35     1     5
 -1.1159871693219390E+00 a       686     0    35     1     6
  4.7219325145007318E-01 a       687     0    35     1     7
  7.2896627359817050E-03 a       688     0    35     1     8
 -7.9037715616357446E-02 a       689     0    35     1     9
 -3.3527424764231478E-01 a       690     0    35     1    10
 -5.8521399603482838E-01 a       691     0    35     1    11
  1.5171856686778903E-01 a       692     0    35     1    12
  5.4323460862989843E-02 a       693     0    35     1    13
 -2.5260142900857707E-01 a       694     0    35     1    14
 -7.8530541824637132E-02 a       695     0    35     1    15
  1.6752078105254620E-01 a       696     0    35     1    16
  1.0405572339630892E-01 a       697     0    35     1    17
  2.0681539139114485E-01 a       698     0    35     1    18
  9.4427882670683361E-02 a       699     0    35     1    19
 -7.7088333755030836E-01 a       700     0    35     1    20
 -3.6720650485982564E-01 a       701     0    36     1     1
  5.6789309578719260E-01 a       702     0    36     1     2
 -8.1834961140457158E-02 a       703     0    36     1     3
  3.7698932370463734E-01 a       704     0    36     1     4
 -5.4109939766097903E-02 a       705     0    36     1     5
 -3.6841727075686637E-01 a       706     0    36     1     6
 -2.3537639116299028E-01 a       707     0    36     1     7
  1.8749529958576225E-01 a       708     0    36     1     8
  5.1387019897086487E-02 a       709     0    36     1     9
 -3.7650768953937952E-01 a       710     0    36     1    10
  1.9301616162341512E-01 a       711     0    36     1    11
  5.0433326508855369E-01 a       712     0    36     1    12
 -1.3267425604421052E-02 a       713     0    36     1    13
  3.2424194279679419E-01 a       714     0    36     1    14
  1.5840375556253028E-01 a       715     0    36     1    15
  4.4171696745116562E-01 a       716     0    36     1    16
 -2.2915633574690022E-01 a       717     0    36     1    17
 -2.7539798476591000E-02 a       718     0    36     1    18
 -3.3802452693458668E-01 a       719     0    36     1    19
  3.5261830889059137E-01 a       720     0    36     1    20
 -7.7945836997349596E-02 a       721     0    37     1     1
 -3.2109325703101960E-01 a       722     0    37     1     2
  8.7980661892368035E-03 a       723     0    37     1     3
  1.2698322734395912E-01 a       724     0    37     1     4
  3.5680595577126234E-01 a       725     0    37     1     5
  2.6554822801068101E-01 a       726     0    37     1     6
 -4.1583624279069359E-01 a       727     0    37     1     7
 -2.3146397511078781E-01 a       728     0    37     1     8
  2.9640243687941931E-01 a       729     0    37     1     9
  1.0956407739311846E-01 a       730     0    37     1    10
  7.2581934518020239E-02 a       731     0    37     1    11
 -1.2262692517094188E-01 a       732     0    37     1    12
 -3.8156193040224780E-02 a       733     0    37     1    13
 -2.8751411924135423E-01 a       734     0    37     1    14
 -6.3599294369205595E-01 a       735     0    37     1    15
 -8.6150045106489742E-02 a       736     0    37     1    16
 -1.6008449391406301E-01 a       737     0    37     1    17
  4.7309910415691736E-01 a       738     0    37     1    18
 -2.9295151917838097E-01 a       739     0    37     1    19
 -2.2813658162302403E-01 a       740     0    37     1    20
  9.9544997168219726E-02 a       741     0    38     1     1
  6.7749468088713283E-01 a       742     0    38     1     2
 -3.0027235487480103E-01 a       743     0    38     1     3
 -6.0230570465498390E-01 a       744     0    38     1     4
  2.7914840085032711E-01 a       745     0    38     1     5
 -1.2700410091689959E-01 a       746     0    38     1     6
  1.1475331436695718E-01 a       747     0    38     1     7
  3.6125366069260850E-01 a       748     0    38     1     8
 -1.0558533007640146E-01 a       749     0    38     1     9
 -4.9299750144462764E-02 a       750     0    38     1    10
  6.4118605147308508E-02 a       751     0    38     1    11
  3.0947899939123263E-01 a       752     0    38     1    12
  1.7081611178294281E-01 a       753     0    38     1    13
 -3.4112518725413343E-01 a       754     0    38     1    14
  2.6739871470154469E-01 a       755     0    38     1    15
  2.6978430956150535E-02 a       756     0    38     1    16
  3.5265743382767678E-01 a       757     0    38     1    17
 -2.6701502572753422E-01 a       758     0    38     1    18
  5.4781498793098116E-01 a       759     0    38     1    19
  4.3507212162080589E-01 a       760     0    38     1    20
  7.8058748290924587E-02 a       761     0    39     1     1
 -3.3653578639012910E-01 a       762     0    39     1     2
  1.7271437444654525E-01 a       763     0    39     1     3
 -4.9960444158957679E-01 a       764     0    39     1     4
 -3.2047483042523195E-01 a       765     0    39     1     5
 -1.3837608162482204E-01 a       766     0    39     1     6
 -3.2263983536553825E-01 a       767     0    39     1     7
  3.4055760563726156E-01 a       768     0    39     1     8
  1.2692732878064534E-02 a       769     0    39     1     9
  4.0963485827205193E-01 a       770     0    39     1    10
  1.3699300892555985E-01 a       771     0    39     1    11
 -2.0461733125166312E-01 a       772     0    39     1    12
  5.9415554038555404E-03 a       773     0    39     1    13
 -4.4211628786172891E-01 a       774     0    39     1    14
 -5.2232700795426101E-01 a       775     0    39     1    15
 -7.9952516977369520E-02 a       776     0    39     1    16
  4.6116512637184814E-01 a       777     0    39     1    17
  2.3084759973844510E-01 a       778     0    39     1    18
 -2.7025065239445223E-01 a       779     0    39     1    19
 -3.0456258661244856E-01 a       780     0    39     1    20
  6.9146061441553452E-01 a       781     0    40     1     1
  2.0109887597054685E-01 a       782     0    40     1     2
 -4.2075013717856580E-01 a       783     0    40     1     3
 -7.9167786458674144E-02 a       784     0    40     1     4
  1.4093459829118030E-01 a       785     0    40     1     5
  3.9661473816138985E-02 a       786     0    40     1     6
  7.3979580751395491E-02 a       787     0    40     1     7
  3.3790768550150657E-01 a       788     0    40     1     8
  2.9020652056414975E-01 a       789     0    40     1     9
  1.0170633986920551E-01 a       790     0    40     1    10
 -1.0704758556724689E-01 a       791     0    40     1    11
  2.2453063505234389E-01 a       792     0    40     1    12
 -1.6570070066482934E-01 a       793     0    40     1    13
  2.7069299603551328E-01 a       794     0    40     1    14
  2.4898465089728053E-01 a       795     0    40     1    15
  2.1067140267018195E-01 a       796     0    40     1    16
 -9.9148413458645515E-02 a       797     0    40     1    17
 -2.8152721303800166E-01 a       798     0    40     1    18
  7.0532562693653866E-01 a       799     0    40     1    19
  5.7424977448271886E-01 a       800     0    40     1    20
 -5.0027529383321188E-02 a       801     0    41     1     1
  1.6650478743405464E-01 a       802     0    41     1     2
  1.7097056959371446E-01 a       803     0    41     1     3
 -3.9017751240070002E-02 a       804     0    41     1     4
 -1.5944506154026643E-02 a       805     0    41     1     5
  1.8076996825268807E-01 a       806     0    41     1     6
  3.8306390759709825E-02 a       807     0    41     1     7
  1.1939731219201798E-02 a       808     0    41     1     8
  9.6091240312578846E-02 a       809     0    41     1     9
 -4.9323381365527733E-02 a       810     0    41     1    10
 -3.0313006936634013E-01 a       811     0    41     1    11
  5.3894849045260325E-02 a       812     0    41     1    12
 -1.3601387550958818E-01 a       813     0    41     1    13
  1.2617048566006733E-01 a       814     0    41     1    14
 -2.5409329668197572E-01 a       815     0    41     1    15
 -3.9003020833495045E-01 a       816     0    41     1    16
 -1.8579747482079459E-01 a       817     0    41     1    17
  5.0793533271166064E-02 a       818     0    41     1    18
 -1.5035105390041967E-01 a       819     0    41     1    19
 -3.7452328460357842E-02 a       820     0    41     1    20
 -2.6253819859918059E-01 a       821     0    42     1     1
 -2.1047642285523949E-01 a       822     0    42     1     2
  6.2750085357978144E-02 a       823     0    42     1     3
 -7.0316949737870130E-02 a       824     0    42     1     4
  3.9477652900482121E-02 a       825     0    42     1     5
 -2.8165965023941558E-01 a       826     0    42     1     6
 -1.4208597616808691E-01 a       827     0    42     1     7
  2.9113368020389602E-01 a       828     0    42     1     8
  2.0081826682381740E-01 a       829     0    42     1     9
 -5.1624049560259344E-01 a       830     0    42     1    10
  6.9944849068026438E-01 a       831     0    42     1    11
 -3.2884740305877452E-01 a       832     0    42     1    12
 -3.1228191508530218E-01 a       833     0    42     1    13
  3.5744553106754035E-02 a       834     0    42     1    14
  1.0825280538510493E-02 a       835     0    42     1    15
  2.2396525982786286E-01 a       836     0    42     1    16
 -2.0106142805144808E-01 a       837     0    42     1    17
 -2.4065694018899364E-01 a       838     0    42     1    18
  1.0039347809138265E-01 a       839     0    42     1    19
 -4.8757015214898843E-02 a       840     0    42     1    20
  1.9428300672814552E-01 a       841     0    43     1     1
  8.3081671206208629E-02 a       842     0    43     1     2
 -2.8267528470016084E-01 a       843     0    43     1     3
 -3.6750004006221686E-02 a       844     0    43     1     4
  6.6028408874808320E-02 a       845     0    43     1     5
 -1.2592735289304044E-01 a       846     0    43     1     6
  2.4520025407820674E-02 a       847     0    43     1     7
 -3.6960587003993850E-02 a       848     0    43     1     8
 -1.2867725009414216E-01 a       849     0    43     1     9
  7.0462901788551052E-02 a       850     0    43     1    10
  2.6735053892737243E-01 a       851     0    43     1    11
 -7.6452026227223288E-02 a       852     0    43     1    12
 -9.6805000585402950E-02 a       853     0    43     1    13
  6.2591178325854965E-02 a       854     0    43     1    14
 -2.0954490444398559E-02 a       855     0    43     1    15
  4.3247071709668822E-01 a       856     0    43     1    16
  5.5026127248917582E-02 a       857     0    43     1    17
  5.2268388017138769E-02 a       858     0    43     1    18
 -3.4642556767381337E-02 a       859     0    43     1    19
 -3.8869540928879377E-02 a       860     0    43     1    20
 -1.0203122160061774E-01 a       861     0    44     1     1
  3.7111662832537395E-01 a       862     0    44     1     2
  1.6419273729925260E-01 a       863     0    44     1     3
  4.9672953716828722E-01 a       864     0    44     1     4
 -1.2492270740794241E-01 a       865     0    44     1     5
  8.7863393515474189E-02 a       866     0    44     1     6
  2.4854814698293967E-01 a       867     0    44     1     7
 -3.3850604153353914E-01 a       868     0    44     1     8
 -4.6604134530697772E-01 a       869     0    44     1     9
  3.3135703661713595E-01 a       870     0    44     1    10
 -3.9981399601007578E-01 a       871     0    44     1    11
  3.7829380807122859E-01 a       872     0    44     1    12
  7.5042713929229632E-01 a       873     0    44     1    13
  5.2216083857955164E-01 a       874     0    44     1    14
  5.7380748753891719E-01 a       875     0    44     1    15
  4.1349516519281282E-01 a       876     0    44     1    16
  4.0132249333441428E-01 a       877     0    44     1    17
  5.2276750307076292E-01 a       878     0    44     1    18
 -3.7655416572201184E-01 a       879     0    44     1    19
  5.9502838026270981E-02 a       880     0    44     1    20
  2.8160891060359566E-01 a       881     0    45     1     1
 -3.7810413686435895E-01 a       882     0    45     1     2
  2.3017277977379594E-01 a       883     0    45     1     3
 -7.0104544574651251E-01 a       884     0    45     1     4
  5.2718639209346041E-01 a       885     0    45     1     5
  4.1837498192015776E-01 a       886     0    45     1     6
 -9.7428709172919056E-02 a       887     0    45     1     7
  8.1105747402640982E-02 a       888     0    45     1     8
  2.9091416382602286E-01 a       889     0    45     1     9
 -2.8302264452844822E-01 a       890     0    45     1    10
  2.1201220089478773E-01 a       891     0    45     1    11
  1.3797013312217168E-01 a       892     0    45     1    12
  1.6671314676546595E-01 a       893     0    45     1    13
  1.3278974926079071E-01 a       894     0    45     1    14
 -4.7955156694874229E-01 a       895     0    45     1    15
 -2.0542255199241477E-01 a       896     0    45     1    16
 -1.0830299543608346E-01 a       897     0    45     1    17
  1.5373716290638553E-01 a       898     0    45     1    18
  7.2082179589284578E-01 a       899     0    45     1    19
 -7.5710245746875279E-02 a       900     0    45     1    20
 -6.9649667689473324E-02 a       901     0    46     1     1
 -3.6999511215564433E-02 a       902     0    46     1     2
  5.1317745085605626E-01 a       903     0    46     1     3
  1.4201875568377503E-01 a       904     0    46     1     4
  4.6822440187608966E-01 a       905     0    46     1     5
  1.6193296804187376E-01 a       906     0    46     1     6
 -2.8542762214427109E-01 a       907     0    46     1     7
  9.3063422907006046E-02 a       908     0    46     1     8
 -5.3240321342595298E-01 a       909     0    46     1     9
  1.1056431581075597E-01 a       910     0    46     1    10
 -3.5021951965149900E-01 a       911     0    46     1    11
  1.2886772449789280E-01 a       912     0    46     1    12
 -1.9828086596523933E-01 a       913     0    46     1    13
  3.9283687457299293E-01 a       914     0    46     1    14
  7.3388278911730864E-01 a       915     0    46     1    15
 -4.8452807363332184E-01 a       916     0    46     1    16
 -8.9634012430499052E-02 a       917     0    46     1    17
  5.9520364314560863E-02 a       918     0    46     1    18
 -3.6780052810916974E-01 a       919     0    46     1    19
 -3.5501680818077802E-01 a       920     0    46     1    20
 -4.0963702110372570E-02 a       921     0    47     1     1
  4.8334355103698595E-01 a       922     0    47     1     2
  1.8057692979198031E-01 a       923     0    47     1     3
  2.6219421209218219E-01 a       924     0    47     1     4
 -2.9670780573548239E-01 a       925     0    47     1     5
 -6.1336450413393723E-02 a       926     0    47     1     6
  1.5681044260756827E-01 a       927     0    47     1     7
 -4.7839379980578883E-01 a       928     0    47     1     8
  1.4804405090706407E-01 a       929     0    47     1     9
  1.1638728659969103E-01 a       930     0    47     1    10
  2.8379901294974509E-02 a       931     0    47     1    11
 -5.6164695397423947E-01 a       932     0    47     1    12
  7.2004647465010669E-03 a       933     0    47     1    13
 -1.3792629470713749E-01 a       934     0    47     1    14
  1.8161892770813595E-01 a       935     0    47     1    15
  3.0176911422094516E-01 a       936     0    47     1    16
 -1.7191705635272305E-02 a       937     0    47     1    17
 -6.3333193946358080E-01 a       938     0    47     1    18
 -2.5898439569865794E-01 a       939     0    47     1    19
 -1.1879489426990772E-01 a       940     0    47     1    20
  6.6358499865497828E-02 a       941     0    48     1     1
 -1.2182882866631402E-01 a       942     0    48     1     2
 -3.8020234880292719E-01 a       943     0    48     1     3
 -4.5921901861188857E-01 a       944     0    48     1     4
  2.7456673463777415E-01 a       945     0    48     1     5
 -2.6955881772203782E-01 a       946     0    48     1     6
  1.4308905850288783E-01 a       947     0    48     1     7
  1.0569993928828261E-01 a       948     0    48     1     8
 -1.5159653709996005E-02 a       949     0    48     1     9
 -1.2811281090572813E-01 a       950     0    48     1    10
  2.9991217741209826E-03 a       951     0    48     1    11
  1.8511386781209205E-01 a       952     0    48     1    12
  1.2776392155962202E-01 a       953     0    48     1    13
  2.2242101713559756E-01 a       954     0    48     1    14
 -3.4609157034866178E-01 a       955     0    48     1    15
 -2.5178587136045572E-01 a       956     0    48     1    16
 -1.6072476082401749E-01 a       957     0    48     1    17
 -9.4689657308379615E-04 a       958     0    48     1    18
  1.1332621305238622E-01 a       959     0    48     1    19
  2.6631620858491106E-01 a       960     0    48     1    20
 -1.6559642484272566E-02 a       961     0    49     1     1
 -5.3353901084038380E-01 a       962     0    49     1     2
  5.5395755861624596E-01 a       963     0    49     1     3
 -1.6760943450516437E-02 a       964     0    49     1     4
  3.0557282462935480E-02 a       965     0    49     1     5
  1.2895062581229074E-02 a       966     0    49     1     6
  1.1712502808000246E-01 a       967     0    49     1     7
 -1.5515493551874550E-02 a       968     0    49     1     8
  5.7763183080238578E-01 a       969     0    49     1     9
  8.5312106282602496E-02 a       970     0    49     1    10
  3.4264765107987655E-01 a       971     0    49     1    11
 -1.7475753556154580E-01 a       972     0    49     1    12
 -8.3586568445818285E-02 a       973     0    49     1    13
 -3.4656311022370107E-01 a       974     0    49     1    14
 -4.1755421629964057E-01 a       975     0    49     1    15
  1.2507763805769163E-02 a       976     0    49     1    16
  1.8150152351376306E-01 a       977     0    49     1    17
  6.1499949957654398E-01 a       978     0    49     1    18
 -6.0717068889495962E-01 a       979     0    49     1    19
  2.4852722062646609E-01 a       980     0    49     1    20
 -4.1910545371703717E-01 a       981     0    50     1     1
  1.0946030273253797E+00 a       982     0    50     1     2
 -5.6639682934191304E-01 a       983     0    50     1     3
 -2.5456217348468313E-01 a       984     0    50     1     4
 -1.5722485426005614E-01 a       985     0    50     1     5
  4.6475708729713527E-01 a       986     0    50     1     6
 -3.4700563360166703E-01 a       987     0    50     1     7
  2.2268513571450033E-01 a       988     0    50     1     8
 -6.2962688139587397E-01 a       989     0    50     1     9
  2.0592722289829238E-01 a       990     0    50     1    10
  7.2502137192550845E-02 a       991     0    50     1    11
  5.5369565042714219E-01 a       992     0    50     1    12
 -2.5143902542536366E-02 a       993     0    50     1    13
  5.6129321667764485E-02 a       994     0    50     1    14
  1.5961780262930036E+00 a       995     0    50     1    15
  3.3741488010664322E-01 a       996     0    50     1    16
 -2.5496027236851782E-01 a       997     0    50     1    17
 -2.0176048506389233E-01 a       998     0    50     1    18
  1.0521519960938248E-01 a       999     0    50     1    19
 -1.7556312570039570E-01 a      1000     0    50     1    20
 -1.7320701271788677E-01 a      1001     0    51     1     1
  2.9765198455078656E-01 a      1002     0    51     1     2
 -1.7544994549254084E-01 a      1003     0    51     1     3
  2.0103288793168483E-02 a      1004     0    51     1     4
 -2.0626689170660184E-01 a      1005     0    51     1     5
 -1.2926308940742878E-03 a      1006     0    51     1     6
 -1.9485993250185035E-01 a      1007     0    51     1     7
  3.5773341867777947E-01 a      1008     0    51     1     8
  3.2561248731138753E-01 a      1009     0    51     1     9
  1.1366218530047742E-01 a      1010     0    51     1    10
 -2.0417550722940361E-01 a      1011     0    51     1    11
 -1.8976764220120793E-01 a      1012     0    51     1    12
 -4.3506347684056854E-02 a      1013     0    51     1    13
  2.9228012579426643E-01 a      1014     0    51     1    14
 -6.5302312186322400E-03 a      1015     0    51     1    15
  3.4676786073758215E-01 a      1016     0    51     1    16
  4.2958301213404625E-03 a      1017     0    51     1    17
  1.0658965373235942E-01 a      1018     0    51     1    18
 -6.9367562060654630E-03 a      1019     0    51     1    19
  3.6703670751796001E-02 a      1020     0    51     1    20
  1.1770586005735384E-02 b      1021     1     1
 -1.0219180254821503E+00 b      1022     1     2
  5.9904317997573453E-01 b      1023     1     3
  1.7842043035767041E-01 b      1024     1     4
  5.9707258838960087E-01 b      1025     1     5
 -5.4349160970431798E-01 b      1026     1     6
 -1.1222889266795664E+00 b      1027     1     7
 -6.3444951878522038E-01 b      1028     1     8
  8.8568759224910656E-02 b      1029     1     9
 -6.8155396236987864E-01 b      1030     1    10
  1.3001652218655460E+00 b      1031     1    11
 -5.8027562961003654E-01 b      1032     1    12
 -1.9208578539607768E-01 b      1033     1    13
  5.9180793178498792E-01 b      1034     1    14
  1.0049721959424762E+00 b      1035     1    15
  1.2490091883790733E+00 b      1036     1    16
 -1.4625169686467085E+00 b      1037     1    17
 -1.0093106021970086E+00 b      1038     1    18
 -1.0930405898804789E+00 b      1039     1    19
 -7.6186432399584947E-01 b      1040     1    20
  2.0146958121158542E-01 a      1041     1     1     2     1
  7.9038571884626585E-01 a      1042     1     1     2     2
 -1.8342748866332051E-01 a      1043     1     1     2     3
  7.4451119936428012E-01 a      1044     1     1     2     4
 -4.5130304085792533E-01 a      1045     1     1     2     5
 -3.4347848239681672E-01 a      1046     1     1     2     6
 -7.3315142356146681E-02 a      1047     1     1     2     7
 -2.2351140484477522E-01 a      1048     1     1     2     8
  4.1013603921855879E-01 a      1049     1     1     2     9
 -2.2545309287316304E-01 a      1050     1     1     2    10
  3.7739023249764642E-01 a      1051     1     1     2    11
 -5.0767757835146099E-01 a      1052     1     1     2    12
  2.1383219116029589E-01 a      1053     1     1     2    13
  2.2890073271433686E-01 a      1054     1     1     2    14
  1.0129954361674116E-01 a      1055     1     1     2    15
 -1.6607940581377192E-01 a      1056     1     1     2    16
  5.1636790929851135E-02 a      1057     1     1     2    17
  7.9834522729578306E-01 a      1058     1     1     2    18
  7.0834954134332995E-01 a      1059     1     1     2    19
 -6.5886551843141317E-01 a      1060     1     1     2    20
  8.1043986469364415E-01 a      1061     1     2     2     1
  2.6310740018178091E-01 a      1062     1     2     2     2
 -1.4579135354511117E-02 a      1063     1     2     2     3
  4.6422529451942207E-01 a      1064     1     2     2     4
 -4.4858835085178766E-02 a      1065     1     2     2     5
  1.8429971510828203E-01 a      1066     1     2     2     6
 -1.1038599350075035E-01 a      1067     1     2     2     7
  1.8599254000746140E-01 a      1068     1     2     2     8
  1.9925694886514789E-01 a      1069     1     2     2     9
  1.0310649735791227E-01 a      1070     1     2     2    10
 -1.8263895440870814E-01 a      1071     1     2     2    11
 -9.5661847726540530E-02 a      1072     1     2     2    12
 -5.1893016379987431E-02 a      1073     1     2     2    13
 -6.3215715687044738E-01 a      1074     1     2     2    14
  8.4682672111635562E-02 a      1075     1     2     2    15
  2.9318544387630624E-01 a      1076     1     2     2    16
  3.4056235967482529E-02 a      1077     1     2     2    17
  4.8307541066781140E-01 a      1078     1     2     2    18
 -8.4562327950056615E-01 a      1079     1     2     2    19
 -5.4232352222895563E-01 a      1080     1     2     2    20
 -2.9131858689054763E-01 a      1081     1     3     2     1
 -4.7031423634220326E-01 a      1082     1     3     2     2
 -1.3446179039736370E-01 a      1083     1     3     2     3
  2.2754792831785770E-01 a      1084     1     3     2     4
  4.7467762781782491E-01 a      1085     1     3     2     5
  1.4608870053108694E-01 a      1086     1     3     2     6
 -2.8019714332829626E-01 a      1087     1     3     2     7
 -7.7418333156918617E-01 a      1088     1     3     2     8
  5.1325613398225334E-01 a      1089     1     3     2     9
  3.9269913162534631E-01 a      1090     1     3     2    10
 -5.1222217067097953E-01 a      1091     1     3     2    11
 -7.6348330886410565E-01 a      1092     1     3     2    12
  1.4770644977720279E-01 a      1093     1     3     2    13
 -3.8053074651089419E-01 a      1094     1     3     2    14
 -1.5840483030621713E-01 a      1095     1     3     2    15
  5.7195948631929239E-01 a      1096     1     3     2    16
  2.5037377129857413E-01 a      1097     1     3     2    17
  5.9677336694135286E-01 a      1098     1     3     2    18
  1.4331647174655901E-01 a      1099     1     3     2    19
  8.1468250547380072E-01 a      1100     1     3     2    20
  4.1381348361482395E-01 a      1101     1     4     2     1
  1.3817479968129862E-01 a      1102     1     4     2     2
 -3.5574941047453046E-01 a      1103     1     4     2     3
  2.5202893014969346E-01 a      1104     1     4     2     4
  5.8134034474400442E-01 a      1105     1     4     2     5
 -6.0533925740415637E-03 a      1106     1     4     2     6
  3.7553124470959481E-01 a      1107     1     4     2     7
  4.8066965098344523E-02 a      1108     1     4     2     8
  1.7171034458587103E-01 a      1109     1     4     2     9
  2.2132112684926106E-01 a      1110     1     4     2    10
  2.7033864581410355E-01 a      1111     1     4     2    11
  1.6065524137316467E-01 a      1112     1     4     2    12
 -2.8388333170545784E-02 a      1113     1     4     2    13
  6.7331539232230161E-02 a      1114     1     4     2    14
  4.1824428999643467E-03 a      1115     1     4     2    15
 -3.3788008293527233E-01 a      1116     1     4     2    16
  3.2831982457637388E-01 a      1117     1     4     2    17
  3.2587375884482905E-01 a      1118     1     4     2    18
  4.1101756022505148E-01 a      1119     1     4     2    19
  4.9144603814371024E-01 a      1120     1     4     2    20
  8.2428556226552019E-01 a      1121     1     5     2     1
  2.7688551094643876E-01 a      1122     1     5     2     2
 -7.4314277570833520E-01 a      1123     1     5     2     3
  6.6864869795317461E-01 a      1124     1     5     2     4
  3.8882178063426358E-02 a      1125     1     5     2     5
  4.9020469925802701E-01 a      1126     1     5     2     6
  1.1636892505032124E+00 a      1127     1     5     2     7
  5.2384083051593672E-02 a      1128     1     5     2     8
 -3.1792782236980771E-01 a      1129     1     5     2     9
  4.2552139961085846E-02 a      1130     1     5     2    10
 -1.4564420222055477E-01 a      1131     1     5     2    11
  7.2876624642927490E-01 a      1132     1     5     2    12
  7.1853650790216472E-01 a      1133     1     5     2    13
  8.3830855937965021E-02 a      1134     1     5     2    14
 -5.5913591001542744E-02 a      1135     1     5     2    15
  3.5879088684423455E-01 a      1136     1     5     2    16
  3.5834336630971395E-02 a      1137     1     5     2    17
  2.1919286517135134E-01 a      1138     1     5     2    18
  4.4828877530750133E-01 a      1139     1     5     2    19
  1.7116027188293187E-01 a      1140     1     5     2    20
 -4.4796301096330882E-01 a      1141     1     6     2     1
  6.2527946817506697E-01 a      1142     1     6     2     2
  5.9834295815411798E-01 a      1143     1     6     2     3
 -6.4315993343064992E-01 a      1144     1     6     2     4
 -5.4168293588663685E-01 a      1145     1     6     2     5
 -6.8567694556819325E-01 a      1146     1     6     2     6
  6.7197839110762186E-02 a      1147     1     6     2     7
 -6.9313194267085754E-01 a      1148     1     6     2     8
 -5.8111687867339512E-01 a      1149     1     6     2     9
  3.6726661302101909E-01 a      1150     1     6     2    10
  3.0880218569858014E-01 a      1151     1     6     2    11
  1.5109977437536476E-01 a      1152     1     6     2    12
 -5.6921584896484423E-01 a      1153     1     6     2    13
  7.0356963831504571E-01 a      1154     1     6     2    14
 -4.2068729054150505E-01 a      1155     1     6     2    15
 -6.8531394864385364E-01 a      1156     1     6     2    16
  5.4230936509584293E-01 a      1157     1     6     2    17
 -6.5875577125664819E-01 a      1158     1     6     2    18
 -5.0253746675470568E-01 a      1159     1     6     2    19
 -4.8693227866089150E-01 a      1160     1     6     2    20
  2.9741314680542308E-01 a      1161     1     7     2     1
 -7.8271855075731422E-02 a      1162     1     7     2     2
  2.6864688720076030E-01 a      1163     1     7     2     3
  3.8062572458670235E-01 a      1164     1     7     2     4
 -7.9587088044258447E-01 a      1165     1     7     2     5
  2.6024089760765923E-01 a      1166     1     7     2     6
  3.9681308610308150E-02 a      1167     1     7     2     7
  1.2275069078710210E-02 a      1168     1     7     2     8
 -4.1222879580174870E-01 a      1169     1     7     2     9
 -9.9302059106636559E-02 a      1170     1     7     2    10
  7.1151254959538557E-01 a      1171     1     7     2    11
 -2.1255280777880406E-01 a      1172     1     7     2    12
 -1.4522927383558693E-01 a      1173     1     7     2    13
 -1.1252290843167170E-01 a      1174     1     7     2    14
 -3.2983877777898996E-01 a      1175     1     7     2    15
 -6.2128972724561826E-01 a      1176     1     7     2    16
  6.7260779037855753E-02 a      1177     1     7     2    17
  8.1213578863648120E-02 a      1178     1     7     2    18
  3.7496811607931518E-01 a      1179     1     7     2    19
 -6.1204277131331120E-01 a      1180     1     7     2    20
 -1.8059781628637525E-01 a      1181     1     8     2     1
 -8.2183985212155239E-02 a      1182     1     8     2     2
  4.9138295449062375E-01 a      1183     1     8     2     3
  8.0037296894240739E-01 a      1184     1     8     2     4
 -2.1799203682931786E-01 a      1185     1     8     2     5
 -7.2021906487357124E-02 a      1186     1     8     2     6
 -5.6886224412582648E-02 a      1187     1     8     2     7
 -7.0447350366632344E-01 a      1188     1     8     2     8
  2.4507224336666469E-01 a      1189     1     8     2     9
 -4.6269041252786047E-01 a      1190     1     8     2    10
  6.4053096286058497E-01 a      1191     1     8     2    11
 -6.5647606218149623E-01 a      1192     1     8     2    12
 -3.2335365857227194E-01 a      1193     1     8     2    13
  3.5695471005367901E-01 a      1194     1     8     2    14
  9.3785926666427943E-01 a      1195     1     8     2    15
  3.0503146166613010E-01 a      1196     1     8     2    16
 -5.8894679390521609E-01 a      1197     1     8     2    17
 -6.6119513059941265E-02 a      1198     1     8     2    18
  4.6930607714618827E-01 a      1199     1     8     2    19
 -5.6815156044085935E-01 a      1200     1     8     2    20
 -1.8665797559887853E-01 a      1201     1     9     2     1
  2.5033583487674627E-01 a      1202     1     9     2     2
 -6.0643262066021608E-01 a      1203     1     9     2     3
  9.6031379952882057E-01 a      1204     1     9     2     4
 -4.5512470024468438E-01 a      1205     1     9     2     5
  2.2461656335481092E-01 a      1206     1     9     2     6
 -2.9624344823974025E-01 a      1207     1     9     2     7
 -1.3872922599761789E-01 a      1208     1     9     2     8
 -1.9437458471204818E-03 a      1209     1     9     2     9
 -2.0814441255851124E-01 a      1210     1     9     2    10
  7.0108431741853300E-02 a      1211     1     9     2    11
  3.8090241644119244E-01 a      1212     1     9     2    12
 -5.7568313493766510E-01 a      1213     1     9     2    13
  2.9052836729394982E-01 a      1214     1     9     2    14
 -5.9209990805642843E-01 a      1215     1     9     2    15
 -4.3437983070446884E-01 a      1216     1     9     2    16
 -8.4532509208782203E-01 a      1217     1     9     2    17
 -2.6043985197658354E-01 a      1218     1     9     2    18
 -5.2378880262707050E-01 a      1219     1     9     2    19
 -2.7195424665455575E-01 a      1220     1     9     2    20
 -6.4504228441580536E-01 a      1221     1    10     2     1
 -8.4483862413456401E-02 a      1222     1    10     2     2
 -2.8459669990180148E-01 a      1223     1    10     2     3
  7.5596617038015990E-01 a      1224     1    10     2     4
  6.5927770666274244E-01 a      1225     1    10     2     5
  4.4138814847813074E-01 a      1226     1    10     2     6
 -4.5765379786946864E-01 a      1227     1    10     2     7
 -7.7616625276388226E-02 a      1228     1    10     2     8
 -3.7260139047826357E-01 a      1229     1    10     2     9
 -6.2779938464590879E-01 a      1230     1    10     2    10
  1.5300390511436854E-01 a      1231     1    10     2    11
 -3.6763567108345580E-01 a      1232     1    10     2    12
 -2.1307666593293520E-01 a      1233     1    10     2    13
 -1.2750407800248997E-01 a      1234     1    10     2    14
  1.5900378255476125E-01 a      1235     1    10     2    15
  3.1750358098363274E-01 a      1236     1    10     2    16
  1.0745978799733837E+00 a      1237     1    10     2    17
 -2.4893030006443326E-01 a      1238     1    10     2    18
  2.1829932033964389E-01 a      1239     1    10     2    19
 -1.5712624387619359E-01 a      1240     1    10     2    20
 -5.6811570715414517E-01 a      1241     1    11     2     1
 -6.6274413879286106E-02 a      1242     1    11     2     2
 -7.2911999591819421E-01 a      1243     1    11     2     3
 -2.7689539314189737E-01 a      1244     1    11     2     4
  6.4753213499285089E-01 a      1245     1    11     2     5
 -1.8483190468012195E-01 a      1246     1    11     2     6
  1.4118375878217607E-01 a      1247     1    11     2     7
 -2.0356789969019559E-01 a      1248     1    11     2     8
  4.1529002156227668E-01 a      1249     1    11     2     9
 -1.9128174626583713E-01 a      1250     1    11     2    10
  4.5401685631886908E-02 a      1251     1    11     2    11
 -2.0823852576214708E-01 a      1252     1    11     2    12
  5.2037456792534897E-01 a      1253     1    11     2    13
  5.3879952549289156E-01 a      1254     1    11     2    14
 -3.3093490549048088E-01 a      1255     1    11     2    15
 -4.7701016262963575E-01 a      1256     1    11     2    16
  5.6704000991105463E-01 a      1257     1    11     2    17
  6.2904337604956463E-03 a      1258     1    11     2    18
 -8.5862798352766126E-02 a      1259     1    11     2    19
  1.0687868428858281E-01 a      1260     1    11     2    20
 -4.9958883976511237E-01 a      1261     1    12     2     1
  5.1742042719126802E-01 a      1262     1    12     2     2
 -2.6900794288604429E-01 a      1263     1    12     2     3
  9.8476668065997452E-01 a      1264     1    12     2     4
 -8.6920523083259926E-01 a      1265     1    12     2     5
 -1.0746301385378051E-01 a      1266     1    12     2     6
 -3.1592151277157277E-01 a      1267     1    12     2     7
  3.9994099818091444E-01 a      1268     1    12     2     8
  5.0231865839787015E-01 a      1269     1    12     2     9
  6.8685957661185049E-01 a      1270     1    12     2    10
 -4.9938321737029695E-01 a      1271     1    12     2    11
  2.6268546145465732E-01 a      1272     1    12     2    12
  7.1310822711033739E-01 a      1273     1    12     2    13
  2.4114248036646727E-01 a      1274     1    12     2    14
 -6.0684370633871987E-01 a      1275     1    12     2    15
  1.0409018460734203E-01 a      1276     1    12     2    16
  1.1532755138791539E+00 a      1277     1    12     2    17
 -1.3201642299899904E-01 a      1278     1    12     2    18
 -4.6904309750051769E-02 a      1279     1    12     2    19
 -9.4919289026984188E-01 a      1280     1    12     2    20
  5.8566359911953803E-01 a      1281     1    13     2     1
 -8.7270612420028837E-01 a      1282     1    13     2     2
 -8.9528034863647198E-03 a      1283     1    13     2     3
  1.5269338569961665E-02 a      1284     1    13     2     4
  1.2520660272114892E-01 a      1285     1    13     2     5
  8.6877374256138201E-02 a      1286     1    13     2     6
 -1.3214724923650523E-01 a      1287     1    13     2     7
 -9.3394350223943212E-01 a      1288     1    13     2     8
 -1.9158061420653899E-01 a      1289     1    13     2     9
 -2.5128620845273352E-02 a      1290     1    13     2    10
  2.8428144957074369E-01 a      1291     1    13     2    11
 -2.7426259102046896E-01 a      1292     1    13     2    12
  1.2955606282740820E-01 a      1293     1    13     2    13
  5.5503298399408568E-02 a      1294     1    13     2    14
 -8.8613277449756389E-02 a      1295     1    13     2    15
  1.2979442261585578E-01 a      1296     1    13     2    16
 -4.3712907538325946E-01 a      1297     1    13     2    17
  3.4010386295526218E-01 a      1298     1    13     2    18
 -3.5713583089479234E-01 a      1299     1    13     2    19
  5.2254870469159265E-01 a      1300     1    13     2    20
 -6.0423006392497136E-01 a      1301     1    14     2     1
  7.3052246284132671E-01 a      1302     1    14     2     2
 -3.6000046894989124E-01 a      1303     1    14     2     3
 -5.0845797522558134E-01 a      1304     1    14     2     4
  5.0247737344438126E-01 a      1305     1    14     2     5
 -8.9089096563517678E-01 a      1306     1    14     2     6
 -5.9901925470975470E-01 a      1307     1    14     2     7
 -1.5314406429476565E-01 a      1308     1    14     2     8
  6.9829367310484489E-02 a      1309     1    14     2     9
  6.3836035588150752E-01 a      1310     1    14     2    10
  1.1273637226208377E-01 a      1311     1    14     2    11
  4.6626700877444849E-01 a      1312     1    14     2    12
  6.5042839243484862E-01 a      1313     1    14     2    13
  2.0852982207420417E-01 a      1314     1    14     2    14
 -3.7977852329814965E-01 a      1315     1    14     2    15
 -3.8875267860911833E-01 a      1316     1    14     2    16
  5.4106907965476647E-01 a      1317     1    14     2    17
 -5.4488437054670091E-01 a      1318     1    14     2    18
 -1.7874562705991021E-01 a      1319     1    14     2    19
 -2.2467629901303748E-01 a      1320     1    14     2    20
  8.2642824724779504E-02 a      1321     1    15     2     1
  1.5058854687795969E-01 a      1322     1    15     2     2
  4.0248665295239217E-01 a      1323     1    15     2     3
  1.5456354251099161E-01 a      1324     1    15     2     4
  4.0366373634065124E-03 a      1325     1    15     2     5
 -2.1746003066687551E-02 a      1326     1    15     2     6
  3.6356791404973632E-01 a      1327     1    15     2     7
  3.1699211598018656E-01 a      1328     1    15     2     8
 -8.6566904105648643E-02 a      1329     1    15     2     9
 -3.7349301253440231E-01 a      1330     1    15     2    10
 -9.3267837635623130E-02 a      1331     1    15     2    11
  5.0233573075552884E-01 a      1332     1    15     2    12
 -2.5398752601514168E-01 a      1333     1    15     2    13
  2.7501705818894379E-01 a      1334     1    15     2    14
 -3.5306876332455411E-01 a      1335     1    15     2    15
 -4.3625529022331722E-01 a      1336     1    15     2    16
  1.2391486210610183E+00 a      1337     1    15     2    17
  1.3064056435403387E-01 a      1338     1    15     2    18
  1.6775755663270842E-01 a      1339     1    15     2    19
 -9.7946531183783136E-01 a      1340     1    15     2    20
 -4.4376648487786691E-01 a      1341     1    16     2     1
  1.0476979963069195E-01 a      1342     1    16     2     2
  1.0295412003415379E-01 a      1343     1    16     2     3
  5.2487495504778658E-01 a      1344     1    16     2     4
  6.7953853457469271E-01 a      1345     1    16     2     5
 -7.0625314235413482E-03 a      1346     1    16     2     6
  1.5189978855133118E-01 a      1347     1    16     2     7
  1.1890707902865709E-01 a      1348     1    16     2     8
  3.0875839330746041E-01 a      1349     1    16     2     9
 -9.1495933098779209E-02 a      1350     1    16     2    10
 -3.6758887672758683E-01 a      1351     1    16     2    11
  1.4577987274204948E-01 a      1352     1    16     2    12
 -5.9192263830605885E-02 a      1353     1    16     2    13
 -4.8883775221960313E-01 a      1354     1    16     2    14
 -5.9099767754345578E-01 a      1355     1    16     2    15
  4.9296094819561392E-01 a      1356     1    16     2    16
 -1.9913694127165729E-01 a      1357     1    16     2    17
 -4.0355293185838186E-02 a      1358     1    16     2    18
  8.0055441033941965E-01 a      1359     1    16     2    19
  9.4011124021621151E-01 a      1360     1    16     2    20
  2.9789316289514156E-01 a      1361     1    17     2     1
  2.8293346571467692E-01 a      1362     1    17     2     2
 -8.0892723638203642E-02 a      1363     1    17     2     3
  3.1581119708549671E-01 a      1364     1    17     2     4
  1.6464249300975048E-01 a      1365     1    17     2     5
  5.7685412126819421E-02 a      1366     1    17     2     6
 -4.9143122308089610E-01 a      1367     1    17     2     7
  9.9434087866128631E-02 a      1368     1    17     2     8
 -3.1873829001108089E-01 a      1369     1    17     2     9
  4.6324252449432596E-01 a      1370     1    17     2    10
  6.9864166694693253E-01 a      1371     1    17     2    11
  2.5228016571978706E-01 a      1372     1    17     2    12
 -9.0694812168250361E-03 a      1373     1    17     2    13
 -1.4579200265836992E-01 a      1374     1    17     2    14
 -2.8278107963325888E-01 a      1375     1    17     2    15
 -9.0680340757206601E-02 a      1376     1    17     2    16
  4.1911398415957118E-01 a      1377     1    17     2    17
  3.0247486694088133E-01 a      1378     1    17     2    18
 -7.0556671704420515E-01 a      1379     1    17     2    19
 -1.4375876286817099E-01 a      1380     1    17     2    20
  2.1973992316381016E-01 a      1381     1    18     2     1
 -2.8495893700177438E-01 a      1382     1    18     2     2
 -6.9568141241407266E-01 a      1383     1    18     2     3
  4.2726827245101034E-01 a      1384     1    18     2     4
  1.2867770374708579E-01 a      1385     1    18     2     5
  3.5321895721695518E-01 a      1386     1    18     2     6
 -5.6581674447893149E-01 a      1387     1    18     2     7
  3.9749332286195754E-01 a      1388     1    18     2     8
 -3.1198366428374152E-01 a      1389     1    18     2     9
  9.3381416366318903E-01 a      1390     1    18     2    10
 -3.6086796495470469E-01 a      1391     1    18     2    11
  4.9516676843980401E-01 a      1392     1    18     2    12
 -4.1987286452177847E-01 a      1393     1    18     2    13
  4.7016577393114078E-01 a      1394     1    18     2    14
  5.8878646601951590E-01 a      1395     1    18     2    15
  3.4541621725496585E-01 a      1396     1    18     2    16
 -1.1308509478710854E-01 a      1397     1    18     2    17
  2.0652319797927401E-01 a      1398     1    18     2    18
  3.2880718058059327E-01 a      1399     1    18     2    19
  4.0071350701061054E-01 a      1400     1    18     2    20
  5.1440640732157483E-01 a      1401     1    19     2     1
  2.0383685586549397E-01 a      1402     1    19     2     2
 -1.5640868686728540E-01 a      1403     1    19     2     3
 -1.0018166791448124E+00 a      1404     1    19     2     4
  1.7603840130183421E-01 a      1405     1    19     2     5
 -3.1095577505001526E-01 a      1406     1    19     2     6
  9.0381173926792591E-01 a      1407     1    19     2     7
 -2.5217599066411917E-01 a      1408     1    19     2     8
 -1.8037715232444171E-01 a      1409     1    19     2     9
  3.3685560505682638E-01 a      1410     1    19     2    10
 -7.0628229584554419E-02 a      1411     1    19     2    11
  6.4758098050734214E-01 a      1412     1    19     2    12
  1.4231326829560106E-01 a      1413     1    19     2    13
  2.3348563181596038E-01 a      1414     1    19     2    14
  5.6469159088532027E-02 a      1415     1    19     2    15
 -6.8598841227757179E-01 a      1416     1    19     2    16
 -2.7013353487208452E-01 a      1417     1    19     2    17
 -5.4530322560979105E-01 a      1418     1    19     2    18
 -5.6205455059842224E-01 a      1419     1    19     2    19
 -6.0881608646289953E-01 a      1420     1    19     2    20
  5.6396973468148381E-01 a      1421     1    20     2     1
  8.7807342721925530E-01 a      1422     1    20     2     2
  4.6479989490162499E-01 a      1423     1    20     2     3
 -4.6416201217269432E-01 a      1424     1    20     2     4
 -3.3829509964662763E-01 a      1425     1    20     2     5
 -4.1664887211214413E-01 a      1426     1    20     2     6
  3.5069227286698351E-01 a      1427     1    20     2     7
 -5.8264964060229951E-01 a      1428     1    20     2     8
  3.9609247591475566E-01 a      1429     1    20     2     9
  2.9342031059525508E-01 a      1430     1    20     2    10
  3.0486779611890658E-01 a      1431     1    20     2    11
  6.4392185429669024E-01 a      1432     1    20     2    12
  4.3436703394657711E-01 a      1433     1    20     2    13
 -4.9653759469671865E-01 a      1434     1    20     2    14
  2.1624598985484850E-01 a      1435     1    20     2    15
 -4.1700344876444417E-01 a      1436     1    20     2    16
 -6.3013946232563545E-01 a      1437     1    20     2    17
  1.9947301544334442E-01 a      1438     1    20     2    18
 -8.0803633783567363E-02 a      1439     1    20     2    19
 -3.6431419435518836E-01 a      1440     1    20     2    20
  1.7892289970373616E+00 b      1441     2     1
 -5.6117027168386335E-01 b      1442     2     2
 -6.8782166455151472E-01 b      1443     2     3
  4.7654846424040048E-01 b      1444     2     4
 -8.2323281196471199E-01 b      1445     2     5
 -1.1298261754197239E+00 b      1446     2     6
  6.4334165162525991E-01 b      1447     2     7
  1.7328174008130162E+00 b      1448     2     8
 -1.7889224441668844E-01 b      1449     2     9
 -4.8149003298530624E-01 b      1450     2    10
 -9.9987610673559923E-01 b      1451     2    11
  6.5964580882920593E-02 b      1452     2    12
  1.3097980531319604E+00 b      1453     2    13
 -1.5632982941345026E+00 b      1454     2    14
 -1.7086249548424820E-01 b      1455     2    15
  1.1427503519971374E+00 b      1456     2    16
 -1.4131032966107722E+00 b      1457     2    17
 -4.1534135472797395E-01 b      1458     2    18
  1.0343025521028973E-01 b      1459     2    19
 -1.4340309894594088E+00 b      1460     2    20
  8.7811805176518221E-01 a      1461     2     1     3     1
 -4.6201830959853840E-01 a      1462     2     2     3     1
 -1.2743762905028804E+00 a      1463     2     3     3     1
  6.2206641607944160E-02 a      1464     2     4     3     1
  1.4281063942450593E-03 a      1465     2     5     3     1
 -1.3478907704215977E+00 a      1466     2     6     3     1
  6.9548060916240551E-01 a      1467     2     7     3     1
  2.9506209666461447E+00 a      1468     2     8     3     1
  8.5907709576369784E-01 a      1469     2     9     3     1
 -1.2639129993201899E+00 a      1470     2    10     3     1
 -1.8827701628404654E+00 a      1471     2    11     3     1
 -7.9591187922387152E-01 a      1472     2    12     3     1
  1.4588751957972357E+00 a      1473     2    13     3     1
 -1.0285313517609462E+00 a      1474     2    14     3     1
 -1.0065114230874088E+00 a      1475     2    15     3     1
  1.4025152512793320E+00 a      1476     2    16     3     1
  1.2022502398738272E-01 a      1477     2    17     3     1
 -1.2492620244109172E+00 a      1478     2    18     3     1
  8.4731863731742696E-01 a      1479     2    19     3     1
 -2.6811794980058223E-01 a      1480     2    20     3     1
  2.3198301124662639E+00 b      1481     3     1
