################################################################################
# Neural network connection values (weights and biases).
################################################################################
# Col  Name       Description
################################################################################
# 1    connection Neural network connection value.
# 2    t          Connection type (a = weight, b = bias).
# 3    index      Index enumerating weights.
# 4    l_s        Starting point layer (end point layer for biases).
# 5    n_s        Starting point neuron in starting layer (end point neuron for biases).
# 6    l_e        End point layer.
# 7    n_e        End point neuron in end layer.
################################################################################
#                      1 2         3     4     5     6     7
#             connection t     index   l_s   n_s   l_e   n_e
############################################################
 -1.1954665036471047E-01 a         1     0     1     1     1
  2.1344129728796724E-01 a         2     0     1     1     2
  2.2923079162754201E-02 a         3     0     1     1     3
  8.1264480025505709E-02 a         4     0     1     1     4
 -3.1834858125781490E-01 a         5     0     1     1     5
 -1.7637168831968161E-01 a         6     0     1     1     6
  2.1885320347257672E-01 a         7     0     1     1     7
 -8.5507494972819995E-02 a         8     0     1     1     8
  1.4241086628335223E-01 a         9     0     1     1     9
  3.7214558829311517E-01 a        10     0     1     1    10
 -8.1396214491259500E-02 a        11     0     1     1    11
 -1.2836879233647397E-01 a        12     0     1     1    12
 -2.9177209671658638E-01 a        13     0     1     1    13
  2.0364011272944657E-01 a        14     0     1     1    14
 -7.0664829239084695E-02 a        15     0     1     1    15
 -1.0159635373864008E-01 a        16     0     1     1    16
 -2.5451034910404202E-01 a        17     0     1     1    17
 -3.2784128546231239E-01 a        18     0     1     1    18
 -9.9057855373180723E-02 a        19     0     1     1    19
  1.9710645983547317E-01 a        20     0     1     1    20
  1.1186752355346352E-01 a        21     0     2     1     1
  1.2770400445519864E-01 a        22     0     2     1     2
  1.4471413285257331E-01 a        23     0     2     1     3
 -9.1480283254211190E-04 a        24     0     2     1     4
  6.1755169782668304E-02 a        25     0     2     1     5
  1.8296700039415918E-02 a        26     0     2     1     6
 -1.2652220294195347E-02 a        27     0     2     1     7
 -2.7092898421652706E-01 a        28     0     2     1     8
 -3.1925128835270877E-02 a        29     0     2     1     9
  2.2421480903227692E-01 a        30     0     2     1    10
 -4.8353208158925465E-01 a        31     0     2     1    11
 -3.3417264595017265E-01 a        32     0     2     1    12
  1.5659818610907553E-01 a        33     0     2     1    13
  2.2525359584964050E-01 a        34     0     2     1    14
 -3.4060889368831937E-01 a        35     0     2     1    15
  6.2634924963208480E-02 a        36     0     2     1    16
  1.8437491407158943E-01 a        37     0     2     1    17
 -5.5962231645166283E-01 a        38     0     2     1    18
  2.1159988179466949E-01 a        39     0     2     1    19
  3.9485974957739411E-01 a        40     0     2     1    20
 -1.9947830870425171E-01 a        41     0     3     1     1
 -2.4103690397603114E-01 a        42     0     3     1     2
 -3.4006080599355593E-01 a        43     0     3     1     3
 -1.4221880075331273E-02 a        44     0     3     1     4
 -3.2571915139529961E-01 a        45     0     3     1     5
  2.8349493650596003E-01 a        46     0     3     1     6
 -6.5132540033458709E-03 a        47     0     3     1     7
 -9.6113239003307788E-02 a        48     0     3     1     8
  1.4180222152230718E-01 a        49     0     3     1     9
 -3.6843095735177128E-01 a        50     0     3     1    10
  2.4873330938238281E-01 a        51     0     3     1    11
  2.6416850597443176E-01 a        52     0     3     1    12
  1.2994798773073485E-01 a        53     0     3     1    13
  1.0524402852912877E-01 a        54     0     3     1    14
 -1.4381612422204032E-01 a        55     0     3     1    15
  7.2209494896726412E-01 a        56     0     3     1    16
 -1.0839131787517450E-01 a        57     0     3     1    17
  2.7048632541021689E-01 a        58     0     3     1    18
 -1.1716594829565839E-01 a        59     0     3     1    19
 -3.4922742619740915E-01 a        60     0     3     1    20
  2.1605872501085427E-01 a        61     0     4     1     1
  2.9935072327930762E-01 a        62     0     4     1     2
  4.4883996372983292E-01 a        63     0     4     1     3
  2.6311782240336468E-02 a        64     0     4     1     4
 -2.2006756760637064E-01 a        65     0     4     1     5
  2.8163149266639815E-03 a        66     0     4     1     6
  6.5253758568138101E-02 a        67     0     4     1     7
  1.5070345825061376E-01 a        68     0     4     1     8
  1.8858849742139963E-01 a        69     0     4     1     9
 -2.4032575300793840E-01 a        70     0     4     1    10
  3.6572316527964888E-01 a        71     0     4     1    11
  2.6575213191797280E-02 a        72     0     4     1    12
 -8.2622955905105711E-02 a        73     0     4     1    13
  1.3991805018647499E-01 a        74     0     4     1    14
  6.9353499908357930E-01 a        75     0     4     1    15
  3.9956495200580788E-01 a        76     0     4     1    16
  5.1570669956703075E-01 a        77     0     4     1    17
  5.7080882203275041E-01 a        78     0     4     1    18
 -5.4792421728841689E-01 a        79     0     4     1    19
 -2.8254786488460121E-01 a        80     0     4     1    20
 -1.2142036229889859E-01 a        81     0     5     1     1
 -5.3033913703170177E-03 a        82     0     5     1     2
 -1.5280997195837687E-01 a        83     0     5     1     3
  1.3351321710950545E-01 a        84     0     5     1     4
 -1.4933470578746810E-01 a        85     0     5     1     5
 -2.5830000125760122E-01 a        86     0     5     1     6
 -4.7612398139483947E-01 a        87     0     5     1     7
  3.6580806731401594E-01 a        88     0     5     1     8
 -2.9999961609311437E-01 a        89     0     5     1     9
  4.9621980587246306E-01 a        90     0     5     1    10
 -2.9337904277961341E-01 a        91     0     5     1    11
  3.6259601627249494E-01 a        92     0     5     1    12
  3.4285245105622647E-01 a        93     0     5     1    13
 -9.0823118635963276E-02 a        94     0     5     1    14
  8.9697570774799187E-02 a        95     0     5     1    15
 -5.7060714935179768E-01 a        96     0     5     1    16
  2.8559954253250103E-01 a        97     0     5     1    17
  3.0164452889187154E-01 a        98     0     5     1    18
  4.7777750800575192E-01 a        99     0     5     1    19
  1.4870777809740379E-01 a       100     0     5     1    20
 -3.1799970094650992E-01 a       101     0     6     1     1
  2.5849104285128932E-01 a       102     0     6     1     2
  3.9525442504199521E-01 a       103     0     6     1     3
  1.7612993679321326E-01 a       104     0     6     1     4
  1.9368414462419950E-01 a       105     0     6     1     5
  4.1363506939981098E-01 a       106     0     6     1     6
 -7.1399171505194325E-01 a       107     0     6     1     7
 -2.7863359904394430E-01 a       108     0     6     1     8
 -3.2156783177915305E-01 a       109     0     6     1     9
  3.9588219599725238E-01 a       110     0     6     1    10
 -2.0382722927872080E-01 a       111     0     6     1    11
  4.4271988229069326E-01 a       112     0     6     1    12
  3.3206562420653507E-01 a       113     0     6     1    13
  1.1561595730731669E-01 a       114     0     6     1    14
 -2.1287725708301975E-03 a       115     0     6     1    15
  3.2445532501089530E-02 a       116     0     6     1    16
  1.3484086289731220E-01 a       117     0     6     1    17
  1.0404618953600564E+00 a       118     0     6     1    18
 -2.8095404738238705E-01 a       119     0     6     1    19
  1.5345832343067276E-01 a       120     0     6     1    20
  8.1207358557533693E-01 a       121     0     7     1     1
  9.5547312613433202E-02 a       122     0     7     1     2
 -4.1267256161225552E-01 a       123     0     7     1     3
 -5.7779743321974580E-02 a       124     0     7     1     4
  9.6514396581943301E-02 a       125     0     7     1     5
 -4.6115163041285656E-01 a       126     0     7     1     6
  4.3048663041471459E-02 a       127     0     7     1     7
 -1.5580710441528503E-01 a       128     0     7     1     8
  6.7455576156927477E-01 a       129     0     7     1     9
 -6.9590316012403219E-01 a       130     0     7     1    10
  1.6341057028723024E-01 a       131     0     7     1    11
 -5.1662439369729418E-02 a       132     0     7     1    12
  1.2055221192004680E-01 a       133     0     7     1    13
 -4.6347150549386806E-01 a       134     0     7     1    14
 -5.7604532259682584E-01 a       135     0     7     1    15
  6.7517482933982562E-02 a       136     0     7     1    16
  4.2626026928653041E-02 a       137     0     7     1    17
 -8.6016476835196576E-01 a       138     0     7     1    18
  3.3115076358779982E-01 a       139     0     7     1    19
 -6.2625891589796456E-01 a       140     0     7     1    20
 -4.8241260033886940E-01 a       141     0     8     1     1
  1.3065064708767046E-01 a       142     0     8     1     2
  3.0404374152532765E-01 a       143     0     8     1     3
  5.5169623512588251E-02 a       144     0     8     1     4
  8.7697793631501916E-02 a       145     0     8     1     5
  4.4247338815282711E-01 a       146     0     8     1     6
  5.5323843193706734E-01 a       147     0     8     1     7
  2.2389740494751939E-01 a       148     0     8     1     8
 -2.0932392075713402E-01 a       149     0     8     1     9
  2.7507771975217526E-01 a       150     0     8     1    10
 -1.6126196192593348E-01 a       151     0     8     1    11
 -7.5658252850289764E-02 a       152     0     8     1    12
 -4.8860730872888530E-01 a       153     0     8     1    13
 -8.8030965734970212E-02 a       154     0     8     1    14
  4.2881589548147986E-01 a       155     0     8     1    15
  3.4737119594344767E-01 a       156     0     8     1    16
 -1.3111833853728869E-02 a       157     0     8     1    17
  2.2263203490676289E-01 a       158     0     8     1    18
 -3.7441924280702710E-01 a       159     0     8     1    19
  4.3456487908176661E-02 a       160     0     8     1    20
  4.0099761709345777E-01 a       161     0     9     1     1
  1.8665739300119350E-02 a       162     0     9     1     2
  1.2130740790839369E+00 a       163     0     9     1     3
 -1.0214213480018891E-01 a       164     0     9     1     4
 -3.0328307445706072E-03 a       165     0     9     1     5
  3.7330401403450225E-01 a       166     0     9     1     6
  6.9613641368587609E-01 a       167     0     9     1     7
 -1.0832253132648761E+00 a       168     0     9     1     8
 -2.3416351783549735E-01 a       169     0     9     1     9
  1.0015313089918242E-01 a       170     0     9     1    10
 -1.5651388754838727E-01 a       171     0     9     1    11
 -2.0780107997077121E-01 a       172     0     9     1    12
 -5.2557066787742239E-02 a       173     0     9     1    13
  5.1314174039464172E-02 a       174     0     9     1    14
  1.7421833896609538E+00 a       175     0     9     1    15
  4.4461636218560574E-01 a       176     0     9     1    16
  5.1497016360775316E-01 a       177     0     9     1    17
  1.2755479413260153E+00 a       178     0     9     1    18
 -3.1264813278704662E-01 a       179     0     9     1    19
 -6.7263888483539769E-01 a       180     0     9     1    20
  2.6393822801109496E-01 a       181     0    10     1     1
  4.9649512680892310E-01 a       182     0    10     1     2
 -1.4906580584371723E+00 a       183     0    10     1     3
 -2.5293972495311906E-01 a       184     0    10     1     4
  5.0165241806860061E-01 a       185     0    10     1     5
 -1.9023738267528470E-01 a       186     0    10     1     6
 -8.4888861255824311E-01 a       187     0    10     1     7
  1.2511814770151959E+00 a       188     0    10     1     8
  3.4559029201692681E-01 a       189     0    10     1     9
 -1.2523495941490989E-01 a       190     0    10     1    10
 -1.9385069009461217E-01 a       191     0    10     1    11
 -6.7715457035781662E-02 a       192     0    10     1    12
 -7.9558496918848823E-02 a       193     0    10     1    13
  2.6858509229335681E-01 a       194     0    10     1    14
 -2.3309739412034380E+00 a       195     0    10     1    15
 -7.5960697447407721E-01 a       196     0    10     1    16
 -1.0354709916668134E+00 a       197     0    10     1    17
 -8.2932285184823984E-01 a       198     0    10     1    18
  3.1646664104920086E-01 a       199     0    10     1    19
  1.7524699595271903E-01 a       200     0    10     1    20
  1.1699461879617044E-01 a       201     0    11     1     1
  4.5657270957716189E-01 a       202     0    11     1     2
  1.0608281110378841E+00 a       203     0    11     1     3
  4.0445408832927776E-01 a       204     0    11     1     4
  2.6563375612506684E-01 a       205     0    11     1     5
  1.7157861127263310E-01 a       206     0    11     1     6
  4.5004907728008176E-01 a       207     0    11     1     7
 -8.9981036694196648E-01 a       208     0    11     1     8
  4.6680280008756564E-01 a       209     0    11     1     9
 -8.4331540289784776E-02 a       210     0    11     1    10
  2.0118509446667179E-01 a       211     0    11     1    11
 -6.9924168292808203E-02 a       212     0    11     1    12
 -1.5949394306719275E-01 a       213     0    11     1    13
  2.2556912657895373E-01 a       214     0    11     1    14
  1.0657988692326579E+00 a       215     0    11     1    15
  2.6276794777997825E-01 a       216     0    11     1    16
  1.6790668007269752E-01 a       217     0    11     1    17
 -1.3250731083720771E-01 a       218     0    11     1    18
 -7.6858459203122717E-02 a       219     0    11     1    19
  4.5860746665858693E-01 a       220     0    11     1    20
 -6.4179826057049549E-01 a       221     0    12     1     1
 -5.9211426188178784E-01 a       222     0    12     1     2
 -3.8475049961716173E-01 a       223     0    12     1     3
 -1.5436820857089656E-01 a       224     0    12     1     4
 -3.6600936441010468E-01 a       225     0    12     1     5
  5.0983957651492540E-01 a       226     0    12     1     6
 -4.3477606075185105E-01 a       227     0    12     1     7
 -1.8368356600150987E-01 a       228     0    12     1     8
  2.8978130829746329E-01 a       229     0    12     1     9
  9.0803014882509265E-03 a       230     0    12     1    10
 -6.1310205592602907E-01 a       231     0    12     1    11
  4.5883773577862841E-01 a       232     0    12     1    12
  2.3888321919816166E-01 a       233     0    12     1    13
 -5.3942654367804328E-02 a       234     0    12     1    14
 -3.7118294401516266E-01 a       235     0    12     1    15
  3.4035518190790345E-03 a       236     0    12     1    16
  2.9402429985002665E-01 a       237     0    12     1    17
  2.3073876259183387E-01 a       238     0    12     1    18
  2.0662181875003238E-01 a       239     0    12     1    19
  1.3819610368673257E-01 a       240     0    12     1    20
  6.7073169673570199E-01 a       241     0    13     1     1
  4.1887642393840385E-01 a       242     0    13     1     2
  5.5973312452548729E-01 a       243     0    13     1     3
  4.3494104336166828E-01 a       244     0    13     1     4
  3.7420508629716887E-01 a       245     0    13     1     5
  3.6551831280180525E-01 a       246     0    13     1     6
 -4.4077311988209494E-02 a       247     0    13     1     7
 -1.7021802977177689E-01 a       248     0    13     1     8
 -1.1898652073901275E-02 a       249     0    13     1     9
 -1.7610809904257188E-01 a       250     0    13     1    10
 -1.4567909752159366E-01 a       251     0    13     1    11
 -5.4894596659196582E-01 a       252     0    13     1    12
  2.4282952837786520E-01 a       253     0    13     1    13
  1.6197542499820480E-01 a       254     0    13     1    14
  5.6981555956542758E-03 a       255     0    13     1    15
 -2.2848852852200927E-01 a       256     0    13     1    16
 -7.0931392277360916E-01 a       257     0    13     1    17
 -1.0359397540455345E-01 a       258     0    13     1    18
  4.8593521241321302E-01 a       259     0    13     1    19
  6.7055338167322745E-02 a       260     0    13     1    20
 -3.2305257634339840E-01 a       261     0    14     1     1
 -8.2629051384910904E-02 a       262     0    14     1     2
  8.1996117909255539E-01 a       263     0    14     1     3
 -4.7851688600994469E-01 a       264     0    14     1     4
 -4.9262422311950549E-01 a       265     0    14     1     5
 -2.5925638986010391E-01 a       266     0    14     1     6
  2.9034509594706803E-01 a       267     0    14     1     7
 -2.7777631002507380E-01 a       268     0    14     1     8
  2.4898397308470765E-01 a       269     0    14     1     9
  4.4823633999609158E-01 a       270     0    14     1    10
 -2.9655121823751701E-01 a       271     0    14     1    11
  1.6141538245942605E-01 a       272     0    14     1    12
  2.6077744591797136E-03 a       273     0    14     1    13
  2.6298997715992706E-01 a       274     0    14     1    14
  6.1429689332647375E-01 a       275     0    14     1    15
  3.5764560468967443E-01 a       276     0    14     1    16
  2.4519883386900526E-01 a       277     0    14     1    17
  3.6528041502858849E-01 a       278     0    14     1    18
  2.0670563211669260E-01 a       279     0    14     1    19
 -4.1939511980251004E-01 a       280     0    14     1    20
  2.6013424077112990E-01 a       281     0    15     1     1
 -1.2959361427800223E-01 a       282     0    15     1     2
  1.7393255600857926E-01 a       283     0    15     1     3
  2.4636077026714281E-01 a       284     0    15     1     4
 -1.1977718946745651E-01 a       285     0    15     1     5
 -3.5949006111098643E-02 a       286     0    15     1     6
  3.4636368907651172E-01 a       287     0    15     1     7
  9.4500490554646432E-02 a       288     0    15     1     8
  1.7076779332367623E-02 a       289     0    15     1     9
 -2.6558413269507225E-01 a       290     0    15     1    10
 -1.0505691943767390E-01 a       291     0    15     1    11
 -1.2706174821409877E-01 a       292     0    15     1    12
 -1.5393731082236431E-01 a       293     0    15     1    13
  2.3192048219846423E-01 a       294     0    15     1    14
  6.2890893498923225E-02 a       295     0    15     1    15
  2.0941272027781874E-01 a       296     0    15     1    16
 -3.1577551318141600E-01 a       297     0    15     1    17
 -6.7693316093636019E-02 a       298     0    15     1    18
 -3.2700108516571319E-01 a       299     0    15     1    19
 -2.4621935533541109E-01 a       300     0    15     1    20
  3.5833147362396045E-01 a       301     0    16     1     1
 -1.4001912995505039E-01 a       302     0    16     1     2
 -5.6653973832725274E-02 a       303     0    16     1     3
  6.7586579619508980E-02 a       304     0    16     1     4
  3.9851527451292496E-01 a       305     0    16     1     5
  9.4196480014712966E-02 a       306     0    16     1     6
  3.5034157113009934E-01 a       307     0    16     1     7
  4.2073301047490652E-01 a       308     0    16     1     8
 -6.6850288742404174E-02 a       309     0    16     1     9
  4.3476644569569223E-01 a       310     0    16     1    10
  6.1284886445311396E-02 a       311     0    16     1    11
  2.2447524449768821E-01 a       312     0    16     1    12
  9.0809754495452005E-02 a       313     0    16     1    13
  4.2340063350388112E-02 a       314     0    16     1    14
  2.8489168184794200E-01 a       315     0    16     1    15
 -3.7888673256678251E-01 a       316     0    16     1    16
  3.0946360968979802E-02 a       317     0    16     1    17
  3.8703113734589045E-01 a       318     0    16     1    18
  3.2595679530275846E-02 a       319     0    16     1    19
 -1.5072862902290204E-01 a       320     0    16     1    20
  1.7204305339975537E-01 a       321     0    17     1     1
  4.1182754899240365E-01 a       322     0    17     1     2
  5.4395640005726786E-01 a       323     0    17     1     3
 -2.2571034814381774E-03 a       324     0    17     1     4
 -2.8330733999549529E-01 a       325     0    17     1     5
 -2.9835279854890284E-01 a       326     0    17     1     6
 -3.0176913226054296E-02 a       327     0    17     1     7
  2.0899281534606790E-01 a       328     0    17     1     8
 -4.2384785281016642E-02 a       329     0    17     1     9
 -3.0736277374485166E-01 a       330     0    17     1    10
 -1.0338279820921359E-01 a       331     0    17     1    11
  3.0718697065159223E-01 a       332     0    17     1    12
  4.4053114227369163E-02 a       333     0    17     1    13
  1.7400769677409032E-02 a       334     0    17     1    14
  9.0975754597398373E-02 a       335     0    17     1    15
 -2.2519359645563000E-01 a       336     0    17     1    16
 -3.7165661548713108E-01 a       337     0    17     1    17
 -2.5626659647952549E-01 a       338     0    17     1    18
  3.0813234986163424E-01 a       339     0    17     1    19
 -2.0483744663027181E-01 a       340     0    17     1    20
 -7.3990945627631366E-02 a       341     0    18     1     1
 -8.9286998797573325E-04 a       342     0    18     1     2
  1.3104136560881591E-01 a       343     0    18     1     3
 -4.1231866138685153E-02 a       344     0    18     1     4
  7.4038603957564467E-02 a       345     0    18     1     5
  4.8536140445127240E-01 a       346     0    18     1     6
  8.3471617143442367E-02 a       347     0    18     1     7
  1.0013675448395330E-01 a       348     0    18     1     8
  4.0180686223177686E-01 a       349     0    18     1     9
  3.3403226470342429E-01 a       350     0    18     1    10
 -1.1658579720866255E-01 a       351     0    18     1    11
  1.1121380461413051E-01 a       352     0    18     1    12
 -5.1826327645496724E-02 a       353     0    18     1    13
 -1.0193861000449843E-01 a       354     0    18     1    14
  6.6043370171231086E-01 a       355     0    18     1    15
 -1.6895315993456758E-01 a       356     0    18     1    16
  4.3155186163740478E-01 a       357     0    18     1    17
  3.8395516455840578E-01 a       358     0    18     1    18
  2.1284422224660063E-01 a       359     0    18     1    19
  1.0303774580216085E-01 a       360     0    18     1    20
  2.7697961437744324E-02 a       361     0    19     1     1
 -4.2227350230211352E-01 a       362     0    19     1     2
  1.0151723765766646E-01 a       363     0    19     1     3
 -3.6741447225743457E-01 a       364     0    19     1     4
  7.9396442858073013E-01 a       365     0    19     1     5
  2.3266390986620702E-01 a       366     0    19     1     6
  4.0904001118467570E-01 a       367     0    19     1     7
  3.9068997998437838E-01 a       368     0    19     1     8
 -2.4036785595363910E-01 a       369     0    19     1     9
 -2.1079017895853855E-01 a       370     0    19     1    10
  1.3602462013309635E-01 a       371     0    19     1    11
 -4.7858677551837731E-02 a       372     0    19     1    12
  4.2725416496380736E-01 a       373     0    19     1    13
 -2.5847962620698800E-01 a       374     0    19     1    14
  1.0841894072601914E-01 a       375     0    19     1    15
 -9.9722722755859014E-02 a       376     0    19     1    16
  3.2882353800173164E-01 a       377     0    19     1    17
  4.9632592316563012E-01 a       378     0    19     1    18
 -2.7383122557098372E-01 a       379     0    19     1    19
 -2.1290179798276096E-01 a       380     0    19     1    20
 -6.9612214868481584E-02 a       381     0    20     1     1
  1.0548039584226310E-01 a       382     0    20     1     2
 -1.7105508106366674E-02 a       383     0    20     1     3
 -1.0441335422532964E-01 a       384     0    20     1     4
  2.4749594608447614E-01 a       385     0    20     1     5
  3.1303295487811256E-01 a       386     0    20     1     6
 -2.4290959391793482E-01 a       387     0    20     1     7
 -2.7017417955518963E-01 a       388     0    20     1     8
  1.0367936251871043E-01 a       389     0    20     1     9
 -4.9458897006860153E-02 a       390     0    20     1    10
 -1.3140732867102228E-01 a       391     0    20     1    11
  4.1610898468662655E-01 a       392     0    20     1    12
  1.6114873274758126E-01 a       393     0    20     1    13
 -1.3345408887832186E-02 a       394     0    20     1    14
 -1.3951601494955651E-01 a       395     0    20     1    15
  1.6488716904876657E-01 a       396     0    20     1    16
 -4.2975243626313817E-02 a       397     0    20     1    17
 -2.9485752018792877E-01 a       398     0    20     1    18
  3.6021641247466957E-01 a       399     0    20     1    19
  2.9089906267918386E-01 a       400     0    20     1    20
  2.2186156996825282E-01 a       401     0    21     1     1
  1.0961151275604518E-01 a       402     0    21     1     2
  9.8553039242410073E-02 a       403     0    21     1     3
  1.6902317042768172E-01 a       404     0    21     1     4
 -1.8676919214561358E-01 a       405     0    21     1     5
 -2.2950181053135284E-02 a       406     0    21     1     6
 -3.5313323310679171E-02 a       407     0    21     1     7
 -1.6744358675608714E-01 a       408     0    21     1     8
 -1.6663881822529783E-01 a       409     0    21     1     9
 -1.0728566592969910E-01 a       410     0    21     1    10
  6.0044477166375954E-01 a       411     0    21     1    11
 -2.2598923665269480E-01 a       412     0    21     1    12
  8.5263138443489360E-04 a       413     0    21     1    13
  3.4882888085932301E-01 a       414     0    21     1    14
  1.6259683779444814E-01 a       415     0    21     1    15
 -4.4523080417496758E-01 a       416     0    21     1    16
 -5.6111947005322727E-01 a       417     0    21     1    17
 -4.5655184342038260E-02 a       418     0    21     1    18
  3.2912505233689160E-01 a       419     0    21     1    19
  4.8075465906492809E-02 a       420     0    21     1    20
  4.9935671812835664E-01 a       421     0    22     1     1
  5.8460808434596244E-02 a       422     0    22     1     2
 -2.5344129172403917E-01 a       423     0    22     1     3
 -2.6664591494564022E-01 a       424     0    22     1     4
  6.6963792866597455E-02 a       425     0    22     1     5
 -5.4315496342443259E-01 a       426     0    22     1     6
 -1.4304797318429316E-01 a       427     0    22     1     7
  1.0055633461302392E-01 a       428     0    22     1     8
 -1.1174983692316841E-01 a       429     0    22     1     9
 -4.2771278409373181E-01 a       430     0    22     1    10
  3.3931972188041626E-01 a       431     0    22     1    11
 -1.3443190447098297E-01 a       432     0    22     1    12
  9.4379370374974209E-02 a       433     0    22     1    13
  1.6302998607574112E-01 a       434     0    22     1    14
 -3.7659252076975974E-01 a       435     0    22     1    15
 -3.9793956718072887E-01 a       436     0    22     1    16
  5.4385120401572458E-02 a       437     0    22     1    17
 -4.1445581965964995E-01 a       438     0    22     1    18
  6.9681532727749018E-01 a       439     0    22     1    19
  6.2385753817145360E-02 a       440     0    22     1    20
 -1.7323756751731670E-01 a       441     0    23     1     1
  4.4909283638003830E-03 a       442     0    23     1     2
 -1.3229886875032920E-01 a       443     0    23     1     3
  1.6292190124095715E-01 a       444     0    23     1     4
  2.7778999593485071E-01 a       445     0    23     1     5
  2.0760791321010053E-01 a       446     0    23     1     6
  2.7077206223105995E-02 a       447     0    23     1     7
  5.5685779186879669E-02 a       448     0    23     1     8
 -1.3994472293345289E-01 a       449     0    23     1     9
 -1.2154249708972426E-01 a       450     0    23     1    10
  1.8791112344959823E-01 a       451     0    23     1    11
  6.5207940977989742E-01 a       452     0    23     1    12
 -9.5698148528288160E-02 a       453     0    23     1    13
 -3.6948350760452919E-01 a       454     0    23     1    14
  2.8787000754307741E-02 a       455     0    23     1    15
  4.4674587072427080E-02 a       456     0    23     1    16
  2.8437601780957961E-01 a       457     0    23     1    17
 -6.2613212385170411E-02 a       458     0    23     1    18
 -1.4043570217901671E-01 a       459     0    23     1    19
  1.1719726731737662E-02 a       460     0    23     1    20
  1.3331178407961666E-01 a       461     0    24     1     1
 -9.0991113784928579E-02 a       462     0    24     1     2
 -1.3956558203109488E-02 a       463     0    24     1     3
 -4.2777914730604299E-02 a       464     0    24     1     4
 -2.5248426059919232E-01 a       465     0    24     1     5
  1.7666552050494489E-02 a       466     0    24     1     6
  1.5786301032678837E-01 a       467     0    24     1     7
 -8.1712023176638143E-02 a       468     0    24     1     8
  4.6393116853483202E-01 a       469     0    24     1     9
  2.3216313145731190E-02 a       470     0    24     1    10
 -7.5076990794125886E-02 a       471     0    24     1    11
  4.7670971994240596E-01 a       472     0    24     1    12
 -1.4089016433148305E-01 a       473     0    24     1    13
  3.0808809713562590E-01 a       474     0    24     1    14
 -7.1697517226389215E-02 a       475     0    24     1    15
  8.6194739194820047E-01 a       476     0    24     1    16
  1.2324757116119628E-01 a       477     0    24     1    17
 -2.3394775298794157E-01 a       478     0    24     1    18
 -8.5882014088569603E-02 a       479     0    24     1    19
 -2.7491345663097294E-01 a       480     0    24     1    20
 -2.6978467600702183E-01 a       481     0    25     1     1
  1.6018223748607965E-01 a       482     0    25     1     2
  1.2914962383467282E-01 a       483     0    25     1     3
  1.3615816664178726E-01 a       484     0    25     1     4
  2.1736559292508195E-01 a       485     0    25     1     5
  1.8012008924216845E-02 a       486     0    25     1     6
  1.6382448243998546E-01 a       487     0    25     1     7
  2.7128663465819713E-01 a       488     0    25     1     8
  4.3765694740140040E-02 a       489     0    25     1     9
 -1.4370786687766007E-01 a       490     0    25     1    10
 -6.5980611414993107E-01 a       491     0    25     1    11
 -5.3636629879956510E-01 a       492     0    25     1    12
  3.7297443197132346E-01 a       493     0    25     1    13
  1.2950446398053539E-01 a       494     0    25     1    14
  3.5952243192256667E-01 a       495     0    25     1    15
 -8.7082328946267107E-01 a       496     0    25     1    16
 -4.9786441263803827E-01 a       497     0    25     1    17
  6.0424221066311679E-01 a       498     0    25     1    18
 -2.6308083015055239E-01 a       499     0    25     1    19
  5.1774987182227195E-01 a       500     0    25     1    20
 -6.1574251976419254E-02 a       501     0    26     1     1
 -3.1982305868560302E-03 a       502     0    26     1     2
 -1.1856188731447209E-01 a       503     0    26     1     3
  3.1581538320305141E-01 a       504     0    26     1     4
  1.2619085581084327E-02 a       505     0    26     1     5
  4.7194685593637923E-04 a       506     0    26     1     6
  2.6436400986902775E-01 a       507     0    26     1     7
  3.6635591725870803E-02 a       508     0    26     1     8
 -3.6848131224026659E-01 a       509     0    26     1     9
 -8.5281176823558721E-02 a       510     0    26     1    10
 -3.2190520084655505E-02 a       511     0    26     1    11
 -2.7811238096331808E-01 a       512     0    26     1    12
  2.3138032118536642E-02 a       513     0    26     1    13
 -1.8728368905578219E-01 a       514     0    26     1    14
 -1.4144031694698955E-01 a       515     0    26     1    15
 -3.4231589795058626E-01 a       516     0    26     1    16
 -5.1179233878489616E-01 a       517     0    26     1    17
  2.9017837215012138E-01 a       518     0    26     1    18
 -1.8876829961001948E-01 a       519     0    26     1    19
  4.0563931518307988E-01 a       520     0    26     1    20
  4.7408800010127983E-02 a       521     0    27     1     1
 -9.3955365129469925E-01 a       522     0    27     1     2
 -1.0760963087137275E-02 a       523     0    27     1     3
  1.0353337706604715E-01 a       524     0    27     1     4
 -3.3467827611855777E-01 a       525     0    27     1     5
  4.9767727950801455E-01 a       526     0    27     1     6
 -5.0626614721525931E-01 a       527     0    27     1     7
  1.8837529671875389E-01 a       528     0    27     1     8
 -4.0262283304534942E-02 a       529     0    27     1     9
 -3.4795460136254575E-01 a       530     0    27     1    10
  2.7752713796539696E-01 a       531     0    27     1    11
  7.1330792891103889E-01 a       532     0    27     1    12
  3.0807234746125212E-01 a       533     0    27     1    13
 -3.4861144228575852E-01 a       534     0    27     1    14
 -2.8324840655514616E-01 a       535     0    27     1    15
  4.2951992128433353E-01 a       536     0    27     1    16
  9.1859948391434951E-02 a       537     0    27     1    17
 -3.4043986423060141E-01 a       538     0    27     1    18
 -2.1411988450334020E-02 a       539     0    27     1    19
 -5.2583080107391389E-01 a       540     0    27     1    20
 -3.0744795996170395E-02 a       541     0    28     1     1
 -3.1063452247880402E-01 a       542     0    28     1     2
  3.2522482400855224E-01 a       543     0    28     1     3
 -3.1589165561396258E-02 a       544     0    28     1     4
 -1.4248944287673476E-01 a       545     0    28     1     5
  4.6111124306379808E-01 a       546     0    28     1     6
 -4.7753965462324399E-01 a       547     0    28     1     7
 -4.9473184796795001E-02 a       548     0    28     1     8
  3.4716621068883638E-02 a       549     0    28     1     9
  2.7628921109462934E-01 a       550     0    28     1    10
  1.7746134479017261E-01 a       551     0    28     1    11
 -1.9484562445546982E-01 a       552     0    28     1    12
 -6.2051220630135107E-01 a       553     0    28     1    13
  2.2075680882120724E-02 a       554     0    28     1    14
 -1.4483838544254185E-01 a       555     0    28     1    15
 -1.2489429541298325E-01 a       556     0    28     1    16
 -4.0902337954580231E-02 a       557     0    28     1    17
 -1.9079570776485802E-01 a       558     0    28     1    18
 -6.7673891892896132E-02 a       559     0    28     1    19
  1.2841123615633426E-01 a       560     0    28     1    20
  1.6625197165760189E-01 a       561     0    29     1     1
 -4.7143476411123936E-01 a       562     0    29     1     2
  5.5722844355462131E-01 a       563     0    29     1     3
 -2.5175884366441204E-01 a       564     0    29     1     4
  2.2621790392967415E-02 a       565     0    29     1     5
  2.2242466077688369E-01 a       566     0    29     1     6
  8.9480958067008218E-02 a       567     0    29     1     7
 -9.2629551843769545E-02 a       568     0    29     1     8
  4.6157943142045146E-02 a       569     0    29     1     9
  1.2319509848922638E-01 a       570     0    29     1    10
 -1.6347673866305978E-01 a       571     0    29     1    11
 -3.4290579564315469E-03 a       572     0    29     1    12
 -1.5249872124060174E-01 a       573     0    29     1    13
 -1.8218867177553763E-02 a       574     0    29     1    14
 -4.0718679762949357E-02 a       575     0    29     1    15
 -5.4319442240393234E-01 a       576     0    29     1    16
  2.0593570230745434E-01 a       577     0    29     1    17
 -1.3893344210267661E-01 a       578     0    29     1    18
  7.7509213901696530E-02 a       579     0    29     1    19
  8.9727269431287865E-02 a       580     0    29     1    20
  1.9184474343406868E-01 a       581     0    30     1     1
  2.2853254532116513E-01 a       582     0    30     1     2
  1.1889024798106328E-01 a       583     0    30     1     3
  3.6793308966419758E-01 a       584     0    30     1     4
 -4.4566358234914130E-02 a       585     0    30     1     5
 -5.7405162251561066E-02 a       586     0    30     1     6
  5.0957173408425580E-02 a       587     0    30     1     7
  9.4410629756315756E-02 a       588     0    30     1     8
  6.1969426661296857E-03 a       589     0    30     1     9
 -4.5097025271070568E-01 a       590     0    30     1    10
 -9.0900540232139129E-02 a       591     0    30     1    11
 -3.9536192565050660E-01 a       592     0    30     1    12
  3.3282024031386037E-01 a       593     0    30     1    13
  8.8723746070532572E-03 a       594     0    30     1    14
  2.2954962991544928E-01 a       595     0    30     1    15
 -2.4076994283119132E-01 a       596     0    30     1    16
 -1.0452919434111568E-01 a       597     0    30     1    17
  8.6660148985526569E-02 a       598     0    30     1    18
 -8.8283123134267893E-02 a       599     0    30     1    19
 -6.9624372554480271E-02 a       600     0    30     1    20
  3.5796220442612725E-01 a       601     0    31     1     1
  5.0175540680896091E-01 a       602     0    31     1     2
 -3.6781771927218578E-02 a       603     0    31     1     3
 -3.1318106064348122E-01 a       604     0    31     1     4
 -1.3238011406146466E-01 a       605     0    31     1     5
 -7.7857703127092975E-02 a       606     0    31     1     6
 -2.4693234429349970E-02 a       607     0    31     1     7
  4.2553562909829717E-01 a       608     0    31     1     8
 -4.3893847750309113E-02 a       609     0    31     1     9
 -1.2052168371954747E-01 a       610     0    31     1    10
  3.0207953801499887E-01 a       611     0    31     1    11
 -5.8400542051742794E-03 a       612     0    31     1    12
  7.8876519318826097E-02 a       613     0    31     1    13
  2.9894914394917343E-01 a       614     0    31     1    14
  2.1427253179651198E-01 a       615     0    31     1    15
  8.6753812581515169E-02 a       616     0    31     1    16
  3.1795454110851800E-03 a       617     0    31     1    17
  4.8071916834953676E-01 a       618     0    31     1    18
  5.4462133868133911E-01 a       619     0    31     1    19
  1.2620808148700544E-01 a       620     0    31     1    20
  1.8935271158594327E-01 a       621     0    32     1     1
  6.7198998975801894E-01 a       622     0    32     1     2
 -2.3416765852344815E-01 a       623     0    32     1     3
 -2.0214380577745699E-02 a       624     0    32     1     4
  1.7771351159907509E-01 a       625     0    32     1     5
 -2.1812016960816941E-01 a       626     0    32     1     6
  6.3829290574222472E-02 a       627     0    32     1     7
 -2.6730187686528079E-01 a       628     0    32     1     8
 -1.2879117615797409E-01 a       629     0    32     1     9
  2.5803319447567002E-01 a       630     0    32     1    10
  1.7536704051779617E-01 a       631     0    32     1    11
 -5.5182291421591190E-03 a       632     0    32     1    12
  1.3047948198324000E-01 a       633     0    32     1    13
  4.0896033274021526E-01 a       634     0    32     1    14
 -2.9089332465754869E-01 a       635     0    32     1    15
  9.9587922023888206E-02 a       636     0    32     1    16
  4.0191558955422946E-01 a       637     0    32     1    17
  2.7142110617082510E-01 a       638     0    32     1    18
  1.1847294653419363E-01 a       639     0    32     1    19
  3.5807616496144321E-02 a       640     0    32     1    20
  2.1660979365385313E-01 a       641     0    33     1     1
 -6.7140206584723514E-02 a       642     0    33     1     2
 -1.3209586133896314E-01 a       643     0    33     1     3
 -2.3127722737924292E-01 a       644     0    33     1     4
 -1.9281718161326100E-01 a       645     0    33     1     5
 -5.5766715473661543E-01 a       646     0    33     1     6
  4.8858180877060509E-02 a       647     0    33     1     7
  4.3185616989511594E-01 a       648     0    33     1     8
  1.4573773650074545E-01 a       649     0    33     1     9
  2.7555976192568737E-01 a       650     0    33     1    10
 -1.5243344125704605E-01 a       651     0    33     1    11
 -5.7419850755672319E-01 a       652     0    33     1    12
 -1.3488161886156236E-01 a       653     0    33     1    13
  6.4243844396166691E-02 a       654     0    33     1    14
 -2.0507501519482479E-01 a       655     0    33     1    15
  2.3162069326580623E-01 a       656     0    33     1    16
 -4.8852377712909310E-03 a       657     0    33     1    17
  7.8554673345977977E-01 a       658     0    33     1    18
 -9.4416778989069139E-02 a       659     0    33     1    19
 -6.2201137778235209E-02 a       660     0    33     1    20
 -4.9722717802606153E-01 a       661     0    34     1     1
 -7.0518528579163950E-02 a       662     0    34     1     2
 -2.6536956245535975E-01 a       663     0    34     1     3
  2.3949175571794451E-01 a       664     0    34     1     4
  3.0492258553961299E-01 a       665     0    34     1     5
 -1.4945941407141231E-01 a       666     0    34     1     6
  1.4314897246937028E-02 a       667     0    34     1     7
  4.5583909227502462E-01 a       668     0    34     1     8
 -3.4131351097631452E-01 a       669     0    34     1     9
 -1.1447240375230160E-01 a       670     0    34     1    10
  1.9177566605658536E-01 a       671     0    34     1    11
 -3.3250066865793793E-02 a       672     0    34     1    12
 -8.2238725388458195E-02 a       673     0    34     1    13
 -3.1440556853217638E-01 a       674     0    34     1    14
  4.8556266038996360E-01 a       675     0    34     1    15
 -8.3846141209605388E-02 a       676     0    34     1    16
  3.5895461557694250E-03 a       677     0    34     1    17
 -4.9806971013454021E-01 a       678     0    34     1    18
 -1.3371975523957666E-01 a       679     0    34     1    19
 -1.3286914546463557E-01 a       680     0    34     1    20
 -1.0703451808104629E-01 a       681     0    35     1     1
 -5.3486252190666583E-01 a       682     0    35     1     2
 -4.4076706465931698E-01 a       683     0    35     1     3
  4.6165372010794709E-02 a       684     0    35     1     4
  6.1814202782532746E-01 a       685     0    35     1     5
 -4.1058480367413708E-01 a       686     0    35     1     6
 -4.9536245827956521E-01 a       687     0    35     1     7
  3.8707444147070214E-01 a       688     0    35     1     8
 -3.0254569878383231E-01 a       689     0    35     1     9
 -1.4997406687833167E-01 a       690     0    35     1    10
 -1.2741347521557105E-02 a       691     0    35     1    11
 -1.6505046906004636E-01 a       692     0    35     1    12
  2.1188392748761539E-01 a       693     0    35     1    13
 -7.2841668545378757E-01 a       694     0    35     1    14
 -3.3575516469319433E-01 a       695     0    35     1    15
  3.2517727878388389E-03 a       696     0    35     1    16
  3.4762923760553699E-01 a       697     0    35     1    17
 -1.1901436175607598E+00 a       698     0    35     1    18
  4.9156952426189879E-02 a       699     0    35     1    19
  4.5781883869011497E-01 a       700     0    35     1    20
  1.1860197418958528E-01 a       701     0    36     1     1
 -3.1708206858206428E-01 a       702     0    36     1     2
 -2.9998338139389191E-01 a       703     0    36     1     3
  9.2882659562188316E-02 a       704     0    36     1     4
 -4.6467817332826677E-01 a       705     0    36     1     5
  2.6172636875561428E-02 a       706     0    36     1     6
  1.8885545359236242E-01 a       707     0    36     1     7
 -1.8987247463783150E-01 a       708     0    36     1     8
 -1.0532179233405746E-01 a       709     0    36     1     9
  9.0970181589156679E-02 a       710     0    36     1    10
  4.7077700670484246E-01 a       711     0    36     1    11
  2.0168899339331844E-01 a       712     0    36     1    12
  8.5310924566962140E-02 a       713     0    36     1    13
  2.1547597639841173E-01 a       714     0    36     1    14
 -1.5140349643649046E-02 a       715     0    36     1    15
 -3.6753471833340068E-01 a       716     0    36     1    16
 -3.4943627282471759E-02 a       717     0    36     1    17
  1.6736123124819247E-01 a       718     0    36     1    18
 -3.7794155675146407E-01 a       719     0    36     1    19
 -8.3639193343638937E-02 a       720     0    36     1    20
 -1.0013642552342293E-01 a       721     0    37     1     1
  1.3115249418150399E-01 a       722     0    37     1     2
  2.5967411002768759E-01 a       723     0    37     1     3
  3.0393543415600222E-01 a       724     0    37     1     4
 -7.1682574987370754E-02 a       725     0    37     1     5
  2.0540538317913240E-01 a       726     0    37     1     6
  2.3903018675311055E-01 a       727     0    37     1     7
  9.9165498918509583E-04 a       728     0    37     1     8
  4.3278008101912548E-02 a       729     0    37     1     9
 -1.8894859995576022E-01 a       730     0    37     1    10
 -1.4929643701951034E-01 a       731     0    37     1    11
  2.6182691628688520E-01 a       732     0    37     1    12
 -4.6650898434538686E-02 a       733     0    37     1    13
 -6.6808464380335786E-01 a       734     0    37     1    14
  5.4475137654026184E-01 a       735     0    37     1    15
  1.3667265743764770E-01 a       736     0    37     1    16
 -1.0074392497804792E-02 a       737     0    37     1    17
 -7.8348448109464885E-01 a       738     0    37     1    18
  2.4645068083440969E-01 a       739     0    37     1    19
  1.6689333722905389E-01 a       740     0    37     1    20
 -3.5539744582769467E-01 a       741     0    38     1     1
  1.6744128589529891E-01 a       742     0    38     1     2
 -1.9018695808805353E-01 a       743     0    38     1     3
 -3.1605927830020103E-01 a       744     0    38     1     4
 -7.9234841690341770E-02 a       745     0    38     1     5
  1.9924411740594578E-01 a       746     0    38     1     6
 -1.6460592991641926E-01 a       747     0    38     1     7
  5.4269671734920222E-01 a       748     0    38     1     8
  2.4758536792957447E-02 a       749     0    38     1     9
 -1.1977489831521275E-01 a       750     0    38     1    10
  1.1517896177057033E-01 a       751     0    38     1    11
 -1.7952841391671021E-01 a       752     0    38     1    12
  1.4781331291388270E-03 a       753     0    38     1    13
  1.5323801983541616E-01 a       754     0    38     1    14
 -2.0580441106620048E-01 a       755     0    38     1    15
  1.4229022658934981E-01 a       756     0    38     1    16
 -8.1616112533459434E-02 a       757     0    38     1    17
  2.3000242341243587E-01 a       758     0    38     1    18
 -3.8318432544009273E-01 a       759     0    38     1    19
 -1.8049336397174137E-01 a       760     0    38     1    20
 -3.7234988723798484E-01 a       761     0    39     1     1
 -3.5871340805902935E-01 a       762     0    39     1     2
 -1.0244499830602549E-01 a       763     0    39     1     3
 -1.1388174546658260E-01 a       764     0    39     1     4
 -4.1321274576025691E-01 a       765     0    39     1     5
  8.5492020453482212E-02 a       766     0    39     1     6
 -3.1757271989647040E-01 a       767     0    39     1     7
 -1.8133242090442001E-01 a       768     0    39     1     8
  2.7303867920617425E-01 a       769     0    39     1     9
 -2.8170716252577260E-01 a       770     0    39     1    10
  2.6792417176151512E-01 a       771     0    39     1    11
  7.6499583646552094E-01 a       772     0    39     1    12
  2.2925559441599860E-01 a       773     0    39     1    13
 -4.7025455333670918E-02 a       774     0    39     1    14
  1.9591160144530512E-01 a       775     0    39     1    15
  2.7660726633247956E-01 a       776     0    39     1    16
  3.4342785258163516E-01 a       777     0    39     1    17
  1.9012081922387786E-01 a       778     0    39     1    18
 -1.6596510488540939E-01 a       779     0    39     1    19
 -1.0552607906179841E-01 a       780     0    39     1    20
  2.4100780904907906E-01 a       781     0    40     1     1
  1.7704723007247561E-01 a       782     0    40     1     2
 -4.4155557335512063E-01 a       783     0    40     1     3
  2.4799095467448357E-01 a       784     0    40     1     4
  7.5980430230486229E-02 a       785     0    40     1     5
 -1.7577433788376234E-01 a       786     0    40     1     6
  7.0513251932714094E-01 a       787     0    40     1     7
  2.1825919439237945E-01 a       788     0    40     1     8
  1.8305924016053801E-01 a       789     0    40     1     9
  2.6020303705104594E-02 a       790     0    40     1    10
 -3.3595874180804908E-01 a       791     0    40     1    11
 -3.5988058745526558E-01 a       792     0    40     1    12
 -9.3102833074806282E-02 a       793     0    40     1    13
  5.2295199203755893E-01 a       794     0    40     1    14
 -9.6164029805713402E-01 a       795     0    40     1    15
 -2.6999335651511330E-01 a       796     0    40     1    16
 -3.2403218533840888E-01 a       797     0    40     1    17
  8.2233482599982710E-01 a       798     0    40     1    18
 -4.7804617042406528E-01 a       799     0    40     1    19
 -6.2512145732934774E-02 a       800     0    40     1    20
  8.1213510056597285E-02 a       801     0    41     1     1
 -2.7427230617469628E-01 a       802     0    41     1     2
 -2.9795101796313506E-01 a       803     0    41     1     3
 -1.6804573971219658E-01 a       804     0    41     1     4
  3.2348092499151931E-01 a       805     0    41     1     5
  2.8717415956378300E-01 a       806     0    41     1     6
  3.7704270892656516E-02 a       807     0    41     1     7
  3.9557624071695989E-02 a       808     0    41     1     8
 -3.9930134220694267E-02 a       809     0    41     1     9
  1.9768411900272960E-02 a       810     0    41     1    10
  1.7744202843261039E-01 a       811     0    41     1    11
  1.3930233215529950E-01 a       812     0    41     1    12
  1.4859991385980548E-01 a       813     0    41     1    13
 -5.6610029590504352E-01 a       814     0    41     1    14
 -1.9047708319483575E-01 a       815     0    41     1    15
  3.2340895674838266E-01 a       816     0    41     1    16
  2.4754770715689385E-02 a       817     0    41     1    17
 -6.2670758420506578E-01 a       818     0    41     1    18
 -4.2727777594144638E-03 a       819     0    41     1    19
  3.6582119662088386E-01 a       820     0    41     1    20
 -3.6844365864705703E-01 a       821     0    42     1     1
  1.2235761462759877E-01 a       822     0    42     1     2
 -2.9474996952196209E-01 a       823     0    42     1     3
 -5.4570965703439382E-02 a       824     0    42     1     4
  1.8381158093939468E-01 a       825     0    42     1     5
  3.2389083227370818E-01 a       826     0    42     1     6
  1.5837263238972946E-01 a       827     0    42     1     7
 -7.0810809111399420E-01 a       828     0    42     1     8
 -1.7960007994679511E-01 a       829     0    42     1     9
  3.2324040821925540E-02 a       830     0    42     1    10
 -3.5628419741692556E-02 a       831     0    42     1    11
  3.2330155716830000E-01 a       832     0    42     1    12
  4.8721037412291307E-01 a       833     0    42     1    13
  1.8987767143198536E-01 a       834     0    42     1    14
 -3.9092295197268540E-01 a       835     0    42     1    15
  4.1971310093970871E-01 a       836     0    42     1    16
  5.4548237352184725E-02 a       837     0    42     1    17
 -9.1946213136079202E-02 a       838     0    42     1    18
 -2.8480810992319910E-01 a       839     0    42     1    19
 -4.7558252733853015E-02 a       840     0    42     1    20
 -2.3223686624371290E-01 a       841     0    43     1     1
  1.5707616452907297E-01 a       842     0    43     1     2
 -6.0480747504118315E-01 a       843     0    43     1     3
 -1.6882389726861893E-01 a       844     0    43     1     4
 -1.8312666281185400E-02 a       845     0    43     1     5
 -1.0600718209597830E+00 a       846     0    43     1     6
 -1.6312264394762186E+00 a       847     0    43     1     7
  3.7918962416683508E-02 a       848     0    43     1     8
 -1.3215309545783463E-01 a       849     0    43     1     9
  9.3383612038093533E-02 a       850     0    43     1    10
  4.2135179289150826E-01 a       851     0    43     1    11
 -4.7349008605231080E-01 a       852     0    43     1    12
 -1.1330485181341715E-01 a       853     0    43     1    13
 -5.6570367494116847E-01 a       854     0    43     1    14
 -7.3836100735583265E-01 a       855     0    43     1    15
 -1.6635998792746201E-02 a       856     0    43     1    16
  1.9246906539501307E-01 a       857     0    43     1    17
 -1.2204153004734411E-01 a       858     0    43     1    18
  8.2974371469827446E-01 a       859     0    43     1    19
  2.6949973979037928E-01 a       860     0    43     1    20
 -7.0962896480270279E-02 a       861     0    44     1     1
  4.3237718371256095E-01 a       862     0    44     1     2
  5.5380108345116874E-01 a       863     0    44     1     3
 -1.8145323150067003E-01 a       864     0    44     1     4
  2.3608036053880216E-01 a       865     0    44     1     5
  9.5798056336129880E-02 a       866     0    44     1     6
  3.6114854753220199E-01 a       867     0    44     1     7
 -6.8197107361303314E-02 a       868     0    44     1     8
  1.1881530639000415E-01 a       869     0    44     1     9
  5.9237286026028332E-02 a       870     0    44     1    10
 -1.8381904562389179E-01 a       871     0    44     1    11
 -5.7457505343290430E-02 a       872     0    44     1    12
 -4.9573604645387626E-02 a       873     0    44     1    13
  5.4698503745582638E-01 a       874     0    44     1    14
  3.0811692058436474E-01 a       875     0    44     1    15
  2.0465692359502868E-01 a       876     0    44     1    16
  1.3309310763919235E-01 a       877     0    44     1    17
  4.6487792347579665E-01 a       878     0    44     1    18
  9.5450919416129668E-02 a       879     0    44     1    19
 -2.6986976832791110E-01 a       880     0    44     1    20
  1.4455065871921860E-01 a       881     0    45     1     1
  1.8723715864721532E-01 a       882     0    45     1     2
 -3.9436931002487285E-01 a       883     0    45     1     3
 -4.0202669224800464E-01 a       884     0    45     1     4
 -2.0776611628316569E-01 a       885     0    45     1     5
 -1.4773846386225670E-02 a       886     0    45     1     6
  4.7216785472390566E-01 a       887     0    45     1     7
 -3.1501580706835997E-01 a       888     0    45     1     8
  3.0736257632807223E-02 a       889     0    45     1     9
  2.8048099339582355E-01 a       890     0    45     1    10
 -1.6820289059678972E-01 a       891     0    45     1    11
 -2.4081306392611396E-01 a       892     0    45     1    12
 -1.5539863540343582E-01 a       893     0    45     1    13
 -6.1480733772968671E-02 a       894     0    45     1    14
  1.0022525604796076E-01 a       895     0    45     1    15
  4.6962954127231421E-01 a       896     0    45     1    16
 -6.2616774750529725E-01 a       897     0    45     1    17
 -5.3478226008551200E-01 a       898     0    45     1    18
 -1.9108490131565920E-03 a       899     0    45     1    19
 -1.6249966529016047E-01 a       900     0    45     1    20
  1.4913710444118583E-01 a       901     0    46     1     1
  3.4570357505309623E-02 a       902     0    46     1     2
  1.7260500031194587E-01 a       903     0    46     1     3
  2.9245610378313736E-01 a       904     0    46     1     4
 -1.4424535140909034E-01 a       905     0    46     1     5
  1.4880495811037345E-01 a       906     0    46     1     6
 -6.2052963742746214E-01 a       907     0    46     1     7
 -3.1467102341598813E-01 a       908     0    46     1     8
 -1.0018597973974468E-01 a       909     0    46     1     9
  1.4632059371728090E-01 a       910     0    46     1    10
 -2.8471065573840199E-01 a       911     0    46     1    11
 -3.5219877377693115E-01 a       912     0    46     1    12
  3.2655083847331912E-01 a       913     0    46     1    13
 -2.9257182659306363E-01 a       914     0    46     1    14
 -1.3006691450371751E-02 a       915     0    46     1    15
  1.3964155721847163E-01 a       916     0    46     1    16
  1.9521787941114552E-01 a       917     0    46     1    17
 -2.2909210474911931E-01 a       918     0    46     1    18
 -1.4236449387650668E-01 a       919     0    46     1    19
 -3.9303247303092742E-01 a       920     0    46     1    20
  1.7445662313602572E+00 b       921     1     1
  1.2162529877021795E+00 b       922     1     2
  1.4687830985692627E-02 b       923     1     3
 -2.4924159765897465E-02 b       924     1     4
  1.1658565677993253E+00 b       925     1     5
 -1.3255312247142259E+00 b       926     1     6
  4.3388299039374767E-01 b       927     1     7
 -1.0104420792424065E+00 b       928     1     8
 -8.0164173870362776E-01 b       929     1     9
  1.9794169883446544E-01 b       930     1    10
  2.3851429345400824E-01 b       931     1    11
  1.5222380599236902E+00 b       932     1    12
 -1.2321179743260109E+00 b       933     1    13
 -1.2366647385848835E+00 b       934     1    14
  1.0504213939609031E+00 b       935     1    15
  2.6331525974341008E-01 b       936     1    16
 -2.8838491486393097E-02 b       937     1    17
  1.2657681663870379E+00 b       938     1    18
  1.1049121293856980E+00 b       939     1    19
 -7.1794461055315550E-01 b       940     1    20
 -5.8327474788821820E-01 a       941     1     1     2     1
  8.1567444762070251E-01 a       942     1     1     2     2
  8.5771526495216821E-01 a       943     1     1     2     3
  3.9742746919456018E-01 a       944     1     1     2     4
  3.7345196189192115E-01 a       945     1     1     2     5
 -5.6598617170925325E-01 a       946     1     1     2     6
 -5.5845880762059430E-01 a       947     1     1     2     7
 -5.5016828319592626E-01 a       948     1     1     2     8
 -6.4340377867797738E-01 a       949     1     1     2     9
 -1.5111579641078132E-01 a       950     1     1     2    10
  1.4037093376298446E-01 a       951     1     1     2    11
  3.7960533091587112E-01 a       952     1     1     2    12
  6.0435240224899001E-01 a       953     1     1     2    13
 -6.3153955603118084E-01 a       954     1     1     2    14
  2.9493410889404786E-01 a       955     1     1     2    15
 -3.3397250432773246E-01 a       956     1     1     2    16
  8.4410429425234829E-02 a       957     1     1     2    17
  4.4260227559828197E-01 a       958     1     1     2    18
 -1.7091281339003325E-01 a       959     1     1     2    19
  3.6602708592239780E-01 a       960     1     1     2    20
 -5.0457183632180524E-01 a       961     1     2     2     1
 -6.3937100297916738E-01 a       962     1     2     2     2
  1.3370454163191892E-01 a       963     1     2     2     3
 -4.6035507997090316E-02 a       964     1     2     2     4
  5.1173221731757503E-03 a       965     1     2     2     5
 -3.6460153686167246E-01 a       966     1     2     2     6
 -2.5142517581899243E-01 a       967     1     2     2     7
 -4.0456781410615278E-01 a       968     1     2     2     8
  5.2519538903047047E-01 a       969     1     2     2     9
  4.9705207453350470E-01 a       970     1     2     2    10
  2.3899768283216324E-01 a       971     1     2     2    11
  1.1779206823507160E-01 a       972     1     2     2    12
  6.8977419031515774E-01 a       973     1     2     2    13
 -3.4037133611835146E-01 a       974     1     2     2    14
 -7.8954650988227937E-01 a       975     1     2     2    15
 -3.4071512178636389E-02 a       976     1     2     2    16
 -4.0047001841393509E-01 a       977     1     2     2    17
  3.2913200538650883E-01 a       978     1     2     2    18
  2.6802009950806843E-01 a       979     1     2     2    19
  2.9653817452157055E-01 a       980     1     2     2    20
  3.3540957420032647E-01 a       981     1     3     2     1
 -6.2566184289306895E-02 a       982     1     3     2     2
  2.3698624688449230E-01 a       983     1     3     2     3
 -5.6503459213712104E-01 a       984     1     3     2     4
  1.0672205612228608E-01 a       985     1     3     2     5
 -3.2414081892335495E-01 a       986     1     3     2     6
  4.1814438744043242E-01 a       987     1     3     2     7
 -2.6272293571992028E-01 a       988     1     3     2     8
 -1.6051832656602619E-01 a       989     1     3     2     9
 -1.8945023036909595E-01 a       990     1     3     2    10
  2.2536845475510611E-01 a       991     1     3     2    11
  4.0855706909465384E-02 a       992     1     3     2    12
 -9.0601044786146639E-02 a       993     1     3     2    13
  3.3882390775086091E-01 a       994     1     3     2    14
 -4.2766239092482994E-01 a       995     1     3     2    15
 -3.2139101559381089E-01 a       996     1     3     2    16
  7.8382033180375038E-02 a       997     1     3     2    17
  7.6933395863434972E-01 a       998     1     3     2    18
  1.2858588262723092E-02 a       999     1     3     2    19
 -7.6715226744608386E-02 a      1000     1     3     2    20
 -2.8494416736620015E-01 a      1001     1     4     2     1
 -1.0747194393840474E-01 a      1002     1     4     2     2
  3.6312857162216777E-01 a      1003     1     4     2     3
  5.4742654246835842E-01 a      1004     1     4     2     4
 -6.7024466635805557E-01 a      1005     1     4     2     5
 -1.4850157616393622E-01 a      1006     1     4     2     6
  6.3092584354410286E-01 a      1007     1     4     2     7
 -5.8346726573101482E-01 a      1008     1     4     2     8
 -6.5366298726275154E-02 a      1009     1     4     2     9
 -2.9117138512756341E-01 a      1010     1     4     2    10
 -2.9927973551641740E-01 a      1011     1     4     2    11
  5.9586637517662122E-01 a      1012     1     4     2    12
 -4.6752425944450465E-01 a      1013     1     4     2    13
 -2.4063651640990799E-01 a      1014     1     4     2    14
 -1.3349922880754964E-01 a      1015     1     4     2    15
 -4.4105688170297147E-01 a      1016     1     4     2    16
 -8.9276834307173081E-01 a      1017     1     4     2    17
  3.0425887845293342E-01 a      1018     1     4     2    18
  4.9373914120922685E-01 a      1019     1     4     2    19
 -2.8279141154959647E-01 a      1020     1     4     2    20
 -2.2698136998340404E-01 a      1021     1     5     2     1
 -5.7428818964820649E-01 a      1022     1     5     2     2
  1.3570631831874311E-01 a      1023     1     5     2     3
  3.8608915993262036E-02 a      1024     1     5     2     4
 -4.1937639466610704E-01 a      1025     1     5     2     5
 -1.6749939769858022E-01 a      1026     1     5     2     6
 -5.7169798684458439E-01 a      1027     1     5     2     7
 -5.6077429236832466E-01 a      1028     1     5     2     8
  5.9102326210518707E-01 a      1029     1     5     2     9
  6.6030112056225568E-02 a      1030     1     5     2    10
  4.4457813351603021E-01 a      1031     1     5     2    11
 -1.0086568952333506E+00 a      1032     1     5     2    12
 -9.3489959403048634E-02 a      1033     1     5     2    13
  9.1027724786319056E-02 a      1034     1     5     2    14
 -9.2718304609869323E-02 a      1035     1     5     2    15
 -3.0398902263642180E-01 a      1036     1     5     2    16
 -6.3269600942388926E-01 a      1037     1     5     2    17
  6.5641805337067205E-01 a      1038     1     5     2    18
 -7.8952940223057455E-01 a      1039     1     5     2    19
 -4.9043326797566544E-01 a      1040     1     5     2    20
  2.7511793592855698E-02 a      1041     1     6     2     1
  3.6104023496937077E-01 a      1042     1     6     2     2
 -3.2504728977606628E-01 a      1043     1     6     2     3
  2.8108204383688223E-01 a      1044     1     6     2     4
 -2.3650235608358020E-01 a      1045     1     6     2     5
 -1.5035394082991763E-01 a      1046     1     6     2     6
 -1.3967977116916555E-01 a      1047     1     6     2     7
  3.9587779143301488E-01 a      1048     1     6     2     8
  1.3269973343255206E-01 a      1049     1     6     2     9
  1.7388895663084947E-01 a      1050     1     6     2    10
  6.9576565849149605E-02 a      1051     1     6     2    11
  1.8314182287076353E-01 a      1052     1     6     2    12
 -9.8886745986829366E-02 a      1053     1     6     2    13
  5.9434070123602512E-01 a      1054     1     6     2    14
  8.2437872546258534E-02 a      1055     1     6     2    15
  4.5508756731443878E-01 a      1056     1     6     2    16
 -9.2467614083184171E-02 a      1057     1     6     2    17
 -4.2571046259560430E-01 a      1058     1     6     2    18
  1.1703093206455784E-01 a      1059     1     6     2    19
 -4.0034375649463361E-01 a      1060     1     6     2    20
  3.2557936103840418E-02 a      1061     1     7     2     1
 -1.6153428776234949E-01 a      1062     1     7     2     2
  2.1076779319969593E-02 a      1063     1     7     2     3
 -3.4162648305231297E-01 a      1064     1     7     2     4
 -4.6599788239191142E-01 a      1065     1     7     2     5
  1.8891812392048823E-01 a      1066     1     7     2     6
 -4.6191723855890793E-01 a      1067     1     7     2     7
 -2.2035552481017404E-01 a      1068     1     7     2     8
  8.6865359108755702E-01 a      1069     1     7     2     9
  4.4010291503477272E-01 a      1070     1     7     2    10
 -2.2110117404995877E-01 a      1071     1     7     2    11
  4.1854353006744160E-01 a      1072     1     7     2    12
 -1.7910880742054477E-02 a      1073     1     7     2    13
  7.2626406853914460E-01 a      1074     1     7     2    14
 -6.8253419990705028E-02 a      1075     1     7     2    15
  8.6304408526124587E-01 a      1076     1     7     2    16
 -2.4869872359117354E-01 a      1077     1     7     2    17
 -4.2501844933785976E-01 a      1078     1     7     2    18
  8.5675191451870780E-01 a      1079     1     7     2    19
 -5.3372992079975656E-01 a      1080     1     7     2    20
 -2.9651925263284346E-01 a      1081     1     8     2     1
 -7.6768570299188571E-02 a      1082     1     8     2     2
 -3.8318440507964852E-01 a      1083     1     8     2     3
  4.4416106186880416E-01 a      1084     1     8     2     4
 -1.7528438979663538E-01 a      1085     1     8     2     5
 -6.1257273639806287E-01 a      1086     1     8     2     6
 -1.4209463503798264E-01 a      1087     1     8     2     7
 -3.0939541283754802E-02 a      1088     1     8     2     8
  6.1026245366929066E-01 a      1089     1     8     2     9
  5.2712638092135677E-01 a      1090     1     8     2    10
 -3.6802347237505345E-01 a      1091     1     8     2    11
  5.0631562688274534E-01 a      1092     1     8     2    12
 -2.7121623108733595E-01 a      1093     1     8     2    13
  2.8216625965277164E-01 a      1094     1     8     2    14
 -2.9077494263165637E-01 a      1095     1     8     2    15
  5.4541387132926233E-01 a      1096     1     8     2    16
 -4.5825226534303276E-01 a      1097     1     8     2    17
  5.3457732802095859E-01 a      1098     1     8     2    18
  1.0382229857946447E-01 a      1099     1     8     2    19
 -7.1180049102325338E-01 a      1100     1     8     2    20
 -3.7496941297723946E-01 a      1101     1     9     2     1
  4.6963485510084374E-01 a      1102     1     9     2     2
 -7.2000622792785129E-01 a      1103     1     9     2     3
  3.6730206520430553E-03 a      1104     1     9     2     4
 -3.7795374357159467E-01 a      1105     1     9     2     5
 -7.2551028549840213E-01 a      1106     1     9     2     6
  6.5739185890937724E-01 a      1107     1     9     2     7
 -3.5969174303137889E-02 a      1108     1     9     2     8
 -3.9103660995822916E-02 a      1109     1     9     2     9
  3.6103083045800949E-01 a      1110     1     9     2    10
  6.5726476983659732E-01 a      1111     1     9     2    11
 -5.3175115818775720E-01 a      1112     1     9     2    12
 -7.9879406183383683E-02 a      1113     1     9     2    13
 -1.4798364915584472E-01 a      1114     1     9     2    14
  5.1336748223448714E-01 a      1115     1     9     2    15
 -3.2514654998234238E-01 a      1116     1     9     2    16
 -1.8857446231174033E-01 a      1117     1     9     2    17
  2.2992022278939603E-01 a      1118     1     9     2    18
  5.5476398216453970E-01 a      1119     1     9     2    19
 -5.3590266101997419E-01 a      1120     1     9     2    20
 -4.9523456590773152E-01 a      1121     1    10     2     1
 -4.0431574244449348E-01 a      1122     1    10     2     2
 -5.3037703296883433E-02 a      1123     1    10     2     3
  6.7249033405909908E-01 a      1124     1    10     2     4
  3.8930702326781114E-02 a      1125     1    10     2     5
 -1.0877512711809732E-01 a      1126     1    10     2     6
  4.2405347890399431E-01 a      1127     1    10     2     7
 -4.1530809652202516E-02 a      1128     1    10     2     8
  2.7257214369679256E-01 a      1129     1    10     2     9
 -1.4062277976919949E-01 a      1130     1    10     2    10
 -4.7200683013649269E-01 a      1131     1    10     2    11
  2.4521823783354746E-01 a      1132     1    10     2    12
 -1.4822907238331526E-01 a      1133     1    10     2    13
 -1.3942465872318835E-01 a      1134     1    10     2    14
 -4.3017812431144503E-01 a      1135     1    10     2    15
 -1.3934490789796727E-01 a      1136     1    10     2    16
 -1.6247162537171400E-01 a      1137     1    10     2    17
 -2.0691300259458911E-01 a      1138     1    10     2    18
  2.7924582069549730E-01 a      1139     1    10     2    19
  4.3256442116285010E-01 a      1140     1    10     2    20
 -1.3650092226851787E-01 a      1141     1    11     2     1
  4.6884831827414675E-01 a      1142     1    11     2     2
  1.3444378352318537E-01 a      1143     1    11     2     3
 -1.3476560779474933E-01 a      1144     1    11     2     4
  5.8526600984450720E-02 a      1145     1    11     2     5
 -1.7640413040500436E-01 a      1146     1    11     2     6
 -3.7822430450736327E-01 a      1147     1    11     2     7
 -3.4323658350097896E-01 a      1148     1    11     2     8
 -7.9523084061338056E-01 a      1149     1    11     2     9
  3.0607046605980481E-01 a      1150     1    11     2    10
  5.9413723644411331E-01 a      1151     1    11     2    11
  7.9715746153668110E-01 a      1152     1    11     2    12
  3.3237603270581456E-01 a      1153     1    11     2    13
  3.0545986021929394E-01 a      1154     1    11     2    14
  3.6951432426637359E-01 a      1155     1    11     2    15
  3.6334194522069145E-02 a      1156     1    11     2    16
 -3.4638474673871400E-01 a      1157     1    11     2    17
 -2.3849991473722998E-01 a      1158     1    11     2    18
  4.4851591085725828E-01 a      1159     1    11     2    19
  1.5170717384282176E-01 a      1160     1    11     2    20
 -3.4299694983083423E-01 a      1161     1    12     2     1
 -7.4877976434295113E-02 a      1162     1    12     2     2
  9.4338551282379335E-01 a      1163     1    12     2     3
 -1.3527040276904325E-02 a      1164     1    12     2     4
  1.9668690045682463E-01 a      1165     1    12     2     5
  5.8887096733955957E-01 a      1166     1    12     2     6
  3.1156543889537158E-01 a      1167     1    12     2     7
  1.5337563015992711E-01 a      1168     1    12     2     8
 -5.7977488923972720E-01 a      1169     1    12     2     9
  8.6329138152220611E-02 a      1170     1    12     2    10
  1.3182402690165348E-01 a      1171     1    12     2    11
  8.5708188509896110E-01 a      1172     1    12     2    12
  7.1007106881767201E-01 a      1173     1    12     2    13
 -2.5448778406329026E-01 a      1174     1    12     2    14
 -7.0754719741480177E-01 a      1175     1    12     2    15
 -7.8429392331455783E-01 a      1176     1    12     2    16
  5.1943457890452416E-01 a      1177     1    12     2    17
  1.3894499508163552E-02 a      1178     1    12     2    18
 -1.7948550360075111E-01 a      1179     1    12     2    19
 -3.0663433248180755E-01 a      1180     1    12     2    20
 -2.9218682086249720E-01 a      1181     1    13     2     1
 -3.7509501308697096E-01 a      1182     1    13     2     2
 -4.4297633417070459E-01 a      1183     1    13     2     3
 -2.2615344160380557E-01 a      1184     1    13     2     4
 -3.7949008263253559E-01 a      1185     1    13     2     5
  2.3224168998268840E-01 a      1186     1    13     2     6
 -1.7227856966459948E-01 a      1187     1    13     2     7
  5.3641095950884829E-02 a      1188     1    13     2     8
 -1.4980341234875278E-02 a      1189     1    13     2     9
  6.8748835391670726E-01 a      1190     1    13     2    10
 -2.3887417377488349E-01 a      1191     1    13     2    11
 -1.5349142195101823E-01 a      1192     1    13     2    12
  1.8863636283323995E-01 a      1193     1    13     2    13
  3.6536142708315494E-01 a      1194     1    13     2    14
 -3.2923132529197341E-01 a      1195     1    13     2    15
  4.6330698406523452E-01 a      1196     1    13     2    16
  8.2238396193423102E-02 a      1197     1    13     2    17
 -1.0476179926843152E-01 a      1198     1    13     2    18
 -5.1594184214952510E-01 a      1199     1    13     2    19
 -5.4999155836152258E-01 a      1200     1    13     2    20
 -6.0372875853142649E-01 a      1201     1    14     2     1
  2.3979092649233913E-01 a      1202     1    14     2     2
 -3.3430539230445167E-01 a      1203     1    14     2     3
  2.2888910775869531E-01 a      1204     1    14     2     4
 -1.7027481800885744E-01 a      1205     1    14     2     5
 -1.7718793999501287E-01 a      1206     1    14     2     6
  6.5142785815619364E-01 a      1207     1    14     2     7
  6.4471227274944320E-01 a      1208     1    14     2     8
 -6.6651163578375272E-01 a      1209     1    14     2     9
 -7.3286568646347694E-01 a      1210     1    14     2    10
 -5.8327286137219747E-01 a      1211     1    14     2    11
 -1.0147936592635693E+00 a      1212     1    14     2    12
 -2.5218016206123461E-01 a      1213     1    14     2    13
  8.0830730126988337E-01 a      1214     1    14     2    14
  5.0774160720753858E-01 a      1215     1    14     2    15
 -1.5955087774217011E-01 a      1216     1    14     2    16
  5.7083721640520890E-01 a      1217     1    14     2    17
 -6.7605121780531707E-01 a      1218     1    14     2    18
  2.7401129698284937E-01 a      1219     1    14     2    19
  4.2028604625778210E-01 a      1220     1    14     2    20
  3.2615344931924134E-01 a      1221     1    15     2     1
  3.5033788705269042E-01 a      1222     1    15     2     2
  6.1403555539044741E-01 a      1223     1    15     2     3
  8.5868378222372965E-01 a      1224     1    15     2     4
 -1.9549885360823938E-01 a      1225     1    15     2     5
  9.5460387334774313E-03 a      1226     1    15     2     6
 -4.5596407237019643E-01 a      1227     1    15     2     7
  6.3348780733102489E-02 a      1228     1    15     2     8
 -2.5959316976543395E-01 a      1229     1    15     2     9
  2.9326642321881669E-01 a      1230     1    15     2    10
  4.5512852626375400E-01 a      1231     1    15     2    11
  1.5500339390029622E-01 a      1232     1    15     2    12
 -5.9204055104288555E-01 a      1233     1    15     2    13
  2.5286918567001121E-01 a      1234     1    15     2    14
  7.1557130380538581E-01 a      1235     1    15     2    15
  5.1778201131807811E-01 a      1236     1    15     2    16
 -1.1450652381067602E-03 a      1237     1    15     2    17
 -4.6330125770694086E-01 a      1238     1    15     2    18
  2.0203856591100791E-01 a      1239     1    15     2    19
  1.6600256830182489E-01 a      1240     1    15     2    20
 -5.7586018087331037E-01 a      1241     1    16     2     1
  2.8577043807529229E-01 a      1242     1    16     2     2
  6.1114801966537458E-01 a      1243     1    16     2     3
  2.3427485182911290E-01 a      1244     1    16     2     4
  5.5662408415883613E-01 a      1245     1    16     2     5
  3.5238503639355329E-01 a      1246     1    16     2     6
  2.2279655617751724E-02 a      1247     1    16     2     7
 -1.7404158584142790E-01 a      1248     1    16     2     8
 -6.3220609087844182E-01 a      1249     1    16     2     9
  1.9648103838664963E-01 a      1250     1    16     2    10
 -6.6608018043503567E-02 a      1251     1    16     2    11
  2.7112346543819349E-01 a      1252     1    16     2    12
  7.4614199625385080E-01 a      1253     1    16     2    13
  2.6846886478047194E-01 a      1254     1    16     2    14
  4.3345341386958619E-01 a      1255     1    16     2    15
 -1.8229114439458685E-01 a      1256     1    16     2    16
  1.0982838759174071E-01 a      1257     1    16     2    17
 -3.4115332735289627E-01 a      1258     1    16     2    18
 -1.5001286671133615E-01 a      1259     1    16     2    19
  3.2141026573224529E-01 a      1260     1    16     2    20
 -1.0037333111506305E-01 a      1261     1    17     2     1
 -2.3892705865335298E-01 a      1262     1    17     2     2
 -1.6373320174489120E-01 a      1263     1    17     2     3
  5.5915674477706767E-01 a      1264     1    17     2     4
 -2.7055253212887029E-02 a      1265     1    17     2     5
 -1.7705293045327722E-01 a      1266     1    17     2     6
  5.5878490149180216E-01 a      1267     1    17     2     7
 -4.8674424622062135E-01 a      1268     1    17     2     8
  3.8258805336513108E-01 a      1269     1    17     2     9
  1.6576507988486103E-01 a      1270     1    17     2    10
  5.8656098270021752E-02 a      1271     1    17     2    11
 -3.9755116061125839E-01 a      1272     1    17     2    12
 -2.8470236832245743E-01 a      1273     1    17     2    13
  3.2982906711035104E-01 a      1274     1    17     2    14
 -3.7516248228749988E-01 a      1275     1    17     2    15
  6.1279754775131701E-01 a      1276     1    17     2    16
 -7.6235231742004761E-01 a      1277     1    17     2    17
  6.2306102561500758E-02 a      1278     1    17     2    18
 -9.3994173684726612E-01 a      1279     1    17     2    19
  1.6916938788229011E-01 a      1280     1    17     2    20
  1.6515163135054492E-01 a      1281     1    18     2     1
 -5.1491839926463012E-01 a      1282     1    18     2     2
 -1.3421912441481562E-01 a      1283     1    18     2     3
  1.0448326682069034E-01 a      1284     1    18     2     4
  1.3585858350099994E-01 a      1285     1    18     2     5
 -1.7220882233278769E-03 a      1286     1    18     2     6
 -4.1372627718719340E-01 a      1287     1    18     2     7
  4.7235030442490548E-02 a      1288     1    18     2     8
  1.5977666950175676E-01 a      1289     1    18     2     9
  7.8563142353064452E-01 a      1290     1    18     2    10
  5.4684572816506249E-01 a      1291     1    18     2    11
 -3.4460927780421136E-01 a      1292     1    18     2    12
  1.0616707070122511E-02 a      1293     1    18     2    13
 -3.3816975936431537E-01 a      1294     1    18     2    14
  3.5369337352643776E-01 a      1295     1    18     2    15
 -2.4997769363269995E-01 a      1296     1    18     2    16
  1.7678887614672226E-01 a      1297     1    18     2    17
 -2.3432035008499452E-01 a      1298     1    18     2    18
 -7.0226548798272914E-01 a      1299     1    18     2    19
  4.8821221663035508E-03 a      1300     1    18     2    20
 -3.4356883843270075E-01 a      1301     1    19     2     1
  1.3783259194898206E-01 a      1302     1    19     2     2
  5.1361546804476688E-01 a      1303     1    19     2     3
  3.7040884416818326E-01 a      1304     1    19     2     4
  4.6856561522844148E-01 a      1305     1    19     2     5
  2.7690258866112250E-01 a      1306     1    19     2     6
 -5.1518427219695728E-01 a      1307     1    19     2     7
 -5.1748689946483339E-01 a      1308     1    19     2     8
  3.3197472822220873E-02 a      1309     1    19     2     9
  4.6247839284528597E-01 a      1310     1    19     2    10
  5.4850304168446562E-01 a      1311     1    19     2    11
 -1.4693435374776534E-01 a      1312     1    19     2    12
  2.9329731352663013E-01 a      1313     1    19     2    13
  4.4002587310633873E-01 a      1314     1    19     2    14
  6.1321465928747954E-01 a      1315     1    19     2    15
  8.9644636674576714E-02 a      1316     1    19     2    16
  1.3773128293882780E-01 a      1317     1    19     2    17
 -5.8740841074943317E-01 a      1318     1    19     2    18
  4.2165682764893153E-01 a      1319     1    19     2    19
  2.3775456394353044E-02 a      1320     1    19     2    20
  6.9279744378378105E-01 a      1321     1    20     2     1
 -2.6580717417177741E-01 a      1322     1    20     2     2
  5.3141804151085381E-02 a      1323     1    20     2     3
 -7.4548438272483775E-01 a      1324     1    20     2     4
 -6.8629966265767983E-01 a      1325     1    20     2     5
 -9.3395226113335492E-02 a      1326     1    20     2     6
 -7.6162277112081928E-02 a      1327     1    20     2     7
  3.4126720022062984E-01 a      1328     1    20     2     8
  2.7400768241597301E-01 a      1329     1    20     2     9
  8.1714489927716383E-01 a      1330     1    20     2    10
  2.6934168124362529E-01 a      1331     1    20     2    11
  4.5954682157790594E-01 a      1332     1    20     2    12
 -4.1094767468673221E-01 a      1333     1    20     2    13
 -2.7105079281426764E-01 a      1334     1    20     2    14
 -2.9366770918629093E-01 a      1335     1    20     2    15
  1.8004496701569267E-01 a      1336     1    20     2    16
 -6.2928970098217263E-01 a      1337     1    20     2    17
 -1.1564782776111011E-01 a      1338     1    20     2    18
 -4.8112831224546647E-02 a      1339     1    20     2    19
 -5.1594060788984882E-02 a      1340     1    20     2    20
 -1.0279179696574481E+00 b      1341     2     1
  1.4225444360874249E+00 b      1342     2     2
 -5.6828362189106907E-01 b      1343     2     3
  2.7538741512156101E-01 b      1344     2     4
  1.4665488283318773E+00 b      1345     2     5
  1.4707328643989361E+00 b      1346     2     6
  9.8178397525939168E-02 b      1347     2     7
 -3.6046035060038277E-02 b      1348     2     8
  2.4958300757374605E-01 b      1349     2     9
  1.5750977955438050E+00 b      1350     2    10
  6.2536373515760491E-01 b      1351     2    11
 -5.8649057252747805E-01 b      1352     2    12
  2.2017158778822701E-01 b      1353     2    13
 -8.4615265464017586E-01 b      1354     2    14
 -6.2429439863419445E-01 b      1355     2    15
 -6.7484711002692777E-01 b      1356     2    16
 -1.6670692607554238E+00 b      1357     2    17
  1.2983058074970963E+00 b      1358     2    18
 -1.4311703167620682E+00 b      1359     2    19
  1.3804486056313128E+00 b      1360     2    20
 -7.9540324894982817E-01 a      1361     2     1     3     1
  1.5755491624664788E+00 a      1362     2     2     3     1
  1.7116910919389374E+00 a      1363     2     3     3     1
  1.1499705414571570E+00 a      1364     2     4     3     1
  2.0303947181633633E+00 a      1365     2     5     3     1
  1.8108505101383696E+00 a      1366     2     6     3     1
 -1.0727953101169432E+00 a      1367     2     7     3     1
 -9.2079443162497743E-01 a      1368     2     8     3     1
  5.9331098431055058E-02 a      1369     2     9     3     1
  6.5866649143354694E-01 a      1370     2    10     3     1
  1.8225485698925465E+00 a      1371     2    11     3     1
 -1.0972659576432953E-01 a      1372     2    12     3     1
  8.9748321687078514E-01 a      1373     2    13     3     1
 -3.7941453163880029E-01 a      1374     2    14     3     1
 -1.0171426090066900E+00 a      1375     2    15     3     1
 -1.5593424517012993E+00 a      1376     2    16     3     1
 -1.7245341389857061E-01 a      1377     2    17     3     1
  1.2193360462198108E+00 a      1378     2    18     3     1
 -2.0358650003738794E+00 a      1379     2    19     3     1
  1.5255656099401045E+00 a      1380     2    20     3     1
  2.1535284231642242E+00 b      1381     3     1
