################################################################################
# Neural network connection values (weights and biases).
################################################################################
# Col  Name       Description
################################################################################
# 1    connection Neural network connection value.
# 2    t          Connection type (a = weight, b = bias).
# 3    index      Index enumerating weights.
# 4    l_s        Starting point layer (end point layer for biases).
# 5    n_s        Starting point neuron in starting layer (end point neuron for biases).
# 6    l_e        End point layer.
# 7    n_e        End point neuron in end layer.
################################################################################
#                      1 2         3     4     5     6     7
#             connection t     index   l_s   n_s   l_e   n_e
############################################################
 -6.0716806789809818E-01 a         1     0     1     1     1
  2.8560856603591511E-01 a         2     0     1     1     2
 -5.3943929269477464E-01 a         3     0     1     1     3
  1.7374061500680479E-01 a         4     0     1     1     4
  6.9202483617255772E-01 a         5     0     1     1     5
 -1.7372708102745932E-01 a         6     0     1     1     6
  4.8638920929516681E-02 a         7     0     1     1     7
 -2.6963499685666875E-01 a         8     0     1     1     8
  2.0234016203908534E-01 a         9     0     1     1     9
  3.1324482363071476E-01 a        10     0     1     1    10
  1.1058364202165549E-01 a        11     0     1     1    11
 -1.5174175493816633E-01 a        12     0     1     1    12
 -4.4859283118048854E-01 a        13     0     1     1    13
 -1.8002466149410512E-01 a        14     0     1     1    14
  5.8213537141408034E-01 a        15     0     1     1    15
  2.0412568676258555E-01 a        16     0     1     1    16
  1.6113985923162535E-01 a        17     0     1     1    17
  3.3747601435522179E-01 a        18     0     1     1    18
  5.5734688975292679E-01 a        19     0     1     1    19
  5.6831344977187337E-01 a        20     0     1     1    20
 -4.3261903014655889E-01 a        21     0     2     1     1
 -1.7629429021535906E-01 a        22     0     2     1     2
 -8.8633706937025114E-01 a        23     0     2     1     3
 -1.1845353416486888E-01 a        24     0     2     1     4
  4.5653649070995289E-01 a        25     0     2     1     5
  9.5235028466627444E-02 a        26     0     2     1     6
  7.3817581782597244E-02 a        27     0     2     1     7
  4.1010090671172827E-01 a        28     0     2     1     8
 -2.5531053269352522E-01 a        29     0     2     1     9
 -2.6541732670711055E-01 a        30     0     2     1    10
 -9.6062231913200624E-02 a        31     0     2     1    11
  3.3775314745020973E-01 a        32     0     2     1    12
 -2.1645929779277509E-01 a        33     0     2     1    13
  1.3837862120765351E-01 a        34     0     2     1    14
 -7.4820739645336615E-02 a        35     0     2     1    15
  2.6617068031830754E-01 a        36     0     2     1    16
  3.6369585563733892E-01 a        37     0     2     1    17
 -6.4588027051500248E-03 a        38     0     2     1    18
  3.1565636896963546E-02 a        39     0     2     1    19
  5.1322800954994419E-01 a        40     0     2     1    20
  2.2338901599229097E-01 a        41     0     3     1     1
  1.3737761428193734E-01 a        42     0     3     1     2
 -9.2484534138606630E-03 a        43     0     3     1     3
 -1.1102186934079500E-01 a        44     0     3     1     4
 -5.1796648681585546E-02 a        45     0     3     1     5
  3.0625038565488572E-01 a        46     0     3     1     6
 -5.0912579091050736E-02 a        47     0     3     1     7
  2.5362558084960306E-02 a        48     0     3     1     8
 -3.1166393758733318E-01 a        49     0     3     1     9
 -2.3367690367809898E-01 a        50     0     3     1    10
 -1.1636848512444503E-01 a        51     0     3     1    11
 -5.4643076754465406E-02 a        52     0     3     1    12
  2.7719588881426876E-01 a        53     0     3     1    13
 -2.6447481948781582E-01 a        54     0     3     1    14
 -2.3410508659112708E-01 a        55     0     3     1    15
  3.1044532859780022E-01 a        56     0     3     1    16
 -2.1943972799248729E-01 a        57     0     3     1    17
  1.4792156921908786E-01 a        58     0     3     1    18
  8.3175217180422645E-02 a        59     0     3     1    19
 -2.5788844961380003E-01 a        60     0     3     1    20
  2.0448474862401217E-01 a        61     0     4     1     1
  3.5979853080389160E-02 a        62     0     4     1     2
  1.2873389861337173E-01 a        63     0     4     1     3
  2.0248320069686657E-01 a        64     0     4     1     4
 -4.4675023701751204E-01 a        65     0     4     1     5
  1.6408182434188173E-01 a        66     0     4     1     6
 -2.1906790134403495E-01 a        67     0     4     1     7
  1.0201951290170494E-01 a        68     0     4     1     8
 -2.4607597154746980E-01 a        69     0     4     1     9
 -5.7539163919597403E-02 a        70     0     4     1    10
 -5.8503907388187275E-02 a        71     0     4     1    11
  1.4673006371319980E-01 a        72     0     4     1    12
  5.2266102973134898E-01 a        73     0     4     1    13
  8.9195056424484553E-02 a        74     0     4     1    14
 -9.1024706217242041E-02 a        75     0     4     1    15
 -1.2469627134833955E-01 a        76     0     4     1    16
  3.6457758032112472E-02 a        77     0     4     1    17
  1.3064029156627380E-01 a        78     0     4     1    18
  4.9998196582472676E-02 a        79     0     4     1    19
 -3.9883973401686384E-01 a        80     0     4     1    20
  8.3186371843276441E-01 a        81     0     5     1     1
  2.1505774711843592E-01 a        82     0     5     1     2
  6.6857826156242317E-01 a        83     0     5     1     3
  1.9361203840907157E-01 a        84     0     5     1     4
 -2.9497125424016662E-01 a        85     0     5     1     5
 -4.8995030437049658E-01 a        86     0     5     1     6
 -3.2596914020340739E-01 a        87     0     5     1     7
  1.0801205813425482E-01 a        88     0     5     1     8
  1.2064389064000772E-02 a        89     0     5     1     9
  1.4812491140505055E-01 a        90     0     5     1    10
  1.8019867424517454E-02 a        91     0     5     1    11
 -1.5857437527232596E-01 a        92     0     5     1    12
  4.2928274315022663E-01 a        93     0     5     1    13
 -4.8129567516462735E-01 a        94     0     5     1    14
  4.3971532068578838E-02 a        95     0     5     1    15
 -1.4809377981694459E-02 a        96     0     5     1    16
  3.3417154988280684E-01 a        97     0     5     1    17
 -4.7858911642025725E-01 a        98     0     5     1    18
  4.2475041069519701E-02 a        99     0     5     1    19
 -2.6460648539647297E-01 a       100     0     5     1    20
  8.1667013973485447E-01 a       101     0     6     1     1
  2.8570539564199193E-01 a       102     0     6     1     2
  7.4102215265982729E-01 a       103     0     6     1     3
 -1.1828737297805410E-01 a       104     0     6     1     4
 -7.2559772398150491E-01 a       105     0     6     1     5
 -1.7435905354271214E-01 a       106     0     6     1     6
 -2.0269590980041989E-02 a       107     0     6     1     7
 -8.0814897463970234E-02 a       108     0     6     1     8
  3.6833415293171567E-01 a       109     0     6     1     9
 -8.8975800503213631E-02 a       110     0     6     1    10
  1.0494797257161828E-01 a       111     0     6     1    11
 -3.9805494224030097E-02 a       112     0     6     1    12
  2.2493942171490239E-01 a       113     0     6     1    13
 -6.7510927498235729E-01 a       114     0     6     1    14
  1.6409130193045224E-01 a       115     0     6     1    15
  7.0702423524659575E-04 a       116     0     6     1    16
  5.4644922922848571E-01 a       117     0     6     1    17
 -2.6979429367454805E-01 a       118     0     6     1    18
 -3.5481314535703457E-01 a       119     0     6     1    19
 -3.4543841843688500E-01 a       120     0     6     1    20
 -1.3411374551008211E+00 a       121     0     7     1     1
 -3.2617158378258926E-01 a       122     0     7     1     2
  1.2413010547921379E-02 a       123     0     7     1     3
 -2.6101467318986288E-01 a       124     0     7     1     4
  8.3430088352866660E-01 a       125     0     7     1     5
 -1.2124776836092033E-01 a       126     0     7     1     6
 -2.5187851636078423E-01 a       127     0     7     1     7
  2.9084348593454634E-01 a       128     0     7     1     8
 -5.4549317572619160E-01 a       129     0     7     1     9
 -2.3704514384857317E-01 a       130     0     7     1    10
 -2.2949506784640494E-01 a       131     0     7     1    11
 -7.3681837319213614E-02 a       132     0     7     1    12
 -1.4323015138767853E-01 a       133     0     7     1    13
  2.1672253863879853E-01 a       134     0     7     1    14
 -5.3734397413007950E-01 a       135     0     7     1    15
  2.7500480328137028E-01 a       136     0     7     1    16
 -5.8820256252177994E-01 a       137     0     7     1    17
 -3.6841917805650909E-01 a       138     0     7     1    18
  7.9644013662420343E-01 a       139     0     7     1    19
  4.0463768998401672E-01 a       140     0     7     1    20
 -6.9300180384135792E-03 a       141     0     8     1     1
  2.2591249814097963E-01 a       142     0     8     1     2
 -4.7405364852943699E-01 a       143     0     8     1     3
 -2.2137341614991327E-01 a       144     0     8     1     4
 -1.8236684749003571E-01 a       145     0     8     1     5
  6.6440636166329396E-03 a       146     0     8     1     6
  6.6123821458473592E-02 a       147     0     8     1     7
 -1.3671964216734611E-01 a       148     0     8     1     8
 -1.7126469509091924E-01 a       149     0     8     1     9
  2.0215425171233156E-01 a       150     0     8     1    10
  1.1965372623652742E-01 a       151     0     8     1    11
  1.4179607160112098E-01 a       152     0     8     1    12
 -4.0653169254187937E-02 a       153     0     8     1    13
  9.1214453449932564E-02 a       154     0     8     1    14
  1.8090728671900333E-01 a       155     0     8     1    15
  2.0294537459715442E-01 a       156     0     8     1    16
  1.7477215469757224E-01 a       157     0     8     1    17
  5.3029116166813706E-01 a       158     0     8     1    18
 -2.6667158637613148E-01 a       159     0     8     1    19
  2.6962457948500624E-02 a       160     0     8     1    20
  4.4910347039132270E-01 a       161     0     9     1     1
 -3.2690859339405083E-02 a       162     0     9     1     2
 -1.8875269103914931E+00 a       163     0     9     1     3
  5.5765927064747822E-01 a       164     0     9     1     4
 -1.9946938968044575E-01 a       165     0     9     1     5
  6.4427171623762311E-02 a       166     0     9     1     6
 -6.7544363659631756E-01 a       167     0     9     1     7
 -4.1276789246435783E-02 a       168     0     9     1     8
 -7.2056972779542494E-01 a       169     0     9     1     9
 -9.1514877315523935E-01 a       170     0     9     1    10
  7.1350967917516606E-02 a       171     0     9     1    11
  2.8385043609385173E-02 a       172     0     9     1    12
  9.5291981984919050E-01 a       173     0     9     1    13
 -5.7095543042778296E-01 a       174     0     9     1    14
 -6.4648570921740911E-01 a       175     0     9     1    15
  2.2677280930221463E-01 a       176     0     9     1    16
  2.3183848576002948E+00 a       177     0     9     1    17
 -2.8958613976406822E-01 a       178     0     9     1    18
  1.3748769984310383E-01 a       179     0     9     1    19
 -4.8415877804327606E-01 a       180     0     9     1    20
 -7.7775136189227123E-03 a       181     0    10     1     1
  3.2677828443608122E-02 a       182     0    10     1     2
  2.2684538165908377E+00 a       183     0    10     1     3
 -1.2791729892638260E-02 a       184     0    10     1     4
  6.0769069903583363E-02 a       185     0    10     1     5
  5.0232049513319513E-02 a       186     0    10     1     6
  3.2011557882288388E-01 a       187     0    10     1     7
 -4.1044468579615961E-01 a       188     0    10     1     8
  4.9553691159245788E-01 a       189     0    10     1     9
  6.8397192675866192E-01 a       190     0    10     1    10
 -5.9438067096338920E-01 a       191     0    10     1    11
  7.5803932953460262E-01 a       192     0    10     1    12
 -9.8037792319660044E-01 a       193     0    10     1    13
  2.5741381110211192E-01 a       194     0    10     1    14
  1.0399520241243017E+00 a       195     0    10     1    15
 -4.9756208276695102E-01 a       196     0    10     1    16
 -2.3007199507741127E+00 a       197     0    10     1    17
 -2.4710825318833559E-02 a       198     0    10     1    18
  2.0868171750547931E-01 a       199     0    10     1    19
  9.1270479215677186E-02 a       200     0    10     1    20
 -3.6450920262872882E-01 a       201     0    11     1     1
  1.1824290773116211E-01 a       202     0    11     1     2
 -1.1062224482220262E+00 a       203     0    11     1     3
  5.5249629174739967E-01 a       204     0    11     1     4
 -2.8954935248614294E-01 a       205     0    11     1     5
  9.0171264380090133E-01 a       206     0    11     1     6
 -5.3506863489553858E-01 a       207     0    11     1     7
  4.1334364092333781E-01 a       208     0    11     1     8
  6.7528362660314456E-01 a       209     0    11     1     9
 -2.1962868905310984E-01 a       210     0    11     1    10
  5.2931913597033631E-01 a       211     0    11     1    11
 -1.8796021487390610E-01 a       212     0    11     1    12
 -2.1805579868730349E-01 a       213     0    11     1    13
  5.1208613679772919E-01 a       214     0    11     1    14
 -2.0490747707671311E-01 a       215     0    11     1    15
  8.6663234752699936E-01 a       216     0    11     1    16
 -8.5330416356496619E-01 a       217     0    11     1    17
 -2.5122286979339731E-01 a       218     0    11     1    18
 -4.9851147751644106E-02 a       219     0    11     1    19
  4.7446052067556421E-01 a       220     0    11     1    20
 -2.7682314485286208E-01 a       221     0    12     1     1
 -3.0920842362954831E-01 a       222     0    12     1     2
 -1.5498803818152904E-01 a       223     0    12     1     3
 -8.7467055356653878E-01 a       224     0    12     1     4
  3.8090322057461540E-01 a       225     0    12     1     5
 -1.5820414906197495E+00 a       226     0    12     1     6
  7.3522267565630750E-01 a       227     0    12     1     7
  2.3191203255737078E-01 a       228     0    12     1     8
 -1.1590247245734460E-01 a       229     0    12     1     9
  3.7001859905174711E-01 a       230     0    12     1    10
  6.1715294184253611E-01 a       231     0    12     1    11
 -6.8660530330120761E-01 a       232     0    12     1    12
  8.0105919262841863E-01 a       233     0    12     1    13
  3.3102262258262106E-02 a       234     0    12     1    14
 -2.0696032105143497E-01 a       235     0    12     1    15
 -7.2834522142180405E-02 a       236     0    12     1    16
  6.9679718687168368E-01 a       237     0    12     1    17
 -3.5789807043405959E-02 a       238     0    12     1    18
  1.4291648814616620E-01 a       239     0    12     1    19
 -2.2108217079821471E-01 a       240     0    12     1    20
  3.3600912213020445E-02 a       241     0    13     1     1
  3.1070092127491472E-01 a       242     0    13     1     2
 -7.3598306827690163E-01 a       243     0    13     1     3
 -7.5805792117101534E-03 a       244     0    13     1     4
 -5.7069795335690499E-01 a       245     0    13     1     5
  3.5254656608273843E-01 a       246     0    13     1     6
 -8.9597888956826285E-02 a       247     0    13     1     7
 -3.8684957927245317E-01 a       248     0    13     1     8
  3.0735588085284954E-01 a       249     0    13     1     9
  3.7361651957351838E-01 a       250     0    13     1    10
  5.6076954217224606E-01 a       251     0    13     1    11
  5.8105166823345045E-01 a       252     0    13     1    12
 -1.8228935749679828E-01 a       253     0    13     1    13
  4.2083983074763942E-01 a       254     0    13     1    14
  1.2027656015141805E-01 a       255     0    13     1    15
  3.1791216960497354E-01 a       256     0    13     1    16
 -3.4955723230849528E-02 a       257     0    13     1    17
 -4.7290103210246631E-01 a       258     0    13     1    18
 -9.3020210384764448E-02 a       259     0    13     1    19
  1.3898811724121393E-01 a       260     0    13     1    20
  3.0012824889216599E-01 a       261     0    14     1     1
  5.9037094871671275E-02 a       262     0    14     1     2
 -3.4858293810246788E-01 a       263     0    14     1     3
 -2.5618626321438676E-01 a       264     0    14     1     4
  5.4262422602321954E-02 a       265     0    14     1     5
  5.3354277281945650E-01 a       266     0    14     1     6
 -2.0603951625304492E-01 a       267     0    14     1     7
  6.6045964302959603E-01 a       268     0    14     1     8
 -5.9653804643476482E-01 a       269     0    14     1     9
  1.2897323363155183E-01 a       270     0    14     1    10
 -2.1450895197409772E-01 a       271     0    14     1    11
 -3.5942543249267572E-01 a       272     0    14     1    12
 -1.7297487118591195E-01 a       273     0    14     1    13
 -5.0130810862624123E-02 a       274     0    14     1    14
 -2.5666809470234198E-01 a       275     0    14     1    15
 -1.4134170731431098E-01 a       276     0    14     1    16
  3.8579822571952294E-01 a       277     0    14     1    17
  4.5608261017666191E-01 a       278     0    14     1    18
  7.4244911694642896E-02 a       279     0    14     1    19
 -1.1067021704355152E-01 a       280     0    14     1    20
 -4.7990600276826256E-01 a       281     0    15     1     1
  4.9820783107669527E-02 a       282     0    15     1     2
 -3.7736363614511638E-02 a       283     0    15     1     3
  1.2263624515282225E-01 a       284     0    15     1     4
  1.6422069366306122E-02 a       285     0    15     1     5
  2.3317092947458451E-01 a       286     0    15     1     6
 -2.3583679600095131E-01 a       287     0    15     1     7
 -2.2735011478477429E-01 a       288     0    15     1     8
 -9.6445159645413989E-02 a       289     0    15     1     9
  1.3102219019926328E-01 a       290     0    15     1    10
  4.1140101290147141E-01 a       291     0    15     1    11
 -2.4980268552194368E-01 a       292     0    15     1    12
  3.0835027070980375E-01 a       293     0    15     1    13
  1.9168989272058568E-01 a       294     0    15     1    14
 -2.0117633100439256E-01 a       295     0    15     1    15
  3.7400271970864607E-01 a       296     0    15     1    16
 -2.9337733087571516E-01 a       297     0    15     1    17
  1.7713335410749947E-01 a       298     0    15     1    18
 -4.4887207656450434E-01 a       299     0    15     1    19
 -2.7802900676091002E-01 a       300     0    15     1    20
  1.8257976479575347E-01 a       301     0    16     1     1
 -1.5200150334848891E-02 a       302     0    16     1     2
 -3.4307133177583277E-01 a       303     0    16     1     3
  4.1931482494396327E-01 a       304     0    16     1     4
 -5.3616228190972337E-01 a       305     0    16     1     5
  1.1448762689326912E-01 a       306     0    16     1     6
 -7.6473384132714192E-02 a       307     0    16     1     7
 -3.3636383900670552E-01 a       308     0    16     1     8
  1.0642653875856645E-01 a       309     0    16     1     9
  1.8360933594464535E-01 a       310     0    16     1    10
 -7.3792966859959119E-02 a       311     0    16     1    11
  3.9202147830639011E-01 a       312     0    16     1    12
  6.3418456541452478E-02 a       313     0    16     1    13
 -8.6274165740204556E-01 a       314     0    16     1    14
 -4.3899318527927172E-01 a       315     0    16     1    15
 -1.7169802403312776E-01 a       316     0    16     1    16
  1.0638777205435652E+00 a       317     0    16     1    17
 -3.2344626336490157E-01 a       318     0    16     1    18
  7.0995480355503349E-01 a       319     0    16     1    19
 -1.3394250620062723E-01 a       320     0    16     1    20
  1.3003921735978310E-01 a       321     0    17     1     1
 -1.6319949038171974E-01 a       322     0    17     1     2
 -4.2375417699975493E-02 a       323     0    17     1     3
  3.9766852397581631E-01 a       324     0    17     1     4
 -3.6220862736824788E-02 a       325     0    17     1     5
  9.2517501269588931E-01 a       326     0    17     1     6
 -5.6646467409795287E-01 a       327     0    17     1     7
 -3.0640038501876707E-03 a       328     0    17     1     8
  2.7004623372512322E-02 a       329     0    17     1     9
 -1.6854884619570878E-01 a       330     0    17     1    10
 -7.5328643503595298E-03 a       331     0    17     1    11
 -2.6020666018400673E-01 a       332     0    17     1    12
 -4.6004941455531956E-01 a       333     0    17     1    13
 -1.0827393906232567E-01 a       334     0    17     1    14
  5.3200168607087750E-01 a       335     0    17     1    15
  4.0607223105699058E-01 a       336     0    17     1    16
 -6.2664584871322393E-01 a       337     0    17     1    17
 -9.6038597606779422E-02 a       338     0    17     1    18
 -1.8457622810285979E-01 a       339     0    17     1    19
 -2.0152033814470779E-01 a       340     0    17     1    20
 -8.0817596003748812E-02 a       341     0    18     1     1
  5.3813398446378981E-02 a       342     0    18     1     2
 -3.7122642882128204E-01 a       343     0    18     1     3
  1.4345416519784587E-01 a       344     0    18     1     4
  7.0885691785007421E-01 a       345     0    18     1     5
 -3.8163679023867386E-01 a       346     0    18     1     6
  2.0796503618484157E-02 a       347     0    18     1     7
 -4.6006192330376344E-01 a       348     0    18     1     8
  6.3030906574640583E-02 a       349     0    18     1     9
  3.8650770036875039E-02 a       350     0    18     1    10
  5.3703224480053435E-01 a       351     0    18     1    11
  2.7867936516221153E-01 a       352     0    18     1    12
  7.8951828172921024E-01 a       353     0    18     1    13
  1.7192405166114540E-02 a       354     0    18     1    14
 -7.4838455309095900E-03 a       355     0    18     1    15
 -7.8978304886476802E-01 a       356     0    18     1    16
  9.3653316489891780E-01 a       357     0    18     1    17
  5.9570532898855317E-03 a       358     0    18     1    18
 -3.6322834066970638E-01 a       359     0    18     1    19
  8.3114541560543528E-02 a       360     0    18     1    20
  1.2575730306237068E-01 a       361     0    19     1     1
  6.6657885509513667E-02 a       362     0    19     1     2
  1.3186877412120026E+00 a       363     0    19     1     3
 -3.2633841936585384E-01 a       364     0    19     1     4
  1.5000543635750727E-01 a       365     0    19     1     5
  6.0255657258233608E-01 a       366     0    19     1     6
 -1.9672575027719783E-01 a       367     0    19     1     7
 -3.1888174149844700E-01 a       368     0    19     1     8
  1.2163388962391156E-01 a       369     0    19     1     9
 -3.4238799886282739E-01 a       370     0    19     1    10
 -8.7133906415045800E-02 a       371     0    19     1    11
 -6.8636131503307252E-01 a       372     0    19     1    12
 -1.5264984214441948E-01 a       373     0    19     1    13
 -9.4748903008594260E-02 a       374     0    19     1    14
 -5.5930369373244537E-01 a       375     0    19     1    15
 -3.4466072969208233E-01 a       376     0    19     1    16
  7.1921581589259198E-01 a       377     0    19     1    17
  7.3588536434765306E-01 a       378     0    19     1    18
 -1.2333139521906181E-01 a       379     0    19     1    19
 -2.4050841053823324E-01 a       380     0    19     1    20
 -4.6255147881507941E-01 a       381     0    20     1     1
 -5.5565260730017529E-01 a       382     0    20     1     2
  2.2409492275837559E-01 a       383     0    20     1     3
 -6.1763354687803995E-01 a       384     0    20     1     4
 -4.2755963813279013E-01 a       385     0    20     1     5
 -1.6392696789375777E-01 a       386     0    20     1     6
 -1.1722178035605245E-01 a       387     0    20     1     7
  2.0668706038065982E-01 a       388     0    20     1     8
 -3.9273892924315712E-01 a       389     0    20     1     9
 -1.2925641734197985E-01 a       390     0    20     1    10
 -1.6748541153096519E-01 a       391     0    20     1    11
  4.8090797244609901E-01 a       392     0    20     1    12
 -2.5632390072654043E-01 a       393     0    20     1    13
  9.9693072134095839E-02 a       394     0    20     1    14
  1.0983471201129393E-01 a       395     0    20     1    15
 -3.6132237243075997E-04 a       396     0    20     1    16
 -4.2574983722475990E-01 a       397     0    20     1    17
  4.5834360589779127E-01 a       398     0    20     1    18
 -6.3896680165443065E-01 a       399     0    20     1    19
  4.2872208115809024E-01 a       400     0    20     1    20
  3.9740421712496754E-01 a       401     0    21     1     1
  1.4744368088967982E-01 a       402     0    21     1     2
 -2.2515086770839483E-02 a       403     0    21     1     3
  3.1480165723546788E-01 a       404     0    21     1     4
  2.0042754188978837E-01 a       405     0    21     1     5
  7.8015971600959977E-01 a       406     0    21     1     6
  3.4646603317204738E-01 a       407     0    21     1     7
 -4.5446170108229011E-01 a       408     0    21     1     8
  2.1180949247736225E-01 a       409     0    21     1     9
  2.8396587905715759E-01 a       410     0    21     1    10
  8.0212438145598752E-01 a       411     0    21     1    11
 -4.0910111677609745E-01 a       412     0    21     1    12
 -2.4213438500140985E-01 a       413     0    21     1    13
  1.8898319626819379E-01 a       414     0    21     1    14
 -3.4726794712971093E-01 a       415     0    21     1    15
 -4.1532260092477719E-01 a       416     0    21     1    16
 -4.1168630163099479E-01 a       417     0    21     1    17
  1.0959851332939292E-01 a       418     0    21     1    18
 -5.5418872228015970E-01 a       419     0    21     1    19
  2.4299674741193333E-01 a       420     0    21     1    20
  3.8090940998005529E-01 a       421     0    22     1     1
 -3.8623635340135104E-01 a       422     0    22     1     2
  4.3570712109629900E-01 a       423     0    22     1     3
 -2.4827165990734291E-02 a       424     0    22     1     4
 -1.2941850209057090E-01 a       425     0    22     1     5
  5.1801161771490925E-03 a       426     0    22     1     6
  2.3297014441384414E-01 a       427     0    22     1     7
 -3.7362041758549230E-01 a       428     0    22     1     8
  1.9549987556603779E-01 a       429     0    22     1     9
 -9.6933297735007931E-02 a       430     0    22     1    10
  1.2757426022551915E-01 a       431     0    22     1    11
 -4.1461989967618934E-02 a       432     0    22     1    12
 -7.4076875690168864E-01 a       433     0    22     1    13
  2.2041515244524809E-01 a       434     0    22     1    14
  4.5813832425253381E-01 a       435     0    22     1    15
 -4.8754048064882932E-01 a       436     0    22     1    16
 -2.0021682067134700E-01 a       437     0    22     1    17
 -1.0265507693322833E-01 a       438     0    22     1    18
 -2.1972413694642384E-01 a       439     0    22     1    19
  2.6944097864157113E-01 a       440     0    22     1    20
 -5.8278615405345693E-02 a       441     0    23     1     1
 -5.2972939523391403E-02 a       442     0    23     1     2
 -3.0215752497768567E-01 a       443     0    23     1     3
  2.5779430138941690E-02 a       444     0    23     1     4
  4.9206953892391381E-02 a       445     0    23     1     5
 -7.2654614145557739E-02 a       446     0    23     1     6
 -1.6057193306850648E-01 a       447     0    23     1     7
  4.7521168337956543E-01 a       448     0    23     1     8
  4.2619401097973336E-01 a       449     0    23     1     9
 -8.6180186948013146E-02 a       450     0    23     1    10
  6.2356039069994718E-01 a       451     0    23     1    11
  4.4518986732066818E-01 a       452     0    23     1    12
 -2.4894904394921949E-01 a       453     0    23     1    13
 -3.6928011142744149E-01 a       454     0    23     1    14
 -4.1897744361253847E-01 a       455     0    23     1    15
  4.4169586501190577E-01 a       456     0    23     1    16
  4.5369991663218029E-01 a       457     0    23     1    17
  5.7566678894736734E-01 a       458     0    23     1    18
 -2.8707166980437926E-01 a       459     0    23     1    19
 -3.7530640055149006E-01 a       460     0    23     1    20
  3.6858876534822677E-01 a       461     0    24     1     1
  1.0028204078681299E-01 a       462     0    24     1     2
 -1.2125453850608846E-01 a       463     0    24     1     3
  3.9225726750479439E-01 a       464     0    24     1     4
  1.3665713887219041E-01 a       465     0    24     1     5
  2.2906550483918678E-01 a       466     0    24     1     6
  1.2862554556168171E-01 a       467     0    24     1     7
  2.8110039739364179E-01 a       468     0    24     1     8
 -5.3466615196013967E-01 a       469     0    24     1     9
  1.9368055527393568E-01 a       470     0    24     1    10
 -1.8825531721035485E-01 a       471     0    24     1    11
  9.5707888193169122E-01 a       472     0    24     1    12
  1.4730819890412750E-01 a       473     0    24     1    13
 -4.3483228504090782E-01 a       474     0    24     1    14
 -7.6336656631152455E-01 a       475     0    24     1    15
 -4.3049364220928987E-01 a       476     0    24     1    16
  4.7479978013362800E-01 a       477     0    24     1    17
 -5.1328980802050928E-01 a       478     0    24     1    18
 -2.3223830136885654E-01 a       479     0    24     1    19
 -5.6955359795214966E-01 a       480     0    24     1    20
  1.7739070798699738E-01 a       481     0    25     1     1
 -3.1114809607632677E-02 a       482     0    25     1     2
  4.0799281349433680E-01 a       483     0    25     1     3
 -4.5452169839423177E-02 a       484     0    25     1     4
  1.2574331088260612E-01 a       485     0    25     1     5
  4.3032684706342146E-02 a       486     0    25     1     6
  2.1978175632051958E-01 a       487     0    25     1     7
  5.8479007876332229E-02 a       488     0    25     1     8
  7.4793242151941230E-01 a       489     0    25     1     9
  6.4741491358557612E-02 a       490     0    25     1    10
  3.8446748883236825E-01 a       491     0    25     1    11
 -1.7524061799006496E-01 a       492     0    25     1    12
 -6.0197911348084709E-01 a       493     0    25     1    13
  3.2324132663537519E-01 a       494     0    25     1    14
  1.1061722300380907E+00 a       495     0    25     1    15
  7.4338033370714962E-01 a       496     0    25     1    16
  5.5296991779684712E-01 a       497     0    25     1    17
  7.7055281568963119E-01 a       498     0    25     1    18
 -5.2020684086098246E-01 a       499     0    25     1    19
 -7.3110983587095474E-02 a       500     0    25     1    20
 -2.4900037081654273E-02 a       501     0    26     1     1
  3.6867416731148800E-01 a       502     0    26     1     2
  4.9255875258368687E-01 a       503     0    26     1     3
 -1.0351336187669694E-01 a       504     0    26     1     4
 -3.6310300417804614E-01 a       505     0    26     1     5
 -7.8672749496329613E-03 a       506     0    26     1     6
 -1.1541201276421244E-01 a       507     0    26     1     7
 -4.2518475052114429E-01 a       508     0    26     1     8
  3.4066819082713107E-01 a       509     0    26     1     9
  3.3018206496801844E-01 a       510     0    26     1    10
 -1.7090708398216461E-01 a       511     0    26     1    11
 -6.9150767234603672E-01 a       512     0    26     1    12
 -2.0446049116511278E-01 a       513     0    26     1    13
  1.4038935580285836E-01 a       514     0    26     1    14
  6.4984519344082070E-01 a       515     0    26     1    15
  4.8955843026557019E-02 a       516     0    26     1    16
 -1.7288920438987090E-01 a       517     0    26     1    17
  7.7486924796282997E-02 a       518     0    26     1    18
  8.3668877314616141E-02 a       519     0    26     1    19
  1.8112369896620650E-01 a       520     0    26     1    20
 -1.6085187160504755E-01 a       521     0    27     1     1
  4.8790878202191024E-01 a       522     0    27     1     2
 -2.0070170678991042E-01 a       523     0    27     1     3
 -6.9851463942908185E-02 a       524     0    27     1     4
 -1.7776261613177383E-01 a       525     0    27     1     5
  5.1403863951352102E-01 a       526     0    27     1     6
  6.3880430815234049E-02 a       527     0    27     1     7
 -3.3847995558707489E-01 a       528     0    27     1     8
 -3.0222935079019686E-01 a       529     0    27     1     9
  1.9923722874594482E-01 a       530     0    27     1    10
 -2.9967271173743669E-02 a       531     0    27     1    11
 -4.0774309855787061E-01 a       532     0    27     1    12
  3.5630856032797564E-01 a       533     0    27     1    13
 -9.8575506397475232E-01 a       534     0    27     1    14
 -1.3680249974788063E+00 a       535     0    27     1    15
 -9.5211196429488676E-01 a       536     0    27     1    16
  2.2297138345435474E-01 a       537     0    27     1    17
 -6.6245704339458289E-01 a       538     0    27     1    18
  2.8279367923228615E-01 a       539     0    27     1    19
  3.4005048941636190E-01 a       540     0    27     1    20
  2.0076150502523515E-01 a       541     0    28     1     1
 -2.9024395857592415E-02 a       542     0    28     1     2
 -8.6352140248129913E-02 a       543     0    28     1     3
 -2.1802608423292341E-01 a       544     0    28     1     4
  2.6613045297997101E-01 a       545     0    28     1     5
 -4.1877082507014080E-01 a       546     0    28     1     6
  2.8260127582278066E-01 a       547     0    28     1     7
  1.1713978196178029E-01 a       548     0    28     1     8
  1.5702585980306206E-02 a       549     0    28     1     9
  3.2996767923523568E-01 a       550     0    28     1    10
 -3.6268327160896696E-01 a       551     0    28     1    11
 -1.2879937000842076E-01 a       552     0    28     1    12
  4.8528099948286130E-01 a       553     0    28     1    13
 -1.7337455074196623E-01 a       554     0    28     1    14
  3.3970936428912002E-01 a       555     0    28     1    15
 -5.0096875574254685E-01 a       556     0    28     1    16
 -4.2667720085338484E-01 a       557     0    28     1    17
  2.4936546820030719E-01 a       558     0    28     1    18
 -3.0980728533237967E-01 a       559     0    28     1    19
  2.8008787726199547E-01 a       560     0    28     1    20
 -4.8009512421869494E-01 a       561     0    29     1     1
  3.3089034694242853E-01 a       562     0    29     1     2
 -4.7212713105508231E-01 a       563     0    29     1     3
 -2.8632622193815627E-01 a       564     0    29     1     4
 -4.1636221751925240E-01 a       565     0    29     1     5
 -3.2449704727839901E-01 a       566     0    29     1     6
  1.2156375721215548E-01 a       567     0    29     1     7
 -9.8657109301893628E-02 a       568     0    29     1     8
 -1.4040685392534896E-01 a       569     0    29     1     9
  2.3205563045141631E-01 a       570     0    29     1    10
 -2.9534390141210346E-02 a       571     0    29     1    11
 -1.9313295548212187E-01 a       572     0    29     1    12
  1.2172987328020435E-01 a       573     0    29     1    13
 -3.0689706819088813E-01 a       574     0    29     1    14
  3.4293877243416115E-01 a       575     0    29     1    15
 -5.4738916187062248E-01 a       576     0    29     1    16
  2.2687219156660712E-01 a       577     0    29     1    17
  9.1175752346827177E-02 a       578     0    29     1    18
  2.6145468823465756E-01 a       579     0    29     1    19
 -1.7029791143695136E-01 a       580     0    29     1    20
  5.4152114057202350E-01 a       581     0    30     1     1
 -6.9568689062687805E-01 a       582     0    30     1     2
 -3.4256755900557395E-01 a       583     0    30     1     3
  2.3261249472555062E-01 a       584     0    30     1     4
 -2.9716734493332514E-01 a       585     0    30     1     5
  6.9950070515769056E-02 a       586     0    30     1     6
 -1.7425080465360165E-01 a       587     0    30     1     7
 -1.6756482178925833E-01 a       588     0    30     1     8
 -5.0521794427342237E-01 a       589     0    30     1     9
  8.3181283465261161E-03 a       590     0    30     1    10
  6.3255924413373488E-01 a       591     0    30     1    11
  2.5303317936559605E-01 a       592     0    30     1    12
  9.9279296924679544E-02 a       593     0    30     1    13
 -1.5907782299135761E-01 a       594     0    30     1    14
 -2.3266568195253345E-01 a       595     0    30     1    15
  5.3305583954384381E-02 a       596     0    30     1    16
 -3.2947044427054628E-01 a       597     0    30     1    17
  1.6693405808899546E-02 a       598     0    30     1    18
  7.7842178562380085E-02 a       599     0    30     1    19
  2.9013802948852672E-02 a       600     0    30     1    20
 -1.4338249595805211E-01 a       601     0    31     1     1
  2.7117261879923388E-02 a       602     0    31     1     2
 -6.8871225743758491E-01 a       603     0    31     1     3
  1.5446077323417928E-01 a       604     0    31     1     4
 -2.0572009475999448E-01 a       605     0    31     1     5
  6.5303898779718061E-01 a       606     0    31     1     6
 -4.7947406889160143E-01 a       607     0    31     1     7
  2.2346632849304118E-01 a       608     0    31     1     8
  6.2710948078592288E-02 a       609     0    31     1     9
  3.1731032072386384E-01 a       610     0    31     1    10
  4.2084079652879924E-01 a       611     0    31     1    11
  3.3366274916370642E-01 a       612     0    31     1    12
 -6.9288386982475891E-01 a       613     0    31     1    13
  6.1940729762087136E-02 a       614     0    31     1    14
  1.3253246119567713E-01 a       615     0    31     1    15
  2.2795598416920007E-01 a       616     0    31     1    16
 -3.2010924239276539E-01 a       617     0    31     1    17
  1.6274618311782932E-01 a       618     0    31     1    18
  2.2256378442189487E-01 a       619     0    31     1    19
 -1.7459518809486407E-01 a       620     0    31     1    20
 -5.8807573782084577E-01 a       621     0    32     1     1
 -2.8344011711375620E-02 a       622     0    32     1     2
 -8.6130455469806244E-02 a       623     0    32     1     3
  3.0440876134256734E-01 a       624     0    32     1     4
 -2.9684104981484050E-01 a       625     0    32     1     5
 -6.8034875511581272E-01 a       626     0    32     1     6
 -1.3130544414648243E-01 a       627     0    32     1     7
 -3.2423480387600190E-01 a       628     0    32     1     8
 -4.3372798692955500E-01 a       629     0    32     1     9
 -2.9072945502363504E-02 a       630     0    32     1    10
 -3.7328268803943310E-01 a       631     0    32     1    11
  2.8608851597808904E-01 a       632     0    32     1    12
  4.1671436204608947E-01 a       633     0    32     1    13
  5.8467809959108241E-01 a       634     0    32     1    14
  1.2252442253954979E-01 a       635     0    32     1    15
  4.2863461366310501E-01 a       636     0    32     1    16
  2.8313812687658141E-01 a       637     0    32     1    17
 -7.9309472815592008E-01 a       638     0    32     1    18
  2.9553685033086996E-01 a       639     0    32     1    19
 -3.3697622371455765E-01 a       640     0    32     1    20
  1.9164161768275914E-01 a       641     0    33     1     1
  5.4366269881831042E-01 a       642     0    33     1     2
  2.2472503056847223E-01 a       643     0    33     1     3
 -1.0666807550412136E-01 a       644     0    33     1     4
  1.5596563693386600E-01 a       645     0    33     1     5
  4.5649912581762853E-01 a       646     0    33     1     6
  6.0171317118535517E-02 a       647     0    33     1     7
 -1.4508565734807319E-01 a       648     0    33     1     8
 -2.3580989001977692E-01 a       649     0    33     1     9
  2.3965514870377622E-01 a       650     0    33     1    10
  4.4587810003757367E-01 a       651     0    33     1    11
 -5.8132632163842668E-01 a       652     0    33     1    12
 -4.1826954189077459E-01 a       653     0    33     1    13
  1.7030160366689423E-01 a       654     0    33     1    14
  3.8069200634068510E-02 a       655     0    33     1    15
 -1.9575536100376201E-02 a       656     0    33     1    16
  2.4593636635404581E-01 a       657     0    33     1    17
 -2.6871129221956980E-01 a       658     0    33     1    18
  4.2738475075039023E-01 a       659     0    33     1    19
 -5.8884849984563881E-01 a       660     0    33     1    20
  2.0772997649885436E-01 a       661     0    34     1     1
 -2.4726189307962726E-01 a       662     0    34     1     2
  5.0773534582080629E-02 a       663     0    34     1     3
  1.6310629282906675E-01 a       664     0    34     1     4
 -6.3168970924245048E-03 a       665     0    34     1     5
 -2.2192288040141614E-01 a       666     0    34     1     6
  2.5623367066385910E-01 a       667     0    34     1     7
  3.1941556330164722E-01 a       668     0    34     1     8
  1.4914219152439257E-02 a       669     0    34     1     9
  1.7919405400380570E-01 a       670     0    34     1    10
 -4.5143145909476573E-01 a       671     0    34     1    11
  1.3918734404074593E-01 a       672     0    34     1    12
  2.7037022133092903E-01 a       673     0    34     1    13
  1.3331992096635134E-01 a       674     0    34     1    14
 -1.3977434130440097E-01 a       675     0    34     1    15
  6.5707102810729390E-02 a       676     0    34     1    16
 -1.7251916379572119E-01 a       677     0    34     1    17
  4.0949736255877395E-01 a       678     0    34     1    18
  9.7426763006149511E-02 a       679     0    34     1    19
  7.0313936696019774E-01 a       680     0    34     1    20
  5.0527519354951078E-01 a       681     0    35     1     1
 -1.5950545533818186E-01 a       682     0    35     1     2
  6.4663997148142982E-01 a       683     0    35     1     3
  3.6666694162711178E-01 a       684     0    35     1     4
 -1.9664027611899451E-01 a       685     0    35     1     5
 -1.4409255772694834E-01 a       686     0    35     1     6
  7.9010225369084741E-01 a       687     0    35     1     7
  1.7997595829716509E-01 a       688     0    35     1     8
  5.2621590825872588E-01 a       689     0    35     1     9
 -7.5814220210557404E-01 a       690     0    35     1    10
 -4.1140773532034358E-01 a       691     0    35     1    11
  1.2312821935224817E-01 a       692     0    35     1    12
  2.0774906591377632E-01 a       693     0    35     1    13
 -3.5324636727042519E-01 a       694     0    35     1    14
 -1.6019295489863522E-01 a       695     0    35     1    15
  3.8557719459868543E-02 a       696     0    35     1    16
 -3.4819169411801421E-01 a       697     0    35     1    17
  1.0268209895643781E+00 a       698     0    35     1    18
 -7.6255744108182133E-01 a       699     0    35     1    19
  4.0303004566833367E-01 a       700     0    35     1    20
 -5.0191447175453130E-01 a       701     0    36     1     1
  2.1954216776560814E-01 a       702     0    36     1     2
  2.1734051446162472E-01 a       703     0    36     1     3
 -4.9991178524718588E-01 a       704     0    36     1     4
  8.6425559042581215E-02 a       705     0    36     1     5
  5.3350893209670125E-02 a       706     0    36     1     6
 -3.5526822101875410E-01 a       707     0    36     1     7
 -9.1620818832232975E-01 a       708     0    36     1     8
 -1.5427472662351879E-01 a       709     0    36     1     9
  4.6241946029522035E-01 a       710     0    36     1    10
  3.7178412371604547E-01 a       711     0    36     1    11
  1.4232190487604854E-01 a       712     0    36     1    12
 -3.4202094423099783E-01 a       713     0    36     1    13
 -5.0216275572760601E-02 a       714     0    36     1    14
  1.3908499133820040E-01 a       715     0    36     1    15
 -2.2436808103200850E-01 a       716     0    36     1    16
  1.0106257121655410E-01 a       717     0    36     1    17
 -3.0634869704759393E-01 a       718     0    36     1    18
  2.3659177385758709E-01 a       719     0    36     1    19
 -1.9638906693404767E-01 a       720     0    36     1    20
 -7.7869944634699970E-02 a       721     0    37     1     1
 -1.0022860367962984E-01 a       722     0    37     1     2
 -5.1943258328840158E-01 a       723     0    37     1     3
 -3.5784927614254947E-02 a       724     0    37     1     4
 -1.9231756564571262E-01 a       725     0    37     1     5
 -3.9406865074824760E-01 a       726     0    37     1     6
 -2.0897746562007433E-01 a       727     0    37     1     7
  2.6485851344414146E-01 a       728     0    37     1     8
  3.2284396134603344E-01 a       729     0    37     1     9
 -2.5237871024584979E-01 a       730     0    37     1    10
 -4.5254557241946436E-01 a       731     0    37     1    11
  1.4999165404240081E-01 a       732     0    37     1    12
  4.4406746221518706E-01 a       733     0    37     1    13
 -4.0285387747302078E-03 a       734     0    37     1    14
  1.6552383093074974E-03 a       735     0    37     1    15
 -9.9469331888287008E-02 a       736     0    37     1    16
 -3.5164004295756918E-01 a       737     0    37     1    17
  5.1972674519154938E-01 a       738     0    37     1    18
 -2.6928030788622798E-01 a       739     0    37     1    19
  2.9707662986186718E-02 a       740     0    37     1    20
  1.2320716179663689E-01 a       741     0    38     1     1
 -6.2260869161394727E-01 a       742     0    38     1     2
  5.0495508974383319E-01 a       743     0    38     1     3
  2.2005727046467757E-01 a       744     0    38     1     4
  4.0782258105647307E-01 a       745     0    38     1     5
  1.4879179898298753E-01 a       746     0    38     1     6
  2.0645188727264943E-01 a       747     0    38     1     7
  3.3473761416805509E-01 a       748     0    38     1     8
 -1.8861390352793719E-01 a       749     0    38     1     9
 -9.4863937531825773E-02 a       750     0    38     1    10
 -3.3723008129095809E-02 a       751     0    38     1    11
 -1.0565676905612433E-01 a       752     0    38     1    12
 -1.4763643758967948E-01 a       753     0    38     1    13
 -2.4831490186524888E-01 a       754     0    38     1    14
  5.2449516086262738E-03 a       755     0    38     1    15
  7.2737584772284966E-02 a       756     0    38     1    16
  3.3717443327956359E-01 a       757     0    38     1    17
 -3.9315665976972930E-01 a       758     0    38     1    18
  1.4509834356556944E-01 a       759     0    38     1    19
  1.7060868341419627E-01 a       760     0    38     1    20
 -4.0125980185269738E-01 a       761     0    39     1     1
  1.1668430828989444E-01 a       762     0    39     1     2
  3.7985734769636542E-01 a       763     0    39     1     3
 -1.4633554240589253E-01 a       764     0    39     1     4
  6.0158338373984055E-01 a       765     0    39     1     5
  2.4525457197315795E-01 a       766     0    39     1     6
  1.6447932986560504E-01 a       767     0    39     1     7
  8.8331535895732630E-02 a       768     0    39     1     8
  1.1348918674144100E-01 a       769     0    39     1     9
  4.5328475059758365E-02 a       770     0    39     1    10
  5.9591153111200379E-01 a       771     0    39     1    11
  2.2116115882321144E-01 a       772     0    39     1    12
 -2.9727885376661750E-01 a       773     0    39     1    13
  5.4624596451740982E-02 a       774     0    39     1    14
 -3.0441165878462323E-01 a       775     0    39     1    15
 -1.4052017003995868E-01 a       776     0    39     1    16
 -1.6023929772382739E-01 a       777     0    39     1    17
  4.7623958293280705E-01 a       778     0    39     1    18
 -8.1109882856671804E-03 a       779     0    39     1    19
  4.5899879774972441E-01 a       780     0    39     1    20
  1.3646095558979507E-01 a       781     0    40     1     1
  3.7045972590871040E-01 a       782     0    40     1     2
  5.2178541687715763E-01 a       783     0    40     1     3
  4.5575783141037679E-01 a       784     0    40     1     4
 -7.2045038218404944E-01 a       785     0    40     1     5
  2.6750611417051368E-01 a       786     0    40     1     6
  7.1548509533092469E-02 a       787     0    40     1     7
 -6.7468676666961180E-01 a       788     0    40     1     8
  5.5494634684327382E-01 a       789     0    40     1     9
  7.5297879292633665E-02 a       790     0    40     1    10
 -2.2400221568882805E-01 a       791     0    40     1    11
 -3.3634697388123147E-01 a       792     0    40     1    12
 -3.7069790174343920E-01 a       793     0    40     1    13
 -6.3600247088468265E-01 a       794     0    40     1    14
  1.1216592918275337E-02 a       795     0    40     1    15
 -3.7834432152920261E-02 a       796     0    40     1    16
  5.8709685986211546E-01 a       797     0    40     1    17
 -7.3588159305858203E-01 a       798     0    40     1    18
 -2.9800618225462311E-01 a       799     0    40     1    19
 -3.1841589226934475E-01 a       800     0    40     1    20
 -1.5459994120805451E-01 a       801     0    41     1     1
  1.0793469663303280E-01 a       802     0    41     1     2
  1.4670585070093645E-01 a       803     0    41     1     3
 -3.5761302833469366E-01 a       804     0    41     1     4
 -1.8654232549392685E-01 a       805     0    41     1     5
 -2.0078677763691516E-01 a       806     0    41     1     6
 -2.3556102425702694E-01 a       807     0    41     1     7
 -9.6565237059636280E-02 a       808     0    41     1     8
 -1.6553772371693223E-02 a       809     0    41     1     9
 -4.3704840560723608E-02 a       810     0    41     1    10
  8.3562752405928406E-03 a       811     0    41     1    11
 -7.4012892658856633E-02 a       812     0    41     1    12
  6.8168621184419756E-02 a       813     0    41     1    13
  5.5223940597339601E-02 a       814     0    41     1    14
  9.2660050991165394E-02 a       815     0    41     1    15
  7.4643221825883887E-03 a       816     0    41     1    16
 -1.9058981769152891E-01 a       817     0    41     1    17
 -3.7496064151132193E-02 a       818     0    41     1    18
  3.6482168127783393E-01 a       819     0    41     1    19
 -6.0143049020654382E-01 a       820     0    41     1    20
  8.0392174046161509E-03 a       821     0    42     1     1
  3.2051327730929624E-01 a       822     0    42     1     2
  8.1471485146549605E-01 a       823     0    42     1     3
 -8.9978117865844504E-02 a       824     0    42     1     4
 -9.0664719197972241E-02 a       825     0    42     1     5
 -6.0877415566213777E-01 a       826     0    42     1     6
 -3.2191647784614325E-01 a       827     0    42     1     7
  2.6455623071189160E-01 a       828     0    42     1     8
 -3.9900670339009231E-01 a       829     0    42     1     9
 -8.5967920430132738E-02 a       830     0    42     1    10
 -6.9257716151499371E-01 a       831     0    42     1    11
  8.5456596421115791E-02 a       832     0    42     1    12
  9.3672012176609609E-01 a       833     0    42     1    13
  2.7821278745352607E-01 a       834     0    42     1    14
  3.2736622756965406E-01 a       835     0    42     1    15
 -5.9609996764681228E-01 a       836     0    42     1    16
 -3.6543553616176713E-02 a       837     0    42     1    17
 -8.6800717389028337E-02 a       838     0    42     1    18
 -5.2703019291722430E-01 a       839     0    42     1    19
 -2.9552092605578839E-02 a       840     0    42     1    20
  3.2965835547935052E-01 a       841     0    43     1     1
 -2.0715762279170719E-01 a       842     0    43     1     2
 -4.4986971350568078E-01 a       843     0    43     1     3
 -1.0702631126561717E+00 a       844     0    43     1     4
  1.6732377708119800E-01 a       845     0    43     1     5
 -6.8746361763264319E-01 a       846     0    43     1     6
  7.5251663918384415E-01 a       847     0    43     1     7
  4.8497486050632854E-01 a       848     0    43     1     8
 -4.2855261513552267E-01 a       849     0    43     1     9
 -1.3405950080428078E-01 a       850     0    43     1    10
  1.7684453791760041E-01 a       851     0    43     1    11
 -1.0085312832578228E-02 a       852     0    43     1    12
 -1.2317563170943386E+00 a       853     0    43     1    13
  6.1460662275222400E-01 a       854     0    43     1    14
 -2.1740429362061489E-01 a       855     0    43     1    15
  6.4821936896468435E-01 a       856     0    43     1    16
 -1.1073377128868001E+00 a       857     0    43     1    17
 -4.9448138464140708E-02 a       858     0    43     1    18
  4.1944023279869597E-01 a       859     0    43     1    19
  9.9676937362438045E-01 a       860     0    43     1    20
 -3.5730614375230195E-02 a       861     0    44     1     1
 -6.1639693089089308E-04 a       862     0    44     1     2
 -2.1905831564296069E-01 a       863     0    44     1     3
  4.3828992874843892E-01 a       864     0    44     1     4
  1.7153483164261248E-02 a       865     0    44     1     5
  1.9372258253424721E-01 a       866     0    44     1     6
 -8.0828417240431077E-02 a       867     0    44     1     7
  4.4360167047274363E-01 a       868     0    44     1     8
  2.4337859257683114E-01 a       869     0    44     1     9
 -2.6816069991234370E-01 a       870     0    44     1    10
 -8.3303952289318903E-02 a       871     0    44     1    11
 -1.9879379122792848E-01 a       872     0    44     1    12
  4.4698220652836990E-01 a       873     0    44     1    13
  8.7837113920173661E-03 a       874     0    44     1    14
  4.3283523982547846E-02 a       875     0    44     1    15
 -3.5192598511916756E-01 a       876     0    44     1    16
  2.7111139748108209E-01 a       877     0    44     1    17
  6.8761236919190741E-02 a       878     0    44     1    18
 -1.6472289616806554E-01 a       879     0    44     1    19
 -4.9531029820792477E-01 a       880     0    44     1    20
 -3.9005120264444727E-02 a       881     0    45     1     1
  4.3327756388205674E-01 a       882     0    45     1     2
  2.9830696914220373E-01 a       883     0    45     1     3
  2.1158420089062732E-01 a       884     0    45     1     4
  7.9718217655987342E-02 a       885     0    45     1     5
  5.5227169184683989E-01 a       886     0    45     1     6
 -4.9774608168125450E-01 a       887     0    45     1     7
  2.9235004044804741E-01 a       888     0    45     1     8
  4.2035005679520254E-01 a       889     0    45     1     9
  1.9635863250536761E-01 a       890     0    45     1    10
 -1.0181150411672268E+00 a       891     0    45     1    11
  2.4946451797137070E-02 a       892     0    45     1    12
 -4.8931344526973064E-01 a       893     0    45     1    13
  9.1181873430062721E-01 a       894     0    45     1    14
  1.0220185715174501E+00 a       895     0    45     1    15
  3.4991149465793281E-01 a       896     0    45     1    16
 -6.3539226134310012E-01 a       897     0    45     1    17
  4.4549978758390463E-01 a       898     0    45     1    18
  4.0702290697318233E-01 a       899     0    45     1    19
  1.6969730863725915E-01 a       900     0    45     1    20
 -1.9882040255487324E-01 a       901     0    46     1     1
 -2.9284473835646596E-01 a       902     0    46     1     2
 -5.1840565358572810E-01 a       903     0    46     1     3
 -4.6219437791638351E-01 a       904     0    46     1     4
  6.7961860554748010E-01 a       905     0    46     1     5
 -3.0591922912181962E-01 a       906     0    46     1     6
  3.9481720152749405E-01 a       907     0    46     1     7
 -2.8801054853052871E-01 a       908     0    46     1     8
  2.7596893122030985E-01 a       909     0    46     1     9
 -9.8109826342057005E-01 a       910     0    46     1    10
  4.7690263950919254E-01 a       911     0    46     1    11
 -4.7241706487265800E-01 a       912     0    46     1    12
  3.1664286617915161E-01 a       913     0    46     1    13
  3.5347267861732573E-01 a       914     0    46     1    14
 -5.8772167841519252E-01 a       915     0    46     1    15
  8.7679839860597553E-01 a       916     0    46     1    16
 -1.6189336052985223E-01 a       917     0    46     1    17
  4.5175335220073992E-01 a       918     0    46     1    18
  8.7055997575294225E-02 a       919     0    46     1    19
 -1.3145612068183476E-01 a       920     0    46     1    20
  7.2964733160626982E-01 b       921     1     1
  1.4363823330705097E+00 b       922     1     2
 -1.4875836407307694E+00 b       923     1     3
 -1.1829641567899505E+00 b       924     1     4
 -3.4657962598287906E-01 b       925     1     5
 -1.4054680077934700E-01 b       926     1     6
  1.1638749711254817E+00 b       927     1     7
  9.2218455830077206E-01 b       928     1     8
  4.0338816573609293E-01 b       929     1     9
 -2.2955905939174392E-01 b       930     1    10
 -1.0035184970447013E+00 b       931     1    11
  1.0253390314852719E+00 b       932     1    12
 -9.1596886726914861E-01 b       933     1    13
 -1.3397684474180318E+00 b       934     1    14
 -5.3103641536486323E-01 b       935     1    15
  1.0928694986908061E-01 b       936     1    16
  1.0757356381795404E+00 b       937     1    17
  1.2203249512458276E+00 b       938     1    18
  1.1762912684863684E+00 b       939     1    19
  1.3695065940629922E+00 b       940     1    20
 -3.5939666748321591E-01 a       941     1     1     2     1
  1.8505282343433080E-01 a       942     1     1     2     2
 -2.0754201551654486E-01 a       943     1     1     2     3
 -3.6311918315359354E-01 a       944     1     1     2     4
  2.8753367781725397E-01 a       945     1     1     2     5
  5.0042062683531219E-01 a       946     1     1     2     6
  1.3400471878495579E-01 a       947     1     1     2     7
  4.8339886468672844E-01 a       948     1     1     2     8
  2.0056681170160759E-01 a       949     1     1     2     9
 -2.0300887260516087E-01 a       950     1     1     2    10
  7.4353507996287960E-01 a       951     1     1     2    11
 -4.1476906815353334E-02 a       952     1     1     2    12
 -2.0582486767040067E-01 a       953     1     1     2    13
  1.9504685121334679E-02 a       954     1     1     2    14
 -4.2189264288934980E-01 a       955     1     1     2    15
 -3.3132398468114194E-01 a       956     1     1     2    16
  8.0126325671005205E-01 a       957     1     1     2    17
 -2.2420395895309589E-01 a       958     1     1     2    18
 -9.0884280132270939E-03 a       959     1     1     2    19
  3.0112389027488817E-01 a       960     1     1     2    20
 -4.1763529579713410E-01 a       961     1     2     2     1
  2.0535498176467967E-01 a       962     1     2     2     2
 -4.8361164372821874E-01 a       963     1     2     2     3
  2.8196043026220241E-01 a       964     1     2     2     4
 -5.6493321456413526E-01 a       965     1     2     2     5
 -7.0870448758649884E-01 a       966     1     2     2     6
 -2.1946403853467211E-01 a       967     1     2     2     7
 -2.7399002086024155E-01 a       968     1     2     2     8
  2.1431352729515352E-01 a       969     1     2     2     9
  5.9279071572952569E-01 a       970     1     2     2    10
 -6.9339536961728321E-01 a       971     1     2     2    11
  5.8823443650223184E-01 a       972     1     2     2    12
  3.6948825891769238E-01 a       973     1     2     2    13
 -3.1834907153405917E-01 a       974     1     2     2    14
  7.0178100020260648E-01 a       975     1     2     2    15
 -2.0793068844168533E-01 a       976     1     2     2    16
 -3.3605065025742176E-01 a       977     1     2     2    17
 -9.9336902392428872E-02 a       978     1     2     2    18
 -2.2073239351092683E-01 a       979     1     2     2    19
  2.2010184813569719E-01 a       980     1     2     2    20
 -6.1851450706424860E-01 a       981     1     3     2     1
 -6.7849527535058718E-01 a       982     1     3     2     2
 -2.8090202984567741E-01 a       983     1     3     2     3
 -2.8748759203677809E-01 a       984     1     3     2     4
 -2.8555326225707822E-01 a       985     1     3     2     5
 -6.6168684679870227E-01 a       986     1     3     2     6
  4.2902273691870829E-02 a       987     1     3     2     7
 -9.6256427025413108E-02 a       988     1     3     2     8
 -1.7443718499883978E-01 a       989     1     3     2     9
  2.5564906109779850E-01 a       990     1     3     2    10
 -8.6110628709419568E-01 a       991     1     3     2    11
  8.4672173750839830E-01 a       992     1     3     2    12
  5.7021830742947720E-02 a       993     1     3     2    13
 -1.2905613918004308E-01 a       994     1     3     2    14
 -4.8103656774720749E-01 a       995     1     3     2    15
  9.7867561132179773E-02 a       996     1     3     2    16
  7.4983504533715828E-02 a       997     1     3     2    17
  2.1375486243200906E-01 a       998     1     3     2    18
 -5.7912569833988814E-01 a       999     1     3     2    19
  8.7763516886731918E-01 a      1000     1     3     2    20
  8.5789997067370893E-02 a      1001     1     4     2     1
  5.3296877723029012E-01 a      1002     1     4     2     2
  6.8941247149041118E-01 a      1003     1     4     2     3
  2.3768372999004339E-01 a      1004     1     4     2     4
 -6.1741395557541934E-01 a      1005     1     4     2     5
  2.5008012404545332E-01 a      1006     1     4     2     6
 -3.6420297155925241E-01 a      1007     1     4     2     7
  6.1684718653523159E-02 a      1008     1     4     2     8
 -7.1682334095740252E-01 a      1009     1     4     2     9
 -5.8980425464225072E-01 a      1010     1     4     2    10
 -7.4876893069817496E-01 a      1011     1     4     2    11
  1.0815713207187318E-01 a      1012     1     4     2    12
 -4.6880769034475750E-01 a      1013     1     4     2    13
 -5.8741496738269272E-01 a      1014     1     4     2    14
 -4.7440891284948189E-01 a      1015     1     4     2    15
 -3.1310120593596896E-01 a      1016     1     4     2    16
  6.4156926849802709E-01 a      1017     1     4     2    17
 -2.9541099717725133E-01 a      1018     1     4     2    18
  6.2732857218496074E-01 a      1019     1     4     2    19
  6.7009051802530761E-01 a      1020     1     4     2    20
  1.1734132629651952E+00 a      1021     1     5     2     1
 -9.6192509575097410E-02 a      1022     1     5     2     2
  9.3369416061811206E-01 a      1023     1     5     2     3
  3.9452724826031865E-01 a      1024     1     5     2     4
 -2.4664840050252981E-01 a      1025     1     5     2     5
 -6.0602543488623795E-01 a      1026     1     5     2     6
 -4.6768946044817272E-01 a      1027     1     5     2     7
 -6.1062958986830285E-01 a      1028     1     5     2     8
  3.4469500411715209E-01 a      1029     1     5     2     9
  4.3730029120962119E-03 a      1030     1     5     2    10
 -7.6845157292788610E-02 a      1031     1     5     2    11
  1.5761359202222763E-01 a      1032     1     5     2    12
  3.4190760571032108E-01 a      1033     1     5     2    13
 -4.1162305047718983E-01 a      1034     1     5     2    14
 -1.1650616114392916E-01 a      1035     1     5     2    15
  5.1764317981239361E-01 a      1036     1     5     2    16
 -2.9993811968665418E-01 a      1037     1     5     2    17
 -1.3087145190082866E-01 a      1038     1     5     2    18
 -5.6034382558532503E-01 a      1039     1     5     2    19
  6.9715036697585231E-01 a      1040     1     5     2    20
 -1.3625450289149157E-01 a      1041     1     6     2     1
 -5.6318616200934246E-01 a      1042     1     6     2     2
 -2.6237483398037420E-01 a      1043     1     6     2     3
 -2.7555010769349003E-01 a      1044     1     6     2     4
  2.2724603738783164E-01 a      1045     1     6     2     5
  2.5820173142828717E-01 a      1046     1     6     2     6
 -7.7366510073636319E-01 a      1047     1     6     2     7
  2.3607385964674524E-01 a      1048     1     6     2     8
 -1.5242954000515646E-02 a      1049     1     6     2     9
  1.2506795269053547E-01 a      1050     1     6     2    10
 -6.4538466344227963E-01 a      1051     1     6     2    11
  2.9817572915036239E-01 a      1052     1     6     2    12
  4.6588825864869693E-01 a      1053     1     6     2    13
  1.7363700857878153E-01 a      1054     1     6     2    14
 -1.1032367890723375E-01 a      1055     1     6     2    15
 -5.7939237779307873E-01 a      1056     1     6     2    16
 -1.8432102059443120E-01 a      1057     1     6     2    17
  3.3316568592501211E-01 a      1058     1     6     2    18
 -6.6924207778867451E-01 a      1059     1     6     2    19
 -1.0095466544409260E+00 a      1060     1     6     2    20
 -2.2294499672240972E-01 a      1061     1     7     2     1
 -5.2663980446704915E-02 a      1062     1     7     2     2
  1.6035148514869668E-01 a      1063     1     7     2     3
 -2.6336276262809233E-01 a      1064     1     7     2     4
  2.1903246878750490E-01 a      1065     1     7     2     5
 -7.2292265644979828E-02 a      1066     1     7     2     6
  7.1158255920945723E-01 a      1067     1     7     2     7
 -5.5656811104960913E-01 a      1068     1     7     2     8
  3.8585935095132684E-01 a      1069     1     7     2     9
  8.0764471674776253E-02 a      1070     1     7     2    10
 -8.9256778807261350E-01 a      1071     1     7     2    11
  3.5756904157731501E-02 a      1072     1     7     2    12
 -6.0188697804131837E-02 a      1073     1     7     2    13
  9.4957171242528582E-01 a      1074     1     7     2    14
  6.3263200133484687E-01 a      1075     1     7     2    15
  9.3223540033636504E-02 a      1076     1     7     2    16
  2.1275148254327744E-01 a      1077     1     7     2    17
  7.7298867641491664E-01 a      1078     1     7     2    18
  3.5173093479614875E-01 a      1079     1     7     2    19
  7.8725397553648457E-01 a      1080     1     7     2    20
 -3.2371777993306405E-01 a      1081     1     8     2     1
 -6.8740627318987779E-02 a      1082     1     8     2     2
  1.4702208356444157E-02 a      1083     1     8     2     3
  7.8917021823683575E-01 a      1084     1     8     2     4
 -5.4019318662563742E-01 a      1085     1     8     2     5
 -4.1848037111703645E-01 a      1086     1     8     2     6
 -2.4325451632286710E-01 a      1087     1     8     2     7
 -5.0757567868803533E-01 a      1088     1     8     2     8
 -7.4513977888199509E-02 a      1089     1     8     2     9
  5.9993040271309084E-01 a      1090     1     8     2    10
  9.7450923667037129E-02 a      1091     1     8     2    11
 -1.0502145998706669E-01 a      1092     1     8     2    12
 -4.2203090605135635E-01 a      1093     1     8     2    13
  1.2057071937269651E-01 a      1094     1     8     2    14
  5.7002781370916189E-02 a      1095     1     8     2    15
 -3.8968298132361973E-01 a      1096     1     8     2    16
  9.3998193882013992E-01 a      1097     1     8     2    17
 -3.3320622038280939E-01 a      1098     1     8     2    18
 -3.2964308103785445E-01 a      1099     1     8     2    19
 -5.9648793706181924E-01 a      1100     1     8     2    20
  2.7996473682574952E-01 a      1101     1     9     2     1
 -1.9435009656366756E-01 a      1102     1     9     2     2
 -2.3481138323950931E-01 a      1103     1     9     2     3
  4.8815012303163180E-01 a      1104     1     9     2     4
 -3.8285071963613956E-03 a      1105     1     9     2     5
  6.7701456506120683E-01 a      1106     1     9     2     6
  1.7840581984497908E-01 a      1107     1     9     2     7
  2.3334893406274987E-01 a      1108     1     9     2     8
  5.1445710102048903E-01 a      1109     1     9     2     9
  8.3820173001166814E-02 a      1110     1     9     2    10
  2.1006441080225868E-01 a      1111     1     9     2    11
  3.8343498335216997E-01 a      1112     1     9     2    12
  4.6202808546456603E-01 a      1113     1     9     2    13
 -4.8490605790346197E-01 a      1114     1     9     2    14
 -1.4506592167791824E-01 a      1115     1     9     2    15
  4.2436860677357507E-01 a      1116     1     9     2    16
 -2.3945179023796226E-01 a      1117     1     9     2    17
 -5.3174455017194433E-01 a      1118     1     9     2    18
  4.2020472557311234E-01 a      1119     1     9     2    19
 -3.2717403805534162E-01 a      1120     1     9     2    20
  2.3408974181740555E-01 a      1121     1    10     2     1
  3.1982765782967305E-02 a      1122     1    10     2     2
 -5.0108974154023089E-01 a      1123     1    10     2     3
  1.1201311082583638E-01 a      1124     1    10     2     4
 -1.3658497070345021E-01 a      1125     1    10     2     5
 -3.7010769561616791E-01 a      1126     1    10     2     6
 -6.6532505452775198E-02 a      1127     1    10     2     7
  3.1931361924365020E-02 a      1128     1    10     2     8
  6.9405005739011338E-01 a      1129     1    10     2     9
 -4.4398923643724615E-02 a      1130     1    10     2    10
 -8.6131588148754457E-01 a      1131     1    10     2    11
  1.0620809705868248E-01 a      1132     1    10     2    12
 -4.5757893078429557E-01 a      1133     1    10     2    13
  3.4726169757837871E-01 a      1134     1    10     2    14
  2.0351478552969315E-01 a      1135     1    10     2    15
  2.1325536517092503E-01 a      1136     1    10     2    16
  2.7871558218528242E-01 a      1137     1    10     2    17
  5.2304904288449007E-02 a      1138     1    10     2    18
  4.2434088505287076E-01 a      1139     1    10     2    19
  8.6437220901917655E-01 a      1140     1    10     2    20
  5.6241580223841858E-01 a      1141     1    11     2     1
  5.6520238962647995E-01 a      1142     1    11     2     2
 -3.5355362094832998E-01 a      1143     1    11     2     3
 -5.0770782526773839E-01 a      1144     1    11     2     4
  4.0027882240882595E-01 a      1145     1    11     2     5
 -7.7151551415467035E-02 a      1146     1    11     2     6
 -4.1413818010064291E-01 a      1147     1    11     2     7
 -1.8398551504643001E-01 a      1148     1    11     2     8
  1.5813470887077344E-01 a      1149     1    11     2     9
  2.5543584424120636E-01 a      1150     1    11     2    10
  4.6001529766602889E-01 a      1151     1    11     2    11
  4.9820837848452731E-01 a      1152     1    11     2    12
 -2.9393039094797374E-01 a      1153     1    11     2    13
 -2.1817942087962638E-01 a      1154     1    11     2    14
  2.5110881383963635E-01 a      1155     1    11     2    15
  1.3020082472091882E-01 a      1156     1    11     2    16
  6.4011680661537795E-01 a      1157     1    11     2    17
  1.2160956751063254E-02 a      1158     1    11     2    18
 -6.8130587591637159E-01 a      1159     1    11     2    19
  4.8537804514497218E-01 a      1160     1    11     2    20
  3.9773109329576395E-02 a      1161     1    12     2     1
 -4.4125487862836632E-01 a      1162     1    12     2     2
 -4.4490476148801150E-01 a      1163     1    12     2     3
  1.8857339861597898E-02 a      1164     1    12     2     4
  3.0672353897279903E-01 a      1165     1    12     2     5
 -9.4937543589859980E-02 a      1166     1    12     2     6
  5.2158178762368990E-01 a      1167     1    12     2     7
 -2.3237082548887847E-01 a      1168     1    12     2     8
 -2.5516094869481404E-01 a      1169     1    12     2     9
 -1.3611242384423591E-01 a      1170     1    12     2    10
 -7.9912338505606828E-01 a      1171     1    12     2    11
  3.3480014537120062E-01 a      1172     1    12     2    12
 -4.3616605740152602E-02 a      1173     1    12     2    13
 -3.0651382458596227E-01 a      1174     1    12     2    14
 -9.1626629237780588E-02 a      1175     1    12     2    15
 -6.8820478519522865E-01 a      1176     1    12     2    16
 -6.6577776856033694E-02 a      1177     1    12     2    17
  8.3054948502889503E-01 a      1178     1    12     2    18
 -8.6517118430588691E-01 a      1179     1    12     2    19
  4.5352994797601305E-02 a      1180     1    12     2    20
 -1.7584856816913091E-01 a      1181     1    13     2     1
 -3.9960010196365270E-01 a      1182     1    13     2     2
 -7.8618353176352351E-02 a      1183     1    13     2     3
  4.5261555434201989E-01 a      1184     1    13     2     4
  2.3195533373396815E-01 a      1185     1    13     2     5
 -1.1391519652385576E-01 a      1186     1    13     2     6
  3.8790601416585263E-01 a      1187     1    13     2     7
  4.4972747731796819E-01 a      1188     1    13     2     8
 -2.3612407866365775E-01 a      1189     1    13     2     9
  5.1278234443093396E-01 a      1190     1    13     2    10
  3.8124699270064272E-01 a      1191     1    13     2    11
 -8.7254722683064145E-01 a      1192     1    13     2    12
  1.4648987937588456E-01 a      1193     1    13     2    13
  1.2296582071831734E+00 a      1194     1    13     2    14
  1.2317353142740468E-01 a      1195     1    13     2    15
  1.1266869308227404E-01 a      1196     1    13     2    16
  2.5161116006697615E-01 a      1197     1    13     2    17
  8.6604070201781666E-03 a      1198     1    13     2    18
 -2.8973981874826449E-01 a      1199     1    13     2    19
 -1.0038945931951357E-01 a      1200     1    13     2    20
  8.6447691859418829E-01 a      1201     1    14     2     1
 -5.2108836421324811E-01 a      1202     1    14     2     2
  5.0245123765546018E-01 a      1203     1    14     2     3
  1.4599682316184354E-01 a      1204     1    14     2     4
  2.2682869533552141E-01 a      1205     1    14     2     5
 -5.7459678669281478E-01 a      1206     1    14     2     6
 -6.0624428827054988E-01 a      1207     1    14     2     7
  3.2307610700452072E-01 a      1208     1    14     2     8
  3.2019404774202100E-02 a      1209     1    14     2     9
 -3.0895134350284736E-01 a      1210     1    14     2    10
  4.4619077440187432E-01 a      1211     1    14     2    11
 -6.6895426777572786E-01 a      1212     1    14     2    12
  3.8516778873644786E-01 a      1213     1    14     2    13
  2.7156071560687822E-01 a      1214     1    14     2    14
  5.2697540579700441E-01 a      1215     1    14     2    15
 -1.4233754640762183E-01 a      1216     1    14     2    16
 -1.2255990275078139E+00 a      1217     1    14     2    17
 -5.7868914975600949E-01 a      1218     1    14     2    18
  4.6148502544383163E-01 a      1219     1    14     2    19
 -3.3327767370614503E-01 a      1220     1    14     2    20
  2.1734237450927327E-01 a      1221     1    15     2     1
 -2.4800962072287355E-01 a      1222     1    15     2     2
 -1.8652195024106899E-01 a      1223     1    15     2     3
 -1.6930862635644950E-01 a      1224     1    15     2     4
  6.0065591494639214E-01 a      1225     1    15     2     5
 -3.5210031341936321E-01 a      1226     1    15     2     6
 -3.1675045212296782E-01 a      1227     1    15     2     7
  1.5506020814018788E+00 a      1228     1    15     2     8
  4.4374008696777995E-01 a      1229     1    15     2     9
 -1.2576548309480495E-01 a      1230     1    15     2    10
 -3.7621901057907893E-02 a      1231     1    15     2    11
  1.5344768302314754E-01 a      1232     1    15     2    12
  2.5807438962756074E-01 a      1233     1    15     2    13
 -5.8586776325301526E-01 a      1234     1    15     2    14
 -2.2480417606727213E-01 a      1235     1    15     2    15
  2.8573380761105649E-01 a      1236     1    15     2    16
 -5.3157056423339211E-01 a      1237     1    15     2    17
  5.6291581671519719E-01 a      1238     1    15     2    18
  7.0875667857067448E-01 a      1239     1    15     2    19
 -7.2105336977902931E-02 a      1240     1    15     2    20
 -5.4766533480540414E-01 a      1241     1    16     2     1
 -6.2284710719975500E-01 a      1242     1    16     2     2
 -4.9657585470480586E-01 a      1243     1    16     2     3
  1.8771500897497498E-01 a      1244     1    16     2     4
 -7.1129652686808445E-02 a      1245     1    16     2     5
 -4.7986504762341226E-01 a      1246     1    16     2     6
  1.6779142350801304E-01 a      1247     1    16     2     7
  2.5707991296449162E-01 a      1248     1    16     2     8
  1.2800466203839578E-01 a      1249     1    16     2     9
  3.1108284083342663E-01 a      1250     1    16     2    10
  1.2148052782224097E-01 a      1251     1    16     2    11
  4.0813736407392281E-01 a      1252     1    16     2    12
 -1.4570223696582537E-02 a      1253     1    16     2    13
  2.2793905144543830E-01 a      1254     1    16     2    14
 -2.2972593214855316E-01 a      1255     1    16     2    15
  6.0984186558657127E-01 a      1256     1    16     2    16
 -3.4483955405173838E-01 a      1257     1    16     2    17
  6.4952692854915506E-01 a      1258     1    16     2    18
  3.3146831026162576E-01 a      1259     1    16     2    19
 -9.4297189571570766E-02 a      1260     1    16     2    20
  1.8791427002330910E-01 a      1261     1    17     2     1
 -4.5739400076923967E-02 a      1262     1    17     2     2
 -2.1437304244075595E-01 a      1263     1    17     2     3
  1.5260491067943643E-01 a      1264     1    17     2     4
 -3.6481428754000056E-01 a      1265     1    17     2     5
 -1.0536758712967862E+00 a      1266     1    17     2     6
  9.7198029361070887E-02 a      1267     1    17     2     7
 -2.8801394153025023E-01 a      1268     1    17     2     8
  4.8136034177193787E-01 a      1269     1    17     2     9
 -1.1374090406034573E-01 a      1270     1    17     2    10
  1.8236451252151324E+00 a      1271     1    17     2    11
  9.9805929625462009E-01 a      1272     1    17     2    12
  4.5434444790121092E-01 a      1273     1    17     2    13
 -6.6473932544741654E-01 a      1274     1    17     2    14
 -1.5035436211722819E-01 a      1275     1    17     2    15
 -4.7792850719359986E-01 a      1276     1    17     2    16
 -4.1860108022972042E-01 a      1277     1    17     2    17
  3.9323561054088484E-02 a      1278     1    17     2    18
  7.2717979247627152E-03 a      1279     1    17     2    19
 -3.5040358034817148E-01 a      1280     1    17     2    20
 -6.7788871748515445E-01 a      1281     1    18     2     1
  3.6553063066102592E-01 a      1282     1    18     2     2
 -4.1996917888935825E-01 a      1283     1    18     2     3
  6.3123460330527226E-01 a      1284     1    18     2     4
 -3.9060727167590537E-01 a      1285     1    18     2     5
 -1.6005047314107029E-01 a      1286     1    18     2     6
  6.6340911146943471E-01 a      1287     1    18     2     7
  3.2196849634647706E-01 a      1288     1    18     2     8
 -2.8157045445830065E-01 a      1289     1    18     2     9
  5.4293715597693970E-01 a      1290     1    18     2    10
  1.3299381245708686E+00 a      1291     1    18     2    11
 -5.1395320426207347E-01 a      1292     1    18     2    12
 -3.0585697404612011E-01 a      1293     1    18     2    13
 -3.2667154818838851E-01 a      1294     1    18     2    14
  3.7642967812513195E-01 a      1295     1    18     2    15
  8.5437161999202940E-02 a      1296     1    18     2    16
  2.7327878739189937E-01 a      1297     1    18     2    17
  4.2730003712948750E-01 a      1298     1    18     2    18
  5.6544519358418222E-01 a      1299     1    18     2    19
  7.5127765581248169E-03 a      1300     1    18     2    20
 -2.7121504017928504E-02 a      1301     1    19     2     1
 -4.3483437297100191E-01 a      1302     1    19     2     2
  6.3479334023798006E-01 a      1303     1    19     2     3
  2.9660218177759279E-01 a      1304     1    19     2     4
  1.0021215756501504E-01 a      1305     1    19     2     5
 -2.7131444613191541E-01 a      1306     1    19     2     6
  4.4001596089644496E-01 a      1307     1    19     2     7
  8.1795054552766672E-02 a      1308     1    19     2     8
  4.6356680626605376E-02 a      1309     1    19     2     9
  4.7520722056139858E-01 a      1310     1    19     2    10
 -8.9636698590545216E-01 a      1311     1    19     2    11
 -5.4302092265758140E-01 a      1312     1    19     2    12
 -1.0115754542138106E-01 a      1313     1    19     2    13
 -6.6481969824562437E-01 a      1314     1    19     2    14
  1.0170612361826510E-01 a      1315     1    19     2    15
  1.2827236445339521E-01 a      1316     1    19     2    16
 -3.5051113325474059E-01 a      1317     1    19     2    17
  2.2369292855856374E-01 a      1318     1    19     2    18
 -8.2767461564292588E-01 a      1319     1    19     2    19
 -2.8219022579647451E-01 a      1320     1    19     2    20
 -2.7292464012074752E-01 a      1321     1    20     2     1
  3.6975059816332578E-01 a      1322     1    20     2     2
 -6.4643807533878017E-01 a      1323     1    20     2     3
 -1.1597128974345106E-01 a      1324     1    20     2     4
  2.9485207994077350E-01 a      1325     1    20     2     5
 -1.2650649138187585E-02 a      1326     1    20     2     6
  1.3646298128574566E-01 a      1327     1    20     2     7
  4.4150416440802548E-01 a      1328     1    20     2     8
  7.2711411511752711E-03 a      1329     1    20     2     9
  8.9605303748597889E-02 a      1330     1    20     2    10
 -6.9938826163451850E-01 a      1331     1    20     2    11
 -8.3961072045537299E-01 a      1332     1    20     2    12
  8.5008825852818071E-01 a      1333     1    20     2    13
 -1.0400376203767413E-01 a      1334     1    20     2    14
  1.8461483923511174E-01 a      1335     1    20     2    15
 -2.5653249773351100E-01 a      1336     1    20     2    16
 -2.7311014751989704E-01 a      1337     1    20     2    17
 -1.7009539164847393E-01 a      1338     1    20     2    18
  3.8092195247879473E-01 a      1339     1    20     2    19
  2.8898613241797161E-01 a      1340     1    20     2    20
  3.4192080529052477E-01 b      1341     2     1
  2.4637035809581989E-01 b      1342     2     2
 -3.4712344428176023E-01 b      1343     2     3
  1.6731843469106715E+00 b      1344     2     4
  9.9940975856198100E-01 b      1345     2     5
 -7.6255142124643290E-04 b      1346     2     6
 -4.0309883503900246E-02 b      1347     2     7
 -4.9402975283500106E-01 b      1348     2     8
 -1.3447375991673822E+00 b      1349     2     9
 -4.4623828453373021E-01 b      1350     2    10
  1.0263813748522688E-01 b      1351     2    11
  4.5561362066229988E-01 b      1352     2    12
  3.5632694922356539E-01 b      1353     2    13
  6.1992903606216543E-01 b      1354     2    14
  1.5275397892690983E+00 b      1355     2    15
  1.3637203444545596E+00 b      1356     2    16
  1.1796542663335337E+00 b      1357     2    17
  6.3781731468264291E-01 b      1358     2    18
 -7.4657692102724449E-01 b      1359     2    19
  6.8381418237157288E-01 b      1360     2    20
 -1.1013172643088596E+00 a      1361     2     1     3     1
  5.9527347484827520E-01 a      1362     2     2     3     1
 -1.3722274353180060E+00 a      1363     2     3     3     1
  9.7351317579693442E-01 a      1364     2     4     3     1
  7.0198258645035511E-02 a      1365     2     5     3     1
  2.0520340619704305E-01 a      1366     2     6     3     1
  1.3304933352983144E+00 a      1367     2     7     3     1
 -1.8372419118984757E+00 a      1368     2     8     3     1
 -5.1683431371242938E-01 a      1369     2     9     3     1
  1.3741281075753826E+00 a      1370     2    10     3     1
 -3.0504411535462045E-01 a      1371     2    11     3     1
  1.9960509248521913E-01 a      1372     2    12     3     1
  9.1491256902719753E-01 a      1373     2    13     3     1
  6.7975543153010853E-01 a      1374     2    14     3     1
  1.6606149560692893E+00 a      1375     2    15     3     1
  1.0882907534335047E+00 a      1376     2    16     3     1
  1.3159968943223792E+00 a      1377     2    17     3     1
  1.2084636807869189E+00 a      1378     2    18     3     1
 -7.6787035160999473E-01 a      1379     2    19     3     1
 -2.3795271942816715E-01 a      1380     2    20     3     1
  5.3262470072059420E-01 b      1381     3     1
