################################################################################
# Neural network connection values (weights and biases).
################################################################################
# Col  Name       Description
################################################################################
# 1    connection Neural network connection value.
# 2    t          Connection type (a = weight, b = bias).
# 3    index      Index enumerating weights.
# 4    l_s        Starting point layer (end point layer for biases).
# 5    n_s        Starting point neuron in starting layer (end point neuron for biases).
# 6    l_e        End point layer.
# 7    n_e        End point neuron in end layer.
################################################################################
#                      1 2         3     4     5     6     7
#             connection t     index   l_s   n_s   l_e   n_e
############################################################
  4.9657165345510151E-01 a         1     0     1     1     1
 -8.8828340631108959E-03 a         2     0     1     1     2
 -2.4509783532138749E-01 a         3     0     1     1     3
 -2.8450618628101670E-01 a         4     0     1     1     4
 -1.4237761731482956E-01 a         5     0     1     1     5
 -3.0320199417641192E-01 a         6     0     1     1     6
 -1.3706236700437960E-01 a         7     0     1     1     7
  2.0443829540753189E-01 a         8     0     1     1     8
 -3.0461727355333429E-01 a         9     0     1     1     9
  5.1610187026480669E-01 a        10     0     1     1    10
 -2.3418544833900160E-01 a        11     0     1     1    11
  1.9321420352395774E-01 a        12     0     1     1    12
  2.0484149526168033E-02 a        13     0     1     1    13
  3.3534053291056493E-01 a        14     0     1     1    14
  2.5355060074706531E-01 a        15     0     1     1    15
  2.6623077855276234E-01 a        16     0     1     1    16
  4.0639517286971116E-01 a        17     0     1     1    17
 -2.0001578208996837E-01 a        18     0     1     1    18
 -7.1482817382985855E-02 a        19     0     1     1    19
  2.2255138935818811E-01 a        20     0     1     1    20
  5.2026771917195590E-02 a        21     0     2     1     1
 -3.3620952856950154E-01 a        22     0     2     1     2
 -3.8922071027312502E-02 a        23     0     2     1     3
 -4.8218616419350274E-01 a        24     0     2     1     4
 -1.4231243215766348E-01 a        25     0     2     1     5
 -2.0632623862602764E-01 a        26     0     2     1     6
  1.8380175918546141E-01 a        27     0     2     1     7
  3.4894484504447203E-02 a        28     0     2     1     8
  3.9168714558864809E-02 a        29     0     2     1     9
  1.5415909072332976E-01 a        30     0     2     1    10
 -5.6266403864313405E-02 a        31     0     2     1    11
  1.0811183023547735E-01 a        32     0     2     1    12
  4.6283894098866574E-02 a        33     0     2     1    13
  9.4990006315371314E-02 a        34     0     2     1    14
  2.0345986254375381E-01 a        35     0     2     1    15
  9.5365974975541334E-02 a        36     0     2     1    16
  2.9642666942515311E-01 a        37     0     2     1    17
 -2.4451163553164865E-01 a        38     0     2     1    18
  4.2708338273306790E-01 a        39     0     2     1    19
  2.9641497317296828E-01 a        40     0     2     1    20
  3.2759079449004230E-01 a        41     0     3     1     1
 -2.6036834224139394E-01 a        42     0     3     1     2
 -3.1303215706728443E-01 a        43     0     3     1     3
  4.1323815474300507E-01 a        44     0     3     1     4
  2.3505736549764852E-01 a        45     0     3     1     5
 -1.0502766897915383E-01 a        46     0     3     1     6
  3.3435539581090112E-01 a        47     0     3     1     7
 -1.7216928701602957E-01 a        48     0     3     1     8
  6.0055228075147543E-02 a        49     0     3     1     9
 -1.3955061943297140E-01 a        50     0     3     1    10
  1.0530965120601915E-02 a        51     0     3     1    11
  1.7519916813719044E-01 a        52     0     3     1    12
  2.2143423900002004E-01 a        53     0     3     1    13
  1.7800409122793104E-01 a        54     0     3     1    14
  9.7425803064616082E-02 a        55     0     3     1    15
 -1.2141075717313354E-01 a        56     0     3     1    16
  2.0276418277251660E-02 a        57     0     3     1    17
  9.3776604034053468E-02 a        58     0     3     1    18
  4.1285625569634532E-01 a        59     0     3     1    19
  3.0830020278643006E-01 a        60     0     3     1    20
  5.6391637776335636E-02 a        61     0     4     1     1
  7.1799841758664260E-02 a        62     0     4     1     2
 -4.2878629426132554E-02 a        63     0     4     1     3
  4.1743044474289676E-01 a        64     0     4     1     4
 -3.5971348345731407E-03 a        65     0     4     1     5
  2.8014080220178306E-01 a        66     0     4     1     6
  2.5683567165249555E-02 a        67     0     4     1     7
 -4.3993006712432436E-01 a        68     0     4     1     8
  8.8144878951916056E-02 a        69     0     4     1     9
  9.2060727772545925E-02 a        70     0     4     1    10
  5.5966467011270704E-01 a        71     0     4     1    11
  6.4110135955880776E-01 a        72     0     4     1    12
 -4.5429611178795498E-01 a        73     0     4     1    13
 -1.7316618666923533E-01 a        74     0     4     1    14
 -1.7308721782260730E-01 a        75     0     4     1    15
 -5.8877144798951730E-01 a        76     0     4     1    16
 -1.0978763122609850E-01 a        77     0     4     1    17
 -3.0464344295562507E-01 a        78     0     4     1    18
 -7.3719587250391905E-02 a        79     0     4     1    19
 -1.3270220886172246E-01 a        80     0     4     1    20
 -3.8698636646246642E-01 a        81     0     5     1     1
 -1.3902023120176329E-01 a        82     0     5     1     2
 -2.5145005518394764E-01 a        83     0     5     1     3
 -2.9483105969344486E-01 a        84     0     5     1     4
  1.1289393935972023E+00 a        85     0     5     1     5
  2.8074373454134238E-01 a        86     0     5     1     6
  1.7145686677674754E-01 a        87     0     5     1     7
  3.8596436606342148E-02 a        88     0     5     1     8
 -1.8978880119921413E-02 a        89     0     5     1     9
 -3.0292172892955344E-01 a        90     0     5     1    10
  2.6136030158879955E-02 a        91     0     5     1    11
  1.0235315640713716E-01 a        92     0     5     1    12
  6.6295509943453346E-01 a        93     0     5     1    13
 -2.4774845062949946E-01 a        94     0     5     1    14
 -4.4274889098345493E-01 a        95     0     5     1    15
 -5.5760030447918962E-01 a        96     0     5     1    16
 -1.2917725665510302E-01 a        97     0     5     1    17
  3.5196498568069101E-01 a        98     0     5     1    18
  1.9069504678717129E-02 a        99     0     5     1    19
  3.8440405482680429E-01 a       100     0     5     1    20
  1.1404169554881612E-01 a       101     0     6     1     1
  2.6018428747385886E-01 a       102     0     6     1     2
  2.6475154783842370E-01 a       103     0     6     1     3
  5.1160475838125496E-01 a       104     0     6     1     4
  3.1029365904352046E-01 a       105     0     6     1     5
  5.1127016166469896E-01 a       106     0     6     1     6
  6.9119379147935323E-01 a       107     0     6     1     7
 -4.8116862436155855E-01 a       108     0     6     1     8
  2.7400403393473260E-01 a       109     0     6     1     9
  6.4743851434359581E-02 a       110     0     6     1    10
  6.0255836851761435E-01 a       111     0     6     1    11
  4.2206113132313150E-02 a       112     0     6     1    12
 -3.8292794419279419E-01 a       113     0     6     1    13
 -3.7766554783444251E-01 a       114     0     6     1    14
 -1.8893703526155384E-01 a       115     0     6     1    15
 -6.0314593736571076E-01 a       116     0     6     1    16
  7.8332040231415240E-02 a       117     0     6     1    17
  4.0928715295807747E-03 a       118     0     6     1    18
 -2.5820407387603916E-01 a       119     0     6     1    19
 -4.6614587611864811E-01 a       120     0     6     1    20
 -1.2128476048697751E-01 a       121     0     7     1     1
 -3.5727568224446216E-01 a       122     0     7     1     2
  1.0420414751443677E-01 a       123     0     7     1     3
 -3.2912704496836481E-01 a       124     0     7     1     4
 -4.2396638998106156E-01 a       125     0     7     1     5
  1.2701968768515667E-01 a       126     0     7     1     6
 -2.0131148124838091E-01 a       127     0     7     1     7
  5.3816966074217276E-01 a       128     0     7     1     8
 -5.5840298790700649E-01 a       129     0     7     1     9
  3.6810722968181958E-01 a       130     0     7     1    10
 -5.1347384616930314E-01 a       131     0     7     1    11
 -2.3149061626215373E-01 a       132     0     7     1    12
  5.9939646414879089E-01 a       133     0     7     1    13
  1.5490069786489663E-01 a       134     0     7     1    14
  7.4728361936072463E-01 a       135     0     7     1    15
 -3.4669833910379089E-01 a       136     0     7     1    16
  1.5388965631021903E-01 a       137     0     7     1    17
  3.2464326916969122E-01 a       138     0     7     1    18
  3.1497676072776820E-01 a       139     0     7     1    19
 -6.7799742166600577E-02 a       140     0     7     1    20
  3.4256401025510880E-01 a       141     0     8     1     1
 -6.4747286384174402E-02 a       142     0     8     1     2
  5.1439129427245352E-03 a       143     0     8     1     3
 -1.7975295822860241E-01 a       144     0     8     1     4
  1.7646363993721398E-01 a       145     0     8     1     5
 -4.8176450325166276E-01 a       146     0     8     1     6
  3.0381176931502590E-02 a       147     0     8     1     7
  4.5120617530951729E-01 a       148     0     8     1     8
  3.2232055393656139E-01 a       149     0     8     1     9
 -1.1309181139260518E-01 a       150     0     8     1    10
  4.5063037763628450E-01 a       151     0     8     1    11
  3.6105090259343486E-01 a       152     0     8     1    12
 -9.2733072460820493E-02 a       153     0     8     1    13
 -1.5118834495371569E-01 a       154     0     8     1    14
 -3.0003483086883898E-01 a       155     0     8     1    15
  4.1163297779553537E-01 a       156     0     8     1    16
 -2.8189309897344955E-01 a       157     0     8     1    17
 -3.9167680425840062E-01 a       158     0     8     1    18
 -4.7949573510852728E-01 a       159     0     8     1    19
  9.3771212567979753E-02 a       160     0     8     1    20
 -4.6503059228556298E-01 a       161     0     9     1     1
  2.3078303097115552E-01 a       162     0     9     1     2
  3.8512741850090132E-01 a       163     0     9     1     3
 -5.5702985915346814E-01 a       164     0     9     1     4
  3.2845303377210361E-01 a       165     0     9     1     5
 -4.0126961177714576E-01 a       166     0     9     1     6
  1.9921818493235915E-01 a       167     0     9     1     7
  1.6988096099462405E-01 a       168     0     9     1     8
  1.0556544770436854E-01 a       169     0     9     1     9
 -8.3125790084353932E-02 a       170     0     9     1    10
  5.1909122143932736E-02 a       171     0     9     1    11
  8.7470954673485979E-02 a       172     0     9     1    12
 -5.2662481899118119E-01 a       173     0     9     1    13
  2.9941474964855580E-01 a       174     0     9     1    14
 -9.9647200013040491E-02 a       175     0     9     1    15
 -3.5186722940495727E-02 a       176     0     9     1    16
 -4.1990478716284779E-01 a       177     0     9     1    17
 -2.7317418664560006E-01 a       178     0     9     1    18
 -3.6823507979651965E-01 a       179     0     9     1    19
  1.2639032286179000E-01 a       180     0     9     1    20
  7.6603027260311402E-02 a       181     0    10     1     1
 -8.9503464339900682E-02 a       182     0    10     1     2
  4.2419194582303404E-01 a       183     0    10     1     3
  1.6459206529180728E-01 a       184     0    10     1     4
 -1.6650346368161331E-01 a       185     0    10     1     5
 -1.0240932664069334E-02 a       186     0    10     1     6
 -1.6789938336101085E-01 a       187     0    10     1     7
 -3.8086258301522985E-01 a       188     0    10     1     8
 -2.2078383847914562E-01 a       189     0    10     1     9
  5.6061236585114860E-02 a       190     0    10     1    10
 -2.1443202791611335E-01 a       191     0    10     1    11
 -2.3036668417609218E-02 a       192     0    10     1    12
 -2.6723517071855198E-02 a       193     0    10     1    13
  1.9788681089913268E-01 a       194     0    10     1    14
  3.5532487425609061E-01 a       195     0    10     1    15
 -2.3380761522495495E-02 a       196     0    10     1    16
  1.6210255710223853E-01 a       197     0    10     1    17
 -2.0595831470171633E-01 a       198     0    10     1    18
 -1.5654961449162696E-01 a       199     0    10     1    19
  4.2298101556486861E-02 a       200     0    10     1    20
  7.4713417235854551E-01 a       201     0    11     1     1
 -2.0997833525625212E-01 a       202     0    11     1     2
 -3.3412802531827379E-01 a       203     0    11     1     3
  2.1617699311922287E-02 a       204     0    11     1     4
 -1.6435478497314990E-01 a       205     0    11     1     5
  5.5989339510756214E-02 a       206     0    11     1     6
  8.5413860389854344E-03 a       207     0    11     1     7
 -6.9876644866250046E-02 a       208     0    11     1     8
  1.2939567951929265E-01 a       209     0    11     1     9
  3.5101278927642149E-01 a       210     0    11     1    10
 -1.9856496393395456E-03 a       211     0    11     1    11
 -9.5966174761597418E-03 a       212     0    11     1    12
  8.8485709852393193E-02 a       213     0    11     1    13
 -2.1889612190769675E-01 a       214     0    11     1    14
 -2.5038848997129071E-01 a       215     0    11     1    15
  1.0749715151649410E-01 a       216     0    11     1    16
  6.8151329998092897E-02 a       217     0    11     1    17
  2.3230171639374883E-01 a       218     0    11     1    18
  5.1358145840022511E-02 a       219     0    11     1    19
 -1.5399048250976916E-01 a       220     0    11     1    20
  3.2988621070412949E-01 a       221     0    12     1     1
  4.6478511371789509E-02 a       222     0    12     1     2
 -5.3242360534117184E-01 a       223     0    12     1     3
 -1.5951540078947249E-01 a       224     0    12     1     4
 -4.1290350186496183E-01 a       225     0    12     1     5
 -9.1173290971640990E-04 a       226     0    12     1     6
 -4.0579142469970020E-01 a       227     0    12     1     7
  7.4616877762437905E-01 a       228     0    12     1     8
 -1.1085861876936240E-01 a       229     0    12     1     9
  7.0021192555271006E-02 a       230     0    12     1    10
 -2.3730548821902953E-01 a       231     0    12     1    11
  4.4117070580710677E-01 a       232     0    12     1    12
  5.2306441413014937E-01 a       233     0    12     1    13
 -5.5567117689587886E-01 a       234     0    12     1    14
 -1.5576968067496713E-01 a       235     0    12     1    15
  1.4301343111793699E-01 a       236     0    12     1    16
  4.8217602304082958E-02 a       237     0    12     1    17
  1.3500898032991973E-01 a       238     0    12     1    18
  5.1717478313494702E-01 a       239     0    12     1    19
 -1.0201266522910118E-02 a       240     0    12     1    20
  1.8093644465973080E-01 a       241     0    13     1     1
  9.0600476200769012E-02 a       242     0    13     1     2
  2.5791873654570202E-01 a       243     0    13     1     3
 -5.2484276392058515E-01 a       244     0    13     1     4
 -1.2596224144997939E-01 a       245     0    13     1     5
  5.1771618193726099E-01 a       246     0    13     1     6
  1.1623332572315556E-01 a       247     0    13     1     7
 -2.8576073648119565E-01 a       248     0    13     1     8
  4.6622452939187647E-01 a       249     0    13     1     9
  1.3909942747608064E-01 a       250     0    13     1    10
  1.0990444521228616E-01 a       251     0    13     1    11
 -3.4467534397265653E-01 a       252     0    13     1    12
 -6.5165019268117214E-02 a       253     0    13     1    13
 -7.2044846605359134E-02 a       254     0    13     1    14
  5.0238849631543170E-01 a       255     0    13     1    15
 -4.6624003550807802E-01 a       256     0    13     1    16
 -2.0378078925588747E-01 a       257     0    13     1    17
  9.5658869129966781E-02 a       258     0    13     1    18
 -4.9843196405145673E-01 a       259     0    13     1    19
 -4.4047917349497745E-01 a       260     0    13     1    20
 -2.3586921348626863E-01 a       261     0    14     1     1
 -3.3155622171599336E-01 a       262     0    14     1     2
 -5.7922426217710532E-01 a       263     0    14     1     3
  2.6849213042289211E-01 a       264     0    14     1     4
 -7.9745601899237545E-02 a       265     0    14     1     5
  2.2700317000665809E-01 a       266     0    14     1     6
  3.6067347488295876E-01 a       267     0    14     1     7
  8.4038960210159941E-02 a       268     0    14     1     8
 -7.0036487753087684E-02 a       269     0    14     1     9
  1.4044649166437920E-02 a       270     0    14     1    10
 -4.0552486693847983E-01 a       271     0    14     1    11
  4.1559327849837263E-01 a       272     0    14     1    12
 -4.7714130998972376E-01 a       273     0    14     1    13
  2.3728893022194847E-01 a       274     0    14     1    14
 -1.3604413378200722E-01 a       275     0    14     1    15
 -2.5336611649440127E-01 a       276     0    14     1    16
  2.5945180185634237E-01 a       277     0    14     1    17
  1.5770974325408438E-01 a       278     0    14     1    18
  1.8954793807979198E-01 a       279     0    14     1    19
 -6.2124354700611978E-02 a       280     0    14     1    20
 -2.9218806282219545E-01 a       281     0    15     1     1
  2.0356429036751722E-01 a       282     0    15     1     2
 -8.4725069045251233E-02 a       283     0    15     1     3
  5.6247824521466583E-01 a       284     0    15     1     4
 -2.5420709075736009E-01 a       285     0    15     1     5
 -3.9801592980743611E-01 a       286     0    15     1     6
 -5.7773199059991920E-01 a       287     0    15     1     7
  4.8115870436704666E-01 a       288     0    15     1     8
 -3.1175398702933599E-01 a       289     0    15     1     9
 -3.1466409610300744E-01 a       290     0    15     1    10
  2.0370655407899171E-01 a       291     0    15     1    11
  1.9303705376999344E-01 a       292     0    15     1    12
 -1.8076094128851605E-01 a       293     0    15     1    13
  6.4764252719861332E-02 a       294     0    15     1    14
 -5.9929038222424680E-01 a       295     0    15     1    15
  6.5987697937754974E-01 a       296     0    15     1    16
 -1.4953744924655990E-01 a       297     0    15     1    17
  2.6778990249806602E-02 a       298     0    15     1    18
  1.4465421426901615E-01 a       299     0    15     1    19
  2.6786212455351205E-01 a       300     0    15     1    20
  8.6244362101291094E-01 a       301     0    16     1     1
 -2.9472876874205201E-01 a       302     0    16     1     2
 -3.3027567739061398E-01 a       303     0    16     1     3
 -3.8975274074486244E-01 a       304     0    16     1     4
 -2.7228209493623545E-01 a       305     0    16     1     5
 -2.7799623615981417E-01 a       306     0    16     1     6
 -7.8768877726238695E-01 a       307     0    16     1     7
 -6.6254671624941114E-02 a       308     0    16     1     8
  2.0928467280192725E-01 a       309     0    16     1     9
  2.0488881729880355E-02 a       310     0    16     1    10
  2.0226039953729433E-01 a       311     0    16     1    11
 -1.2376922570646705E+00 a       312     0    16     1    12
  1.5552425946679069E-01 a       313     0    16     1    13
  1.6826233806940965E-02 a       314     0    16     1    14
  9.1283477645666578E-01 a       315     0    16     1    15
 -1.1432983682985602E+00 a       316     0    16     1    16
 -1.4425878116740170E+00 a       317     0    16     1    17
 -3.1501233336683115E-02 a       318     0    16     1    18
 -6.0633854134874410E-01 a       319     0    16     1    19
  6.6722173947542263E-01 a       320     0    16     1    20
 -1.0420317628683262E+00 a       321     0    17     1     1
 -2.2073327804922380E-01 a       322     0    17     1     2
 -2.8510224268135675E-01 a       323     0    17     1     3
  1.4992525535861026E-01 a       324     0    17     1     4
  5.0453051725732356E-01 a       325     0    17     1     5
  2.7213675603215426E-01 a       326     0    17     1     6
  8.6479012591426463E-01 a       327     0    17     1     7
  1.3662760639559546E-01 a       328     0    17     1     8
  1.6838026470995551E-02 a       329     0    17     1     9
  5.7849210180128607E-01 a       330     0    17     1    10
  3.1366948972324761E-02 a       331     0    17     1    11
  6.5347865297791885E-01 a       332     0    17     1    12
  1.4946481792809943E-01 a       333     0    17     1    13
 -6.4206301595135198E-02 a       334     0    17     1    14
 -3.0085944178299412E-01 a       335     0    17     1    15
  1.0995572267419704E+00 a       336     0    17     1    16
  1.4867795399904031E+00 a       337     0    17     1    17
 -5.4688548275097404E-01 a       338     0    17     1    18
  5.1596477769814209E-01 a       339     0    17     1    19
 -2.7190125157387662E-01 a       340     0    17     1    20
  2.2411114526755135E-02 a       341     0    18     1     1
  1.9140768238211892E-01 a       342     0    18     1     2
 -2.2774995171511669E-01 a       343     0    18     1     3
  3.9188030852308742E-01 a       344     0    18     1     4
  4.8269064247942467E-01 a       345     0    18     1     5
 -1.2995732045253100E-01 a       346     0    18     1     6
 -5.2137556487151536E-02 a       347     0    18     1     7
  1.5858622564039682E-02 a       348     0    18     1     8
 -5.0915339818690586E-01 a       349     0    18     1     9
 -4.9328362650100027E-01 a       350     0    18     1    10
  3.5351874904384534E-01 a       351     0    18     1    11
  3.4530809965648925E-02 a       352     0    18     1    12
 -7.1291643063843690E-01 a       353     0    18     1    13
  6.4538153469756587E-01 a       354     0    18     1    14
 -2.7581002147776096E-01 a       355     0    18     1    15
  3.6229018207209868E-01 a       356     0    18     1    16
  6.8648735489592702E-02 a       357     0    18     1    17
 -2.1654158078269697E-01 a       358     0    18     1    18
  2.3925073482465767E-02 a       359     0    18     1    19
 -5.5705084720216469E-01 a       360     0    18     1    20
  2.5783351494103801E-01 a       361     0    19     1     1
  4.9768407775521639E-01 a       362     0    19     1     2
  3.4563216042864864E-01 a       363     0    19     1     3
  3.6178803870468942E-02 a       364     0    19     1     4
 -5.8208274981964658E-01 a       365     0    19     1     5
 -1.6966490355094505E-01 a       366     0    19     1     6
  1.0402125064215174E-01 a       367     0    19     1     7
 -2.6986372495803324E-01 a       368     0    19     1     8
  4.4797233459438834E-01 a       369     0    19     1     9
  4.0823033857001467E-01 a       370     0    19     1    10
 -3.5964768811912451E-01 a       371     0    19     1    11
  4.7924065613293132E-01 a       372     0    19     1    12
  4.7431143108243268E-01 a       373     0    19     1    13
 -3.9011213636336090E-01 a       374     0    19     1    14
  4.7818064077621653E-01 a       375     0    19     1    15
 -6.3101796875196514E-01 a       376     0    19     1    16
 -1.4957295571019033E-01 a       377     0    19     1    17
  1.1197170402407604E+00 a       378     0    19     1    18
 -8.4095778166286508E-02 a       379     0    19     1    19
  4.6739217428020485E-01 a       380     0    19     1    20
 -5.1242358744242433E-02 a       381     0    20     1     1
  7.9736736147440632E-02 a       382     0    20     1     2
 -7.8436747295464820E-02 a       383     0    20     1     3
  1.2061981954341049E-01 a       384     0    20     1     4
  3.9640161969255699E-01 a       385     0    20     1     5
  1.0828303543611928E+00 a       386     0    20     1     6
  3.0997056416074881E-01 a       387     0    20     1     7
 -2.0323515478769746E-02 a       388     0    20     1     8
 -2.2241870000308603E-01 a       389     0    20     1     9
 -6.9936828551284447E-01 a       390     0    20     1    10
 -2.1459950878511969E-01 a       391     0    20     1    11
  9.6002263391278442E-01 a       392     0    20     1    12
  1.7375179587131531E-01 a       393     0    20     1    13
 -4.2933875723125070E-01 a       394     0    20     1    14
 -5.0187580997518544E-01 a       395     0    20     1    15
  3.6605197968323017E-01 a       396     0    20     1    16
  7.2374842213606216E-01 a       397     0    20     1    17
 -3.1487386660759625E-01 a       398     0    20     1    18
  4.4996170409051045E-01 a       399     0    20     1    19
 -5.9321248318777198E-01 a       400     0    20     1    20
  1.8352882694062120E-01 a       401     0    21     1     1
  2.4009390464352420E-01 a       402     0    21     1     2
  3.8524649163976010E-01 a       403     0    21     1     3
 -3.6457101668125874E-01 a       404     0    21     1     4
 -1.7510630737173372E-01 a       405     0    21     1     5
 -1.2161151566108890E-01 a       406     0    21     1     6
 -1.1910595785232851E-01 a       407     0    21     1     7
  1.5252460300522308E-01 a       408     0    21     1     8
 -3.3323201089232279E-01 a       409     0    21     1     9
 -3.1384147033813492E-01 a       410     0    21     1    10
 -8.3269377862149996E-02 a       411     0    21     1    11
 -6.6775952647499259E-01 a       412     0    21     1    12
 -4.7063064465476773E-01 a       413     0    21     1    13
  8.2912831890334191E-03 a       414     0    21     1    14
 -3.2508181563350702E-01 a       415     0    21     1    15
 -3.2207473600712405E-01 a       416     0    21     1    16
 -2.0261325113724088E-01 a       417     0    21     1    17
 -1.5703459046697299E-01 a       418     0    21     1    18
  3.9794014909665515E-01 a       419     0    21     1    19
 -4.1340540833613931E-01 a       420     0    21     1    20
 -2.9307869830518563E-01 a       421     0    22     1     1
  1.1501764215817049E-02 a       422     0    22     1     2
 -3.0753769259609731E-01 a       423     0    22     1     3
 -1.6791836547395328E-01 a       424     0    22     1     4
 -3.5319021235061959E-04 a       425     0    22     1     5
  2.7768352470302471E-01 a       426     0    22     1     6
  4.3829820491986354E-01 a       427     0    22     1     7
  6.8555034285503968E-02 a       428     0    22     1     8
  4.9324894528077406E-01 a       429     0    22     1     9
  3.7704792835685375E-01 a       430     0    22     1    10
 -8.1955823881431689E-02 a       431     0    22     1    11
 -9.1671833837005931E-02 a       432     0    22     1    12
  9.6489978384815933E-02 a       433     0    22     1    13
 -2.9484706779837300E-01 a       434     0    22     1    14
  1.1023234209980197E+00 a       435     0    22     1    15
 -9.3096223786100729E-01 a       436     0    22     1    16
 -5.6984417074916069E-02 a       437     0    22     1    17
  4.6123640025755136E-01 a       438     0    22     1    18
 -7.7506767761141723E-02 a       439     0    22     1    19
  5.5137688045975308E-01 a       440     0    22     1    20
 -5.0736579424538519E-01 a       441     0    23     1     1
 -5.7086138440328471E-01 a       442     0    23     1     2
 -3.5442064798775885E-01 a       443     0    23     1     3
  1.2045709147693365E-01 a       444     0    23     1     4
  2.3751683631893658E-02 a       445     0    23     1     5
  3.1385643531944996E-01 a       446     0    23     1     6
 -4.3765534694013682E-02 a       447     0    23     1     7
 -4.0912015933925572E-01 a       448     0    23     1     8
 -4.0104198417900527E-02 a       449     0    23     1     9
  3.0710176903294384E-01 a       450     0    23     1    10
  4.0502336847768022E-01 a       451     0    23     1    11
  3.2585681833452557E-01 a       452     0    23     1    12
 -7.5384525114487122E-02 a       453     0    23     1    13
  6.5406528873718939E-01 a       454     0    23     1    14
 -5.6204996084736902E-01 a       455     0    23     1    15
  7.4521246703371569E-01 a       456     0    23     1    16
  3.9796830809990147E-01 a       457     0    23     1    17
  1.2869794139872415E-01 a       458     0    23     1    18
  2.3999600642487223E-01 a       459     0    23     1    19
  4.1779067749527346E-02 a       460     0    23     1    20
  2.2563166781828797E-01 a       461     0    24     1     1
  1.1186904808042464E-01 a       462     0    24     1     2
 -2.2893380825146803E-01 a       463     0    24     1     3
  2.3428853172044148E-01 a       464     0    24     1     4
  4.2569742626239970E-01 a       465     0    24     1     5
  3.9172161057011060E-02 a       466     0    24     1     6
 -9.7958315380187750E-03 a       467     0    24     1     7
 -1.1230180374128452E-02 a       468     0    24     1     8
  1.2801418732263561E-01 a       469     0    24     1     9
 -1.2914890957138908E-01 a       470     0    24     1    10
  3.7514250658155751E-01 a       471     0    24     1    11
 -3.0535153741029408E-01 a       472     0    24     1    12
  2.2593396471798688E-01 a       473     0    24     1    13
  5.4032211194449599E-02 a       474     0    24     1    14
  4.2406345735773329E-02 a       475     0    24     1    15
  8.0611555404293350E-02 a       476     0    24     1    16
  1.3152526344988011E-01 a       477     0    24     1    17
 -3.9256393250537408E-01 a       478     0    24     1    18
  2.7044232522500977E-01 a       479     0    24     1    19
 -9.0205414450047178E-02 a       480     0    24     1    20
  1.7700532807828642E-01 a       481     0    25     1     1
 -1.2576429293517322E-01 a       482     0    25     1     2
 -3.2684817002100031E-01 a       483     0    25     1     3
 -9.7816161350607750E-02 a       484     0    25     1     4
  6.2435081409918458E-01 a       485     0    25     1     5
 -1.0696253513744360E-01 a       486     0    25     1     6
 -1.6737420266202296E-01 a       487     0    25     1     7
 -5.7191157716238794E-01 a       488     0    25     1     8
  6.8519162825065671E-01 a       489     0    25     1     9
 -5.8241560173434848E-01 a       490     0    25     1    10
  2.8153899978049335E-01 a       491     0    25     1    11
 -7.4587530989564985E-02 a       492     0    25     1    12
  6.3326345033185250E-01 a       493     0    25     1    13
 -3.1078120405645177E-01 a       494     0    25     1    14
 -8.3127253549674385E-01 a       495     0    25     1    15
  2.4507667175418814E-03 a       496     0    25     1    16
  2.9219393266582455E-01 a       497     0    25     1    17
 -7.2947206025608258E-01 a       498     0    25     1    18
  3.7409884192274312E-01 a       499     0    25     1    19
  2.5694856828399948E-01 a       500     0    25     1    20
 -6.5851127205701604E-02 a       501     0    26     1     1
  1.3510280770106245E-01 a       502     0    26     1     2
 -6.5685755096179022E-01 a       503     0    26     1     3
  5.1456222375568805E-01 a       504     0    26     1     4
  4.2417446623666777E-01 a       505     0    26     1     5
 -1.9097725980926145E-01 a       506     0    26     1     6
  4.8375330985417425E-01 a       507     0    26     1     7
 -6.9238752402146675E-01 a       508     0    26     1     8
 -9.4306745268830219E-02 a       509     0    26     1     9
 -1.8187926278403357E-01 a       510     0    26     1    10
  5.6627600928319788E-01 a       511     0    26     1    11
 -4.0321042050237826E-01 a       512     0    26     1    12
  1.1671779092540865E-01 a       513     0    26     1    13
  1.2316835482106192E-01 a       514     0    26     1    14
  3.1334199961551590E-01 a       515     0    26     1    15
 -6.2906454934023442E-02 a       516     0    26     1    16
  2.9305908886493470E-01 a       517     0    26     1    17
 -4.0059977745386793E-01 a       518     0    26     1    18
 -1.0613476091172308E-01 a       519     0    26     1    19
 -6.9230328974960896E-03 a       520     0    26     1    20
  1.8667341521889706E-02 a       521     0    27     1     1
  1.3314777595351797E-02 a       522     0    27     1     2
  6.8261414759225836E-01 a       523     0    27     1     3
  1.6194882150593087E-01 a       524     0    27     1     4
 -1.9509616524426118E-01 a       525     0    27     1     5
 -4.0154360031551406E-01 a       526     0    27     1     6
  7.3949892526552286E-01 a       527     0    27     1     7
 -2.7566094034436672E-01 a       528     0    27     1     8
 -9.2825482248982794E-02 a       529     0    27     1     9
  6.4624848043378325E-01 a       530     0    27     1    10
 -2.3003626103208874E-01 a       531     0    27     1    11
  2.7225084184234655E-02 a       532     0    27     1    12
 -4.0350678058601663E-01 a       533     0    27     1    13
 -1.7346349502953801E-01 a       534     0    27     1    14
  4.0107212915259771E-01 a       535     0    27     1    15
  7.8495071028246849E-03 a       536     0    27     1    16
  3.9378227442387587E-01 a       537     0    27     1    17
  4.7136570507705339E-01 a       538     0    27     1    18
  1.1063300062457905E-01 a       539     0    27     1    19
  7.9959351584466165E-01 a       540     0    27     1    20
  3.6520743417063617E-01 a       541     0    28     1     1
 -3.2435040420885561E-02 a       542     0    28     1     2
 -9.7701443431045906E-02 a       543     0    28     1     3
 -1.8074714784353059E-03 a       544     0    28     1     4
 -2.6694235550940987E-01 a       545     0    28     1     5
 -2.0211533779959617E-01 a       546     0    28     1     6
 -4.6352469371235999E-01 a       547     0    28     1     7
 -2.1659759104981827E-01 a       548     0    28     1     8
  2.7322585304009345E-01 a       549     0    28     1     9
  7.9815909610726668E-02 a       550     0    28     1    10
 -1.5380126985534705E-02 a       551     0    28     1    11
 -4.1358446839914749E-02 a       552     0    28     1    12
  5.3052279560558890E-01 a       553     0    28     1    13
 -2.0486996459839615E-01 a       554     0    28     1    14
 -2.3637313640162325E-01 a       555     0    28     1    15
  4.2747701576375130E-01 a       556     0    28     1    16
 -1.6878466191693153E-01 a       557     0    28     1    17
  1.8424943128289309E-01 a       558     0    28     1    18
  4.9061282670634095E-02 a       559     0    28     1    19
  1.5842745572082637E-01 a       560     0    28     1    20
 -6.4541045275212774E-02 a       561     0    29     1     1
  4.3962888365905900E-01 a       562     0    29     1     2
  1.1514174889392137E-01 a       563     0    29     1     3
  2.1065772209911818E-01 a       564     0    29     1     4
 -5.2746995078230330E-01 a       565     0    29     1     5
 -5.2067319779962415E-04 a       566     0    29     1     6
  6.1518948361132997E-01 a       567     0    29     1     7
 -4.7435720834547744E-02 a       568     0    29     1     8
 -2.7568710625831622E-01 a       569     0    29     1     9
 -3.3407214847568506E-01 a       570     0    29     1    10
 -2.6360741478968397E-01 a       571     0    29     1    11
  5.4153975389660702E-01 a       572     0    29     1    12
 -2.3895626182527938E-01 a       573     0    29     1    13
  7.9057568460272384E-02 a       574     0    29     1    14
  6.5037510854613190E-01 a       575     0    29     1    15
  2.5805033593323795E-01 a       576     0    29     1    16
 -3.3853208176923755E-01 a       577     0    29     1    17
  6.0583670440162152E-01 a       578     0    29     1    18
  4.0749269109946945E-01 a       579     0    29     1    19
 -2.4649669007464470E-01 a       580     0    29     1    20
 -1.8328026823401647E-01 a       581     0    30     1     1
 -3.0223630120113210E-01 a       582     0    30     1     2
 -1.1344695609713246E-01 a       583     0    30     1     3
  2.1034707164961319E-01 a       584     0    30     1     4
 -2.4408181131134285E-01 a       585     0    30     1     5
  4.3688170118430236E-03 a       586     0    30     1     6
 -5.4201610120804578E-01 a       587     0    30     1     7
 -1.9656312813201779E-01 a       588     0    30     1     8
 -6.6053472278810338E-02 a       589     0    30     1     9
 -9.8731237159990451E-02 a       590     0    30     1    10
  1.1789196419404908E-01 a       591     0    30     1    11
 -1.2415366787966516E-01 a       592     0    30     1    12
 -1.7186108409149017E-01 a       593     0    30     1    13
  3.0068877505972985E-01 a       594     0    30     1    14
  4.0240211997982617E-01 a       595     0    30     1    15
  4.1035239506929368E-02 a       596     0    30     1    16
  8.1606815553046427E-02 a       597     0    30     1    17
  1.8235451060081089E-02 a       598     0    30     1    18
 -1.6705473677382360E-02 a       599     0    30     1    19
  1.4152571605993114E-01 a       600     0    30     1    20
 -3.3407583079280290E-01 a       601     0    31     1     1
  5.5261204882894654E-02 a       602     0    31     1     2
  1.2507161118623775E-01 a       603     0    31     1     3
  3.7426690794349203E-02 a       604     0    31     1     4
  4.1638844121822666E-01 a       605     0    31     1     5
  1.3092501774055093E-01 a       606     0    31     1     6
 -7.4093983193142832E-01 a       607     0    31     1     7
 -1.6501748820593734E-01 a       608     0    31     1     8
 -8.2620902667529070E-02 a       609     0    31     1     9
 -3.4373640764164914E-01 a       610     0    31     1    10
  3.6049016164668213E-01 a       611     0    31     1    11
  2.2491113599336604E-01 a       612     0    31     1    12
  4.2008606474347843E-01 a       613     0    31     1    13
 -5.1965629494160170E-01 a       614     0    31     1    14
  3.6062784250117003E-01 a       615     0    31     1    15
 -1.7307237117431779E-01 a       616     0    31     1    16
 -2.2741799449421146E-01 a       617     0    31     1    17
 -4.5734779271236481E-01 a       618     0    31     1    18
 -3.1065471111969339E-01 a       619     0    31     1    19
  1.0214063964152363E-01 a       620     0    31     1    20
 -2.8066319540486445E-01 a       621     0    32     1     1
 -1.1180726608111383E-01 a       622     0    32     1     2
  8.5286309845771374E-02 a       623     0    32     1     3
 -6.6780224464517299E-02 a       624     0    32     1     4
 -1.2651303697472630E-01 a       625     0    32     1     5
 -6.7390046082220934E-01 a       626     0    32     1     6
  4.5500405488390239E-02 a       627     0    32     1     7
  4.2333732813513197E-01 a       628     0    32     1     8
 -4.4557663272710951E-01 a       629     0    32     1     9
 -3.1356555637540323E-01 a       630     0    32     1    10
 -1.1442947869704927E-01 a       631     0    32     1    11
  7.6994426107306460E-02 a       632     0    32     1    12
 -3.3333817344509581E-01 a       633     0    32     1    13
 -1.6585810050799879E-01 a       634     0    32     1    14
  5.0153923776200648E-01 a       635     0    32     1    15
  2.2519816454446570E-01 a       636     0    32     1    16
  8.3037144317590350E-02 a       637     0    32     1    17
 -3.7319693144735799E-01 a       638     0    32     1    18
 -2.5876198838574965E-01 a       639     0    32     1    19
  7.5211878535744306E-02 a       640     0    32     1    20
  2.0215770214387005E-01 a       641     0    33     1     1
 -1.7305365882833926E-01 a       642     0    33     1     2
  2.2319838487705726E-01 a       643     0    33     1     3
 -5.0629425507770343E-01 a       644     0    33     1     4
 -1.3453305483732678E-01 a       645     0    33     1     5
 -7.2742205235535345E-02 a       646     0    33     1     6
  4.2037020984786067E-01 a       647     0    33     1     7
  7.4508829381704181E-02 a       648     0    33     1     8
 -3.7056311762681010E-01 a       649     0    33     1     9
  4.5416136914299632E-01 a       650     0    33     1    10
 -3.1593481356099540E-01 a       651     0    33     1    11
 -3.8539667796424554E-01 a       652     0    33     1    12
 -1.0688874270809298E-01 a       653     0    33     1    13
  4.4317433022741742E-01 a       654     0    33     1    14
  4.9494984252223241E-02 a       655     0    33     1    15
 -6.9229220890681398E-01 a       656     0    33     1    16
 -8.3554877905570291E-01 a       657     0    33     1    17
  1.8784060816389750E-01 a       658     0    33     1    18
 -3.2135933526079763E-01 a       659     0    33     1    19
  7.7734402434389560E-03 a       660     0    33     1    20
 -1.1669150567470991E-01 a       661     0    34     1     1
 -1.2925339523526109E-02 a       662     0    34     1     2
  1.7458258139921373E-01 a       663     0    34     1     3
 -1.6935218498940190E-02 a       664     0    34     1     4
  2.0696646942746197E-01 a       665     0    34     1     5
 -8.4193615020810764E-01 a       666     0    34     1     6
 -1.2794369887647089E-01 a       667     0    34     1     7
  2.9422219179868608E-01 a       668     0    34     1     8
  1.0965951441352624E-02 a       669     0    34     1     9
 -3.7955200613980883E-01 a       670     0    34     1    10
 -1.7057373608815918E-01 a       671     0    34     1    11
 -3.3531440977893190E-01 a       672     0    34     1    12
 -7.7085525868298699E-02 a       673     0    34     1    13
  1.3527884287633257E-01 a       674     0    34     1    14
 -2.1450879973201176E-01 a       675     0    34     1    15
  2.2607230062200126E-01 a       676     0    34     1    16
 -4.3005284948610611E-01 a       677     0    34     1    17
  5.1180721461705958E-01 a       678     0    34     1    18
  1.3237884767195562E-01 a       679     0    34     1    19
  6.1864333011964312E-02 a       680     0    34     1    20
 -5.0298455053276880E-01 a       681     0    35     1     1
  3.5581833220658499E-01 a       682     0    35     1     2
  6.0094924894871282E-01 a       683     0    35     1     3
 -6.5006347058830860E-01 a       684     0    35     1     4
 -1.4868635552830303E-01 a       685     0    35     1     5
  4.4317739238293302E-01 a       686     0    35     1     6
  3.0681857691849046E-01 a       687     0    35     1     7
 -8.0357857569390045E-01 a       688     0    35     1     8
  4.3335924335339643E-01 a       689     0    35     1     9
 -8.9702600862926626E-02 a       690     0    35     1    10
 -3.4447378393257749E-01 a       691     0    35     1    11
 -3.3357444687387897E-02 a       692     0    35     1    12
 -5.1304076360443818E-01 a       693     0    35     1    13
  8.1644782961976248E-01 a       694     0    35     1    14
 -3.2194940497199181E-01 a       695     0    35     1    15
  3.1770665164117406E-01 a       696     0    35     1    16
  2.7574462479030132E-01 a       697     0    35     1    17
 -4.6395762379917910E-01 a       698     0    35     1    18
 -1.1531858847883034E+00 a       699     0    35     1    19
 -1.0295509810525544E-01 a       700     0    35     1    20
 -8.9635602177805765E-02 a       701     0    36     1     1
 -2.5537651816030765E-01 a       702     0    36     1     2
  3.6878259889677939E-01 a       703     0    36     1     3
 -9.0586966430306129E-02 a       704     0    36     1     4
 -1.0245911478063514E+00 a       705     0    36     1     5
  1.3675851587770041E-01 a       706     0    36     1     6
  6.0566634425590626E-01 a       707     0    36     1     7
 -2.8549221266000857E-01 a       708     0    36     1     8
  5.3075728164494607E-01 a       709     0    36     1     9
  2.0705803443024481E-01 a       710     0    36     1    10
 -8.4482099038611376E-04 a       711     0    36     1    11
  4.9110577674081185E-01 a       712     0    36     1    12
  3.2253431964386964E-01 a       713     0    36     1    13
 -6.1303574208994627E-01 a       714     0    36     1    14
 -1.2983081847162678E-01 a       715     0    36     1    15
  5.2592324840518095E-02 a       716     0    36     1    16
  2.8636411567067693E-01 a       717     0    36     1    17
 -4.5325710133019781E-01 a       718     0    36     1    18
 -3.9655347774835009E-01 a       719     0    36     1    19
  3.8278342471196708E-01 a       720     0    36     1    20
  1.1612387139374709E-01 a       721     0    37     1     1
 -2.2348940181736249E-01 a       722     0    37     1     2
 -4.4289421914730992E-01 a       723     0    37     1     3
 -9.5201039691970683E-03 a       724     0    37     1     4
  1.0696567861131000E-01 a       725     0    37     1     5
  3.3377192146100426E-01 a       726     0    37     1     6
  4.4823257211189860E-01 a       727     0    37     1     7
 -3.3242352153163102E-01 a       728     0    37     1     8
  5.2636017618396050E-02 a       729     0    37     1     9
  2.7557948583631764E-01 a       730     0    37     1    10
 -4.4910584570824708E-01 a       731     0    37     1    11
  3.2381154565665082E-01 a       732     0    37     1    12
  2.7516737657957924E-01 a       733     0    37     1    13
  4.0128446366946313E-01 a       734     0    37     1    14
 -7.9437304192934011E-01 a       735     0    37     1    15
  4.2172009361106966E-01 a       736     0    37     1    16
  5.1104907303357594E-01 a       737     0    37     1    17
 -2.8176754634452594E-01 a       738     0    37     1    18
 -1.2810716852501926E-02 a       739     0    37     1    19
 -4.5008659408175689E-01 a       740     0    37     1    20
 -2.3145225241864692E-01 a       741     0    38     1     1
  2.1530674907177560E-01 a       742     0    38     1     2
 -1.9131275477360479E-01 a       743     0    38     1     3
  1.2061721068250721E-01 a       744     0    38     1     4
  9.0893224658613159E-02 a       745     0    38     1     5
  3.8524390345903969E-01 a       746     0    38     1     6
 -9.5655431148398551E-01 a       747     0    38     1     7
 -1.2538271805232171E-01 a       748     0    38     1     8
 -1.5445835777276828E-01 a       749     0    38     1     9
 -3.5376539439278926E-01 a       750     0    38     1    10
  2.2045319674008627E-02 a       751     0    38     1    11
 -1.4419843813808711E-01 a       752     0    38     1    12
  4.0706986559689640E-01 a       753     0    38     1    13
 -4.3395615609258265E-01 a       754     0    38     1    14
  6.0768802269316202E-01 a       755     0    38     1    15
 -1.4591367238290898E-01 a       756     0    38     1    16
 -1.7092789517635096E-01 a       757     0    38     1    17
 -1.0404209593302907E-01 a       758     0    38     1    18
  2.4643452077305780E-01 a       759     0    38     1    19
  4.7989108737227795E-02 a       760     0    38     1    20
 -2.6639943847094710E-01 a       761     0    39     1     1
  3.7157895036074023E-01 a       762     0    39     1     2
 -5.8113856753685045E-01 a       763     0    39     1     3
  2.3288105776671583E-01 a       764     0    39     1     4
  6.0032393356134695E-02 a       765     0    39     1     5
  7.0232784003808313E-01 a       766     0    39     1     6
 -1.7841920483311732E-01 a       767     0    39     1     7
 -5.5824929979945169E-02 a       768     0    39     1     8
 -2.4740203343694703E-01 a       769     0    39     1     9
  9.5901121011639029E-02 a       770     0    39     1    10
 -3.5514348338638252E-01 a       771     0    39     1    11
  2.4811600300193440E-01 a       772     0    39     1    12
 -3.6454401663468894E-01 a       773     0    39     1    13
  8.5954437181246152E-02 a       774     0    39     1    14
 -4.5366764711669105E-01 a       775     0    39     1    15
  2.4081959997883468E-01 a       776     0    39     1    16
  1.5656813669045064E-01 a       777     0    39     1    17
 -2.1174696567053011E-01 a       778     0    39     1    18
 -2.0719349993140804E-02 a       779     0    39     1    19
 -8.3426857685550804E-02 a       780     0    39     1    20
 -5.4994109613278087E-02 a       781     0    40     1     1
 -8.1095356556058172E-03 a       782     0    40     1     2
  2.5905019369063093E-01 a       783     0    40     1     3
  2.1546303988794038E-01 a       784     0    40     1     4
  4.8482262837036838E-01 a       785     0    40     1     5
  3.0564110318772608E-01 a       786     0    40     1     6
  1.0302630692549498E-01 a       787     0    40     1     7
  8.2684094235650296E-01 a       788     0    40     1     8
 -3.9940311741347434E-01 a       789     0    40     1     9
  3.2942581222729628E-01 a       790     0    40     1    10
  3.5168859942461655E-01 a       791     0    40     1    11
 -3.0649081542468054E-01 a       792     0    40     1    12
 -4.8530697617457902E-01 a       793     0    40     1    13
 -1.8267560725686519E-01 a       794     0    40     1    14
  1.8963567076791604E-01 a       795     0    40     1    15
  8.3233487765686065E-02 a       796     0    40     1    16
 -1.7999964900321730E-01 a       797     0    40     1    17
  4.4251071994664648E-01 a       798     0    40     1    18
  3.2877897015772678E-01 a       799     0    40     1    19
 -3.2240242877115011E-01 a       800     0    40     1    20
  1.1114555038562461E-01 a       801     0    41     1     1
 -1.5174869504229146E-01 a       802     0    41     1     2
  1.0990135739278968E-02 a       803     0    41     1     3
  1.5817541340009528E-01 a       804     0    41     1     4
  2.6632399165560955E-02 a       805     0    41     1     5
  1.8882729317119155E-02 a       806     0    41     1     6
  3.2265070479118213E-01 a       807     0    41     1     7
 -1.7061394752409170E-01 a       808     0    41     1     8
  2.1244499745458928E-01 a       809     0    41     1     9
  3.0351379796538364E-02 a       810     0    41     1    10
  7.4125906149859130E-03 a       811     0    41     1    11
  2.7884451186394227E-01 a       812     0    41     1    12
  1.4136543589865477E-01 a       813     0    41     1    13
 -2.4797167234898551E-01 a       814     0    41     1    14
 -2.3669995229206378E-01 a       815     0    41     1    15
 -7.6568790543086296E-02 a       816     0    41     1    16
  2.5085700686025597E-01 a       817     0    41     1    17
  7.6172344771501272E-03 a       818     0    41     1    18
  1.7278229453663152E-01 a       819     0    41     1    19
 -2.3213807192065988E-01 a       820     0    41     1    20
  1.6654211769747360E-01 a       821     0    42     1     1
 -1.2208049836087503E-01 a       822     0    42     1     2
 -1.5531859537547207E-01 a       823     0    42     1     3
  3.4403813692486795E-02 a       824     0    42     1     4
  1.1994337210555987E-03 a       825     0    42     1     5
  1.3954936814060351E-01 a       826     0    42     1     6
  4.7941385081098235E-02 a       827     0    42     1     7
 -6.8692036692013167E-02 a       828     0    42     1     8
  3.6942559205808876E-03 a       829     0    42     1     9
  1.6262597406883303E-01 a       830     0    42     1    10
  6.8866377945948187E-02 a       831     0    42     1    11
  7.8075703474172947E-02 a       832     0    42     1    12
  6.0034042811304762E-02 a       833     0    42     1    13
  2.5699465658403961E-02 a       834     0    42     1    14
 -3.2548298612579085E-01 a       835     0    42     1    15
 -1.6021456895141820E-03 a       836     0    42     1    16
  9.2678081134072499E-02 a       837     0    42     1    17
 -2.7302532487931654E-02 a       838     0    42     1    18
  2.5326095930523712E-01 a       839     0    42     1    19
  2.4551013295537249E-03 a       840     0    42     1    20
 -1.1826215371589904E-01 a       841     0    43     1     1
  2.7265979819536679E-01 a       842     0    43     1     2
  5.1082366785319085E-02 a       843     0    43     1     3
  1.3640077296417000E-01 a       844     0    43     1     4
  2.3765279190754097E-02 a       845     0    43     1     5
 -1.9809914780851809E-01 a       846     0    43     1     6
  4.5846057071223981E-02 a       847     0    43     1     7
 -8.0836338902457019E-02 a       848     0    43     1     8
  2.2340189495231511E-01 a       849     0    43     1     9
  1.3234356816548290E-01 a       850     0    43     1    10
 -3.5351349912728182E-02 a       851     0    43     1    11
 -6.0043797291962610E-02 a       852     0    43     1    12
  2.6274402137401252E-02 a       853     0    43     1    13
 -6.9014225381153163E-02 a       854     0    43     1    14
 -4.7248315656820024E-04 a       855     0    43     1    15
  1.0476564414457780E-02 a       856     0    43     1    16
  2.0317169691476467E-01 a       857     0    43     1    17
 -6.6949630852278175E-02 a       858     0    43     1    18
  7.4447990662895383E-02 a       859     0    43     1    19
  5.6028965093774391E-02 a       860     0    43     1    20
 -3.7500281602578478E-01 a       861     0    44     1     1
 -2.9441050526207668E-01 a       862     0    44     1     2
  1.9508770535091408E-01 a       863     0    44     1     3
 -2.6590162328063268E-02 a       864     0    44     1     4
 -1.3115940686312477E-01 a       865     0    44     1     5
 -2.0222410287668235E-01 a       866     0    44     1     6
 -3.3495197005225524E-01 a       867     0    44     1     7
  2.5512175892275180E-01 a       868     0    44     1     8
 -2.3242970586005315E-01 a       869     0    44     1     9
 -1.7025342805537333E-01 a       870     0    44     1    10
  1.2314160045339296E-02 a       871     0    44     1    11
 -1.3650370071398626E-01 a       872     0    44     1    12
 -2.5246387465039033E-01 a       873     0    44     1    13
  2.7530626999225005E-01 a       874     0    44     1    14
  4.6344863438866590E-01 a       875     0    44     1    15
  2.6625936688488616E-01 a       876     0    44     1    16
 -4.7755052378025159E-01 a       877     0    44     1    17
  1.1433167601124791E-01 a       878     0    44     1    18
 -6.8276998024917512E-01 a       879     0    44     1    19
  2.0652555734052766E-01 a       880     0    44     1    20
  8.6374206908107387E-01 a       881     0    45     1     1
  1.3168436321185631E-01 a       882     0    45     1     2
 -1.5782824212541600E-02 a       883     0    45     1     3
  3.6756926450532879E-01 a       884     0    45     1     4
  2.7497922860454699E-01 a       885     0    45     1     5
 -5.4809836147460744E-01 a       886     0    45     1     6
 -2.8616370525131274E-01 a       887     0    45     1     7
  3.7479820386251866E-01 a       888     0    45     1     8
 -3.7271242001908977E-01 a       889     0    45     1     9
 -3.1161952967442458E-01 a       890     0    45     1    10
  2.9227091031039004E-01 a       891     0    45     1    11
 -4.2120125920942691E-01 a       892     0    45     1    12
  2.6244703391377838E-01 a       893     0    45     1    13
  7.2329981488227235E-01 a       894     0    45     1    14
 -5.8653186535933766E-01 a       895     0    45     1    15
 -1.5596170675727353E-01 a       896     0    45     1    16
 -3.5161009818224642E-01 a       897     0    45     1    17
 -2.4904637851233241E-01 a       898     0    45     1    18
  1.3962057476067938E-02 a       899     0    45     1    19
 -1.4259226144130283E-01 a       900     0    45     1    20
 -3.6237087783112459E-01 a       901     0    46     1     1
 -6.1499141501519403E-02 a       902     0    46     1     2
  7.1022007814562763E-02 a       903     0    46     1     3
 -4.1575269669969397E-02 a       904     0    46     1     4
  3.0673307496611912E-01 a       905     0    46     1     5
  4.1515402152133324E-01 a       906     0    46     1     6
 -5.1859803209185806E-01 a       907     0    46     1     7
 -2.5327437963798949E-01 a       908     0    46     1     8
 -5.7241934300778362E-02 a       909     0    46     1     9
 -6.2893665039564062E-02 a       910     0    46     1    10
 -2.5649836964982157E-03 a       911     0    46     1    11
  1.8846759376231325E-02 a       912     0    46     1    12
 -1.0337339014522157E-01 a       913     0    46     1    13
  2.4751151477684630E-01 a       914     0    46     1    14
  8.2139935737345815E-01 a       915     0    46     1    15
 -8.2977080065124065E-01 a       916     0    46     1    16
 -7.1652607604222207E-01 a       917     0    46     1    17
  2.9471782476608543E-01 a       918     0    46     1    18
  4.1825319969007825E-02 a       919     0    46     1    19
 -3.3224074542873011E-01 a       920     0    46     1    20
  1.6165186784953811E-01 a       921     0    47     1     1
  1.2050561972415037E-01 a       922     0    47     1     2
  3.4130308413718879E-01 a       923     0    47     1     3
 -7.8416430655351022E-01 a       924     0    47     1     4
 -2.8697351251761288E-01 a       925     0    47     1     5
 -5.2941263904208602E-01 a       926     0    47     1     6
 -2.4311274387366175E-01 a       927     0    47     1     7
 -3.7611965621080634E-01 a       928     0    47     1     8
 -4.1034934136805902E-02 a       929     0    47     1     9
  4.9281908571366495E-02 a       930     0    47     1    10
 -1.5014298835582063E-01 a       931     0    47     1    11
 -8.9551309817417032E-02 a       932     0    47     1    12
  9.6466822553961093E-02 a       933     0    47     1    13
  3.2811414051212802E-02 a       934     0    47     1    14
  4.3432753811978392E-01 a       935     0    47     1    15
  2.8750132923164629E-01 a       936     0    47     1    16
 -2.6594080848162265E-02 a       937     0    47     1    17
 -2.9984599084896141E-01 a       938     0    47     1    18
 -1.0636368753353134E-01 a       939     0    47     1    19
  5.0200672681844893E-01 a       940     0    47     1    20
  1.3789342777824129E-01 a       941     0    48     1     1
 -8.9716943199636703E-02 a       942     0    48     1     2
  3.7118757158791468E-02 a       943     0    48     1     3
 -1.0147600222589492E-02 a       944     0    48     1     4
  3.7666259456503669E-02 a       945     0    48     1     5
  9.5083612370166527E-03 a       946     0    48     1     6
  1.6114692199042185E-01 a       947     0    48     1     7
  2.2276933684460637E-01 a       948     0    48     1     8
  1.4357677748740327E-01 a       949     0    48     1     9
 -2.2031189820170605E-01 a       950     0    48     1    10
 -1.9802575945548956E-01 a       951     0    48     1    11
  2.0200626367053373E-01 a       952     0    48     1    12
 -1.6743840210051122E-01 a       953     0    48     1    13
 -3.6779626732556625E-01 a       954     0    48     1    14
 -2.8955147617037391E-01 a       955     0    48     1    15
 -9.9636226501678998E-02 a       956     0    48     1    16
 -6.4374329681428408E-02 a       957     0    48     1    17
 -7.7563891238435184E-02 a       958     0    48     1    18
 -2.5426912757474074E-01 a       959     0    48     1    19
  2.4308050530198722E-01 a       960     0    48     1    20
 -4.4924985122556632E-01 a       961     0    49     1     1
  1.1670973086896633E-01 a       962     0    49     1     2
  3.7216630857562483E-01 a       963     0    49     1     3
 -8.4171572897867405E-02 a       964     0    49     1     4
  3.1034743962698552E-01 a       965     0    49     1     5
  2.2906815780348567E-03 a       966     0    49     1     6
  1.2798041218271530E+00 a       967     0    49     1     7
  8.6047529740028239E-01 a       968     0    49     1     8
  1.4964566454405573E-01 a       969     0    49     1     9
 -4.8357726713547898E-02 a       970     0    49     1    10
 -2.7542691131389191E-01 a       971     0    49     1    11
  3.7665918457922359E-01 a       972     0    49     1    12
 -1.2654429459158592E+00 a       973     0    49     1    13
  2.7723523597892147E-01 a       974     0    49     1    14
 -1.0546186141788914E+00 a       975     0    49     1    15
  1.4557206751212972E+00 a       976     0    49     1    16
  1.3374086489161436E+00 a       977     0    49     1    17
  1.1241164839899738E+00 a       978     0    49     1    18
  4.2854649988977384E-01 a       979     0    49     1    19
 -3.2206796259768822E-01 a       980     0    49     1    20
  6.7979311145683385E-01 a       981     0    50     1     1
 -2.0071825368658289E-01 a       982     0    50     1     2
  1.4290960761081239E-01 a       983     0    50     1     3
  3.1205611956333057E-01 a       984     0    50     1     4
 -5.0946339668547391E-01 a       985     0    50     1     5
 -1.3494532090248029E-01 a       986     0    50     1     6
 -1.4304906734331919E+00 a       987     0    50     1     7
 -1.3441529473756930E-01 a       988     0    50     1     8
  2.5384448970666018E-01 a       989     0    50     1     9
  1.4154110944800700E-02 a       990     0    50     1    10
  8.1851003446617465E-01 a       991     0    50     1    11
 -7.8381503547840314E-01 a       992     0    50     1    12
  1.2743370629879225E+00 a       993     0    50     1    13
 -9.0106893551082345E-01 a       994     0    50     1    14
  1.0887765802919798E+00 a       995     0    50     1    15
 -1.6664096185309853E+00 a       996     0    50     1    16
 -1.3849985447379833E+00 a       997     0    50     1    17
  6.8926452528816828E-01 a       998     0    50     1    18
  6.3759612165625379E-01 a       999     0    50     1    19
 -9.0061968523306751E-02 a      1000     0    50     1    20
  2.3274190141641493E-01 a      1001     0    51     1     1
 -1.2869310914620233E-01 a      1002     0    51     1     2
 -1.3264168090928261E-01 a      1003     0    51     1     3
 -4.3708430215774474E-02 a      1004     0    51     1     4
 -1.4441838912340788E-01 a      1005     0    51     1     5
  1.5150318783142241E-01 a      1006     0    51     1     6
  2.1547880881540335E-01 a      1007     0    51     1     7
  2.2233321340934625E-01 a      1008     0    51     1     8
 -1.5410447303924626E-01 a      1009     0    51     1     9
  2.1502612161167006E-01 a      1010     0    51     1    10
 -1.2312360052498260E-01 a      1011     0    51     1    11
  1.9384767226093941E-01 a      1012     0    51     1    12
 -1.2820303249931267E-01 a      1013     0    51     1    13
 -1.9847982098207165E-02 a      1014     0    51     1    14
 -2.6042550673749165E-01 a      1015     0    51     1    15
 -2.5235150449290901E-02 a      1016     0    51     1    16
  1.5895686549869603E-01 a      1017     0    51     1    17
 -1.1950088840308019E-01 a      1018     0    51     1    18
  1.3918209030493267E-01 a      1019     0    51     1    19
  5.8979414271954189E-02 a      1020     0    51     1    20
 -7.9736105076189734E-01 b      1021     1     1
 -1.1807464615354657E+00 b      1022     1     2
 -1.0442769420168891E+00 b      1023     1     3
 -1.2497719028237175E+00 b      1024     1     4
  3.1427165809089008E-01 b      1025     1     5
 -7.8842545049373747E-01 b      1026     1     6
  1.3556229710791476E+00 b      1027     1     7
 -8.1587905428446417E-01 b      1028     1     8
 -1.1746510492639269E-01 b      1029     1     9
  1.5593096133169420E+00 b      1030     1    10
  9.3356118745056449E-01 b      1031     1    11
  7.9857924935736369E-01 b      1032     1    12
 -6.7309536129283964E-01 b      1033     1    13
 -1.0941822240497929E+00 b      1034     1    14
  9.0979352601516383E-01 b      1035     1    15
 -1.9521715155238906E-01 b      1036     1    16
  9.1321700481184681E-02 b      1037     1    17
 -1.0527339417681875E-01 b      1038     1    18
  1.0285354616263165E+00 b      1039     1    19
 -6.2265553504025639E-01 b      1040     1    20
  2.6338660736893699E-01 a      1041     1     1     2     1
 -5.5174092260160612E-01 a      1042     1     1     2     2
  5.3799702318253284E-01 a      1043     1     1     2     3
 -9.9236807108160130E-01 a      1044     1     1     2     4
 -4.4036139684155112E-01 a      1045     1     1     2     5
  2.6671433734935290E-01 a      1046     1     1     2     6
  1.9669229782899900E-01 a      1047     1     1     2     7
  2.1699536680140641E-01 a      1048     1     1     2     8
  2.8238604769507047E-01 a      1049     1     1     2     9
 -9.3839178387654584E-02 a      1050     1     1     2    10
 -1.6995863114411908E-01 a      1051     1     1     2    11
 -6.9095954057557230E-01 a      1052     1     1     2    12
 -3.0552227540251614E-01 a      1053     1     1     2    13
  3.0473385423807198E-01 a      1054     1     1     2    14
 -4.9011901746019826E-01 a      1055     1     1     2    15
 -4.7403610354044884E-01 a      1056     1     1     2    16
 -2.7772582448866734E-01 a      1057     1     1     2    17
 -3.8048207948283247E-01 a      1058     1     1     2    18
  5.3770837656386239E-01 a      1059     1     1     2    19
  6.1778574840314193E-01 a      1060     1     1     2    20
 -3.7112659885945459E-01 a      1061     1     2     2     1
 -6.3294673602712603E-01 a      1062     1     2     2     2
  6.9210567347276386E-01 a      1063     1     2     2     3
 -2.0589473013537457E-01 a      1064     1     2     2     4
 -6.5788963488696062E-01 a      1065     1     2     2     5
  2.8186891218185112E-01 a      1066     1     2     2     6
  3.5768297148263162E-01 a      1067     1     2     2     7
 -6.2535437694280305E-01 a      1068     1     2     2     8
  3.5104818533668375E-01 a      1069     1     2     2     9
  8.6145636400972531E-02 a      1070     1     2     2    10
 -2.2385499168661852E-01 a      1071     1     2     2    11
 -6.6418042859897586E-01 a      1072     1     2     2    12
 -4.7537386403455416E-02 a      1073     1     2     2    13
  3.3984779042869989E-01 a      1074     1     2     2    14
 -4.3619754909148833E-01 a      1075     1     2     2    15
 -4.0337694252398076E-01 a      1076     1     2     2    16
 -1.1223061114366155E-01 a      1077     1     2     2    17
 -5.2327086376410348E-01 a      1078     1     2     2    18
  2.8568719972838363E-01 a      1079     1     2     2    19
  7.1229941584826195E-01 a      1080     1     2     2    20
  2.6460055338851918E-01 a      1081     1     3     2     1
 -1.2639022960710575E-01 a      1082     1     3     2     2
 -4.8499999919062176E-01 a      1083     1     3     2     3
  8.3929817372454418E-02 a      1084     1     3     2     4
 -5.1637987263157070E-01 a      1085     1     3     2     5
 -2.2387281096293349E-01 a      1086     1     3     2     6
 -5.2071318065015215E-01 a      1087     1     3     2     7
 -5.4796292829370707E-01 a      1088     1     3     2     8
  7.2079920992874413E-02 a      1089     1     3     2     9
  7.8054663015783088E-01 a      1090     1     3     2    10
  1.4938404556393683E-01 a      1091     1     3     2    11
 -5.7965568836034509E-01 a      1092     1     3     2    12
 -3.5037652552785581E-01 a      1093     1     3     2    13
 -9.0621208611271198E-01 a      1094     1     3     2    14
  3.7954216616293607E-01 a      1095     1     3     2    15
 -3.1634885691788117E-01 a      1096     1     3     2    16
  2.5259679095125370E-01 a      1097     1     3     2    17
  8.7728167497190501E-01 a      1098     1     3     2    18
 -6.3742049200942141E-01 a      1099     1     3     2    19
  5.4428932464606217E-01 a      1100     1     3     2    20
 -1.7187640416054104E-01 a      1101     1     4     2     1
 -6.7940631844694843E-01 a      1102     1     4     2     2
 -3.0956112145513875E-01 a      1103     1     4     2     3
 -4.0756115216646416E-01 a      1104     1     4     2     4
 -6.6549855863933294E-01 a      1105     1     4     2     5
 -3.5649595625880043E-01 a      1106     1     4     2     6
 -3.8697686150012717E-01 a      1107     1     4     2     7
 -3.4355205800398170E-01 a      1108     1     4     2     8
 -9.3356508121110460E-01 a      1109     1     4     2     9
  5.9938972109063116E-01 a      1110     1     4     2    10
 -5.6776681171255705E-01 a      1111     1     4     2    11
  5.4886577961241523E-01 a      1112     1     4     2    12
  4.2394203766813815E-01 a      1113     1     4     2    13
  2.3436684238533653E-01 a      1114     1     4     2    14
 -6.9844929544522738E-01 a      1115     1     4     2    15
 -5.6303843376612905E-01 a      1116     1     4     2    16
 -3.1686604296056392E-01 a      1117     1     4     2    17
  2.2966240992749928E-01 a      1118     1     4     2    18
 -6.5896692604691354E-01 a      1119     1     4     2    19
 -5.6637498974335877E-02 a      1120     1     4     2    20
  4.1816304085378436E-01 a      1121     1     5     2     1
 -7.6965638858418250E-01 a      1122     1     5     2     2
 -1.3608979335037502E-01 a      1123     1     5     2     3
  7.9944967385231891E-01 a      1124     1     5     2     4
  1.7444436565841898E-01 a      1125     1     5     2     5
  4.6436118780408459E-01 a      1126     1     5     2     6
 -4.7610579977971546E-01 a      1127     1     5     2     7
  4.0393385486219638E-02 a      1128     1     5     2     8
  1.5741028171710603E-01 a      1129     1     5     2     9
 -3.4739519904494981E-01 a      1130     1     5     2    10
  5.2847897762293550E-01 a      1131     1     5     2    11
 -3.1819488978454946E-01 a      1132     1     5     2    12
 -1.8699898741301701E-01 a      1133     1     5     2    13
 -2.5646072590074781E-01 a      1134     1     5     2    14
  2.5735460330794907E-01 a      1135     1     5     2    15
  6.6858621112077121E-01 a      1136     1     5     2    16
 -1.3364489171320765E-01 a      1137     1     5     2    17
 -2.1871156586628851E-01 a      1138     1     5     2    18
 -6.7468329341051814E-01 a      1139     1     5     2    19
 -2.7951871145258298E-02 a      1140     1     5     2    20
 -3.6419414699129204E-01 a      1141     1     6     2     1
  5.0507543145809852E-01 a      1142     1     6     2     2
 -6.3271804224969849E-02 a      1143     1     6     2     3
 -5.4749237162723252E-01 a      1144     1     6     2     4
  1.2638414000261772E-01 a      1145     1     6     2     5
  3.0035724787537360E-01 a      1146     1     6     2     6
  2.8284327317005736E-01 a      1147     1     6     2     7
 -1.0042356623648895E-02 a      1148     1     6     2     8
  1.9208011093117452E-01 a      1149     1     6     2     9
 -2.9012933545116892E-01 a      1150     1     6     2    10
  1.4184327866490137E-01 a      1151     1     6     2    11
  1.7248732995518590E-01 a      1152     1     6     2    12
  3.3194794024216229E-01 a      1153     1     6     2    13
 -3.4277547208294801E-01 a      1154     1     6     2    14
 -3.6945372183474146E-01 a      1155     1     6     2    15
  9.6700020097933692E-01 a      1156     1     6     2    16
  3.9364208447499316E-01 a      1157     1     6     2    17
 -1.7047221054155107E-01 a      1158     1     6     2    18
  2.6790821769472234E-01 a      1159     1     6     2    19
 -4.7362397477945301E-01 a      1160     1     6     2    20
  1.6985305880826959E-01 a      1161     1     7     2     1
 -3.3413844036237983E-01 a      1162     1     7     2     2
  1.3149471495802836E-01 a      1163     1     7     2     3
 -2.3129037244435063E-01 a      1164     1     7     2     4
  4.6505287211382995E-01 a      1165     1     7     2     5
 -5.4040620018165531E-01 a      1166     1     7     2     6
 -4.0036653473962325E-01 a      1167     1     7     2     7
  3.6555054356619587E-01 a      1168     1     7     2     8
  5.6587114947904760E-01 a      1169     1     7     2     9
  7.6585713307635139E-01 a      1170     1     7     2    10
 -5.0324374567212427E-01 a      1171     1     7     2    11
  7.9083047977619969E-01 a      1172     1     7     2    12
  2.8041051865238259E-01 a      1173     1     7     2    13
 -5.7560540917814562E-01 a      1174     1     7     2    14
  6.2796233363684906E-01 a      1175     1     7     2    15
 -4.3669844978478645E-01 a      1176     1     7     2    16
  3.6637561143295649E-01 a      1177     1     7     2    17
  6.7912666244432165E-02 a      1178     1     7     2    18
  1.0642558321114735E+00 a      1179     1     7     2    19
  5.8665195513875357E-01 a      1180     1     7     2    20
  2.7851990138781513E-01 a      1181     1     8     2     1
 -2.0920346164385803E-01 a      1182     1     8     2     2
 -7.0255249479164394E-01 a      1183     1     8     2     3
  2.6474575885563692E-02 a      1184     1     8     2     4
 -2.9100633525336156E-01 a      1185     1     8     2     5
  9.0674472497787248E-02 a      1186     1     8     2     6
 -4.4991965233765907E-01 a      1187     1     8     2     7
  3.2573714303415774E-01 a      1188     1     8     2     8
  4.7717526261516391E-01 a      1189     1     8     2     9
  3.0189396701857590E-01 a      1190     1     8     2    10
  2.1632432537519403E-01 a      1191     1     8     2    11
  2.4316090731869505E-01 a      1192     1     8     2    12
 -5.6642242964701384E-01 a      1193     1     8     2    13
 -1.5307180415536908E-01 a      1194     1     8     2    14
 -4.2910667167436178E-01 a      1195     1     8     2    15
  8.0268882412701151E-02 a      1196     1     8     2    16
  5.0201440159556465E-01 a      1197     1     8     2    17
 -2.3304057495291078E-01 a      1198     1     8     2    18
 -6.9997869590556372E-01 a      1199     1     8     2    19
 -1.1289713320951207E-01 a      1200     1     8     2    20
  2.9292163118784420E-01 a      1201     1     9     2     1
  1.8713088494657054E-01 a      1202     1     9     2     2
  2.8933846932890728E-01 a      1203     1     9     2     3
 -2.8875492955327325E-01 a      1204     1     9     2     4
  4.0138091288055885E-02 a      1205     1     9     2     5
  1.0637363299993963E-01 a      1206     1     9     2     6
  1.0646781510323251E+00 a      1207     1     9     2     7
  1.2233600623386250E-01 a      1208     1     9     2     8
  6.3755707790612837E-01 a      1209     1     9     2     9
  6.9551117827030814E-02 a      1210     1     9     2    10
 -2.2025057966733733E-01 a      1211     1     9     2    11
 -7.2045425509921279E-01 a      1212     1     9     2    12
 -3.9114996485041525E-01 a      1213     1     9     2    13
 -1.5343976051201827E-01 a      1214     1     9     2    14
 -7.6126178702406400E-02 a      1215     1     9     2    15
  4.6233978683895879E-02 a      1216     1     9     2    16
 -8.5913390253984701E-01 a      1217     1     9     2    17
 -2.6280039746428852E-01 a      1218     1     9     2    18
 -3.4881744340876264E-01 a      1219     1     9     2    19
 -1.2182564305367310E-01 a      1220     1     9     2    20
  5.1651480854262188E-01 a      1221     1    10     2     1
  4.8401786627363108E-01 a      1222     1    10     2     2
  7.8595195646119564E-01 a      1223     1    10     2     3
  2.8498238704132983E-01 a      1224     1    10     2     4
 -5.3941582624880624E-01 a      1225     1    10     2     5
  2.0826687222780585E-01 a      1226     1    10     2     6
 -1.2701376803434775E-01 a      1227     1    10     2     7
  7.8937474199440483E-01 a      1228     1    10     2     8
  2.0631848063775254E-01 a      1229     1    10     2     9
  4.5777699277831851E-01 a      1230     1    10     2    10
 -4.4078147070649255E-02 a      1231     1    10     2    11
 -1.7321284023469929E-01 a      1232     1    10     2    12
 -5.4852581599934780E-01 a      1233     1    10     2    13
 -2.6546313089803864E-01 a      1234     1    10     2    14
  9.8705066800515523E-02 a      1235     1    10     2    15
  2.3139201295535658E-01 a      1236     1    10     2    16
  4.4885750594089957E-01 a      1237     1    10     2    17
  9.1912554011262707E-02 a      1238     1    10     2    18
 -1.1067327104815390E-01 a      1239     1    10     2    19
  6.3536935091752289E-01 a      1240     1    10     2    20
 -7.2027304570665518E-01 a      1241     1    11     2     1
  2.6366429550376419E-01 a      1242     1    11     2     2
 -5.9746167141806983E-01 a      1243     1    11     2     3
  8.9320415448497590E-03 a      1244     1    11     2     4
  4.2135697008333040E-01 a      1245     1    11     2     5
  3.9227646303566077E-01 a      1246     1    11     2     6
  1.7171400587017338E-01 a      1247     1    11     2     7
  4.4117929070488471E-01 a      1248     1    11     2     8
  1.7438987295926797E-01 a      1249     1    11     2     9
  3.3416331869832699E-01 a      1250     1    11     2    10
  4.8579393920904490E-01 a      1251     1    11     2    11
  6.4582320202616617E-01 a      1252     1    11     2    12
 -6.5687228470712944E-01 a      1253     1    11     2    13
  1.5114474825868929E-01 a      1254     1    11     2    14
  6.5173685787392310E-01 a      1255     1    11     2    15
 -5.8835083451910819E-01 a      1256     1    11     2    16
  3.5311508212006254E-01 a      1257     1    11     2    17
 -1.6156595168488666E-01 a      1258     1    11     2    18
 -2.1968474827749163E-01 a      1259     1    11     2    19
  5.4345001248046643E-01 a      1260     1    11     2    20
 -3.2999923089703787E-01 a      1261     1    12     2     1
  4.7213995084667403E-03 a      1262     1    12     2     2
  3.1401913274989790E-01 a      1263     1    12     2     3
  1.0093484596378408E+00 a      1264     1    12     2     4
 -9.3626022179950774E-01 a      1265     1    12     2     5
  4.8427323810476997E-01 a      1266     1    12     2     6
  5.1112221760485133E-01 a      1267     1    12     2     7
 -4.6554752174050329E-01 a      1268     1    12     2     8
 -1.2726249021956984E-01 a      1269     1    12     2     9
 -7.1111990071387979E-02 a      1270     1    12     2    10
 -3.5371179192741276E-01 a      1271     1    12     2    11
 -1.3434045114060572E-01 a      1272     1    12     2    12
 -3.4835101174761585E-01 a      1273     1    12     2    13
  3.1025297077110164E-01 a      1274     1    12     2    14
  3.9153578062804506E-01 a      1275     1    12     2    15
 -5.0067925405810731E-01 a      1276     1    12     2    16
 -4.5556598374291735E-01 a      1277     1    12     2    17
 -7.1206766459468651E-01 a      1278     1    12     2    18
  9.9339786581033734E-02 a      1279     1    12     2    19
  1.6935944448014381E-01 a      1280     1    12     2    20
 -1.6211535451252987E-01 a      1281     1    13     2     1
  5.8839205258007088E-01 a      1282     1    13     2     2
 -3.3916146694807153E-01 a      1283     1    13     2     3
  3.5556986039551819E-01 a      1284     1    13     2     4
  3.4379768373412761E-01 a      1285     1    13     2     5
 -5.6766699986831959E-01 a      1286     1    13     2     6
  3.8942585348525655E-01 a      1287     1    13     2     7
 -4.6605758321100199E-01 a      1288     1    13     2     8
 -2.1519140057331906E-01 a      1289     1    13     2     9
 -4.6520743143114662E-01 a      1290     1    13     2    10
  2.4315137320050956E-01 a      1291     1    13     2    11
  9.1912327891033352E-01 a      1292     1    13     2    12
  2.4389106158203483E-01 a      1293     1    13     2    13
  1.0261426718043154E+00 a      1294     1    13     2    14
 -5.5465077943042240E-01 a      1295     1    13     2    15
  7.1371759159798531E-01 a      1296     1    13     2    16
 -4.0442477460128612E-01 a      1297     1    13     2    17
 -2.1519756279213065E-03 a      1298     1    13     2    18
  3.5075250764774485E-01 a      1299     1    13     2    19
  2.1529711398969498E-01 a      1300     1    13     2    20
  2.3126607467332558E-02 a      1301     1    14     2     1
 -3.9425472813165235E-01 a      1302     1    14     2     2
  4.1180158955672913E-01 a      1303     1    14     2     3
 -6.8862075568376380E-01 a      1304     1    14     2     4
  3.7612065501634356E-01 a      1305     1    14     2     5
 -2.2015242067776764E-01 a      1306     1    14     2     6
 -4.1226304776070233E-01 a      1307     1    14     2     7
 -5.9219869298320771E-01 a      1308     1    14     2     8
  2.2463127788737403E-01 a      1309     1    14     2     9
 -2.9520686511565719E-01 a      1310     1    14     2    10
 -2.4921172664991950E-01 a      1311     1    14     2    11
  2.5566837129828518E-01 a      1312     1    14     2    12
 -3.3356523774940805E-01 a      1313     1    14     2    13
 -2.7622681467614663E-01 a      1314     1    14     2    14
  1.2436862590856336E-01 a      1315     1    14     2    15
  2.6949755190137220E-01 a      1316     1    14     2    16
 -7.4122251507221326E-01 a      1317     1    14     2    17
 -4.9791340780178611E-01 a      1318     1    14     2    18
  2.5669100855742760E-01 a      1319     1    14     2    19
  3.8227269101630101E-01 a      1320     1    14     2    20
  1.2288839478037800E-01 a      1321     1    15     2     1
 -4.3385641648446815E-01 a      1322     1    15     2     2
 -1.0291196543828349E-01 a      1323     1    15     2     3
  4.6953639044517292E-01 a      1324     1    15     2     4
  3.0852997159737322E-01 a      1325     1    15     2     5
  3.6287884134644566E-01 a      1326     1    15     2     6
  3.0693074394220671E-01 a      1327     1    15     2     7
  1.9638073975112891E-01 a      1328     1    15     2     8
  3.9903768418309626E-01 a      1329     1    15     2     9
  5.5226473980623059E-01 a      1330     1    15     2    10
 -2.1238968556872981E-01 a      1331     1    15     2    11
 -2.0605092043989706E-01 a      1332     1    15     2    12
 -1.3120432226647022E-01 a      1333     1    15     2    13
  1.5075346678001439E-01 a      1334     1    15     2    14
  5.3085378370297376E-01 a      1335     1    15     2    15
 -7.5117559575019377E-01 a      1336     1    15     2    16
  8.1597815531510698E-01 a      1337     1    15     2    17
  9.7019376242865263E-01 a      1338     1    15     2    18
  9.3650581672309260E-03 a      1339     1    15     2    19
  3.3706975417035828E-01 a      1340     1    15     2    20
  2.6737887619402927E-02 a      1341     1    16     2     1
 -6.2066120221440912E-01 a      1342     1    16     2     2
 -2.0928235211409540E-01 a      1343     1    16     2     3
  1.4204757957537259E-01 a      1344     1    16     2     4
  1.7914450589625930E-01 a      1345     1    16     2     5
 -1.5387812414999025E-01 a      1346     1    16     2     6
 -6.6714025381359188E-01 a      1347     1    16     2     7
  1.5912454221229735E-02 a      1348     1    16     2     8
 -1.1652826529044812E-01 a      1349     1    16     2     9
 -1.5273339636775804E-01 a      1350     1    16     2    10
 -4.3250101117522149E-01 a      1351     1    16     2    11
 -3.7767534689789101E-01 a      1352     1    16     2    12
  1.2327006832176862E-02 a      1353     1    16     2    13
 -8.9191545055900934E-01 a      1354     1    16     2    14
  4.2162032458242343E-01 a      1355     1    16     2    15
  4.1612839733341001E-01 a      1356     1    16     2    16
  4.1012191191939773E-01 a      1357     1    16     2    17
 -7.1764435510932284E-02 a      1358     1    16     2    18
 -1.7079853693869976E-01 a      1359     1    16     2    19
 -1.2683675367192676E-01 a      1360     1    16     2    20
 -8.4252118231476814E-01 a      1361     1    17     2     1
  4.4284744435144280E-01 a      1362     1    17     2     2
  1.9767863790256271E-01 a      1363     1    17     2     3
  4.1720063332416235E-01 a      1364     1    17     2     4
 -1.1769939792672569E-01 a      1365     1    17     2     5
  1.3499319359846154E-01 a      1366     1    17     2     6
  2.3241157095576556E-01 a      1367     1    17     2     7
  3.8862571189994383E-01 a      1368     1    17     2     8
  5.1147910847831130E-02 a      1369     1    17     2     9
 -3.8340511721995457E-02 a      1370     1    17     2    10
  2.6709321973476774E-01 a      1371     1    17     2    11
 -1.9631716929509191E-01 a      1372     1    17     2    12
  5.1155996474306686E-01 a      1373     1    17     2    13
 -1.2078881556272136E+00 a      1374     1    17     2    14
  1.4145360053908715E-01 a      1375     1    17     2    15
  7.5557305861201884E-01 a      1376     1    17     2    16
  1.3808197099512544E-02 a      1377     1    17     2    17
 -5.7094493331537204E-02 a      1378     1    17     2    18
  4.9739790547681356E-01 a      1379     1    17     2    19
  4.1609325668408365E-01 a      1380     1    17     2    20
 -7.4083860928942391E-01 a      1381     1    18     2     1
 -5.8401293585373248E-01 a      1382     1    18     2     2
  4.2508064274843471E-01 a      1383     1    18     2     3
 -3.1414380992056845E-02 a      1384     1    18     2     4
 -1.6179731616734466E-01 a      1385     1    18     2     5
  5.6391469927590543E-01 a      1386     1    18     2     6
  5.4379412784743619E-02 a      1387     1    18     2     7
  5.0387101318550664E-01 a      1388     1    18     2     8
  3.2816165225161853E-01 a      1389     1    18     2     9
  5.5495430048456340E-01 a      1390     1    18     2    10
 -8.7568898887511259E-01 a      1391     1    18     2    11
  1.8894810327247655E-01 a      1392     1    18     2    12
 -1.0648709734891544E-01 a      1393     1    18     2    13
  6.7614139325425260E-01 a      1394     1    18     2    14
  9.8204631221540301E-02 a      1395     1    18     2    15
 -4.5667035205649220E-01 a      1396     1    18     2    16
 -7.8575689708359736E-02 a      1397     1    18     2    17
 -2.1893995222871768E-01 a      1398     1    18     2    18
  5.8816196605938620E-01 a      1399     1    18     2    19
  4.9973447657914660E-01 a      1400     1    18     2    20
  1.1428598341909337E+00 a      1401     1    19     2     1
 -4.1405122023648533E-01 a      1402     1    19     2     2
 -1.5030472058443081E-01 a      1403     1    19     2     3
  4.6553686287574458E-01 a      1404     1    19     2     4
 -1.9421831496955411E-02 a      1405     1    19     2     5
  7.1185989275121528E-02 a      1406     1    19     2     6
  1.6912744770691428E-02 a      1407     1    19     2     7
 -5.5849621777083347E-01 a      1408     1    19     2     8
 -2.8313641367473619E-01 a      1409     1    19     2     9
 -1.9264584212079680E-01 a      1410     1    19     2    10
  2.5424031467207359E-01 a      1411     1    19     2    11
  1.7801430440289420E-01 a      1412     1    19     2    12
 -3.8758045212672532E-01 a      1413     1    19     2    13
  6.1041407494917355E-01 a      1414     1    19     2    14
 -3.7782316723054327E-01 a      1415     1    19     2    15
 -4.9725456945992852E-01 a      1416     1    19     2    16
  6.1002194161953127E-02 a      1417     1    19     2    17
  3.3913438314207428E-01 a      1418     1    19     2    18
 -1.8281459952164741E-01 a      1419     1    19     2    19
 -7.9656509913324636E-01 a      1420     1    19     2    20
 -4.9969089255250743E-01 a      1421     1    20     2     1
  3.5086129754550899E-01 a      1422     1    20     2     2
  5.1936765470952080E-03 a      1423     1    20     2     3
  7.6996125725398634E-01 a      1424     1    20     2     4
 -2.2811049403595263E-01 a      1425     1    20     2     5
 -3.8360447053140033E-02 a      1426     1    20     2     6
 -9.1924639717980011E-02 a      1427     1    20     2     7
  1.5031047613503293E-01 a      1428     1    20     2     8
 -1.0718875394364160E-02 a      1429     1    20     2     9
  1.5909434304472370E-01 a      1430     1    20     2    10
 -4.2621498275543357E-01 a      1431     1    20     2    11
 -1.9179874784737712E-02 a      1432     1    20     2    12
  2.1952283136681700E-02 a      1433     1    20     2    13
 -6.3796175513024644E-01 a      1434     1    20     2    14
 -2.7226514336981678E-01 a      1435     1    20     2    15
  2.4697808782394506E-01 a      1436     1    20     2    16
  1.6933870534172271E-01 a      1437     1    20     2    17
 -5.1151158774803951E-01 a      1438     1    20     2    18
  5.9104512544900722E-01 a      1439     1    20     2    19
  1.6324938826968768E-01 a      1440     1    20     2    20
  3.4287863488762331E-02 b      1441     2     1
  2.8415144872023262E-01 b      1442     2     2
 -1.1002195365673841E+00 b      1443     2     3
  7.6174634016386955E-01 b      1444     2     4
  2.5839182356302626E-01 b      1445     2     5
 -1.0096142071042434E-01 b      1446     2     6
 -3.5141937979275739E-01 b      1447     2     7
  2.2494324845051317E-01 b      1448     2     8
 -1.9244714906051599E+00 b      1449     2     9
  7.9311511136259927E-01 b      1450     2    10
  8.3109643183094328E-01 b      1451     2    11
 -1.0661525646640035E+00 b      1452     2    12
 -5.7491556185510462E-01 b      1453     2    13
 -6.9182154887239444E-01 b      1454     2    14
  8.1053012280142744E-01 b      1455     2    15
  1.4115522750491760E+00 b      1456     2    16
  3.1991761972822358E-01 b      1457     2    17
 -5.9412462905337760E-01 b      1458     2    18
  6.7487235843294424E-01 b      1459     2    19
  1.8763318354921679E+00 b      1460     2    20
  5.8797223202995674E-01 a      1461     2     1     3     1
  1.3105566089827718E+00 a      1462     2     2     3     1
 -5.0285230638073486E-01 a      1463     2     3     3     1
  3.1621781969997658E+00 a      1464     2     4     3     1
  2.0829502918664180E+00 a      1465     2     5     3     1
  5.4001797815198449E-01 a      1466     2     6     3     1
 -2.1378074521968965E-01 a      1467     2     7     3     1
  1.7777454283163991E+00 a      1468     2     8     3     1
 -1.4532686806991504E+00 a      1469     2     9     3     1
  1.7679687281190546E+00 a      1470     2    10     3     1
  9.2915924026225216E-01 a      1471     2    11     3     1
 -6.0632654924732610E-01 a      1472     2    12     3     1
 -1.4510209336003079E+00 a      1473     2    13     3     1
  4.2098353184219417E-01 a      1474     2    14     3     1
  2.6800848404143824E+00 a      1475     2    15     3     1
  6.7523889496050427E-01 a      1476     2    16     3     1
  1.0463175615332163E+00 a      1477     2    17     3     1
 -5.7908608463809208E-01 a      1478     2    18     3     1
  2.1633004052320501E-01 a      1479     2    19     3     1
  1.8171559990600861E+00 a      1480     2    20     3     1
  2.5887319508794473E+00 b      1481     3     1
