################################################################################
# Neural network connection values (weights and biases).
################################################################################
# Col  Name       Description
################################################################################
# 1    connection Neural network connection value.
# 2    t          Connection type (a = weight, b = bias).
# 3    index      Index enumerating weights.
# 4    l_s        Starting point layer (end point layer for biases).
# 5    n_s        Starting point neuron in starting layer (end point neuron for biases).
# 6    l_e        End point layer.
# 7    n_e        End point neuron in end layer.
################################################################################
#                      1 2         3     4     5     6     7
#             connection t     index   l_s   n_s   l_e   n_e
############################################################
 -1.6756295842066751E-01 a         1     0     1     1     1
  3.1844104077551405E-01 a         2     0     1     1     2
 -3.6777988157276770E-01 a         3     0     1     1     3
  2.7450630077106297E-01 a         4     0     1     1     4
 -1.8347717565314603E-01 a         5     0     1     1     5
 -1.8291178434922709E-01 a         6     0     1     1     6
  2.9793943510535492E-02 a         7     0     1     1     7
  8.5148869551759127E-02 a         8     0     1     1     8
  4.9916830972227898E-02 a         9     0     1     1     9
 -1.2715293652722431E-01 a        10     0     1     1    10
 -1.1170104626324774E-01 a        11     0     1     1    11
  7.0344904431752264E-01 a        12     0     1     1    12
 -1.7219278872304375E-01 a        13     0     1     1    13
 -6.5559361487867368E-02 a        14     0     1     1    14
  3.0099543377034056E-03 a        15     0     1     1    15
  2.2172243825777549E-01 a        16     0     1     1    16
  3.6333423956665001E-02 a        17     0     1     1    17
 -2.0046783469868729E-01 a        18     0     1     1    18
  1.4311769648349185E-01 a        19     0     1     1    19
  1.1379881043348575E-01 a        20     0     1     1    20
 -1.9000704328683346E-01 a        21     0     2     1     1
  4.5409277989488667E-01 a        22     0     2     1     2
  3.2008639903456726E-01 a        23     0     2     1     3
 -1.6672918651545696E-01 a        24     0     2     1     4
 -2.8122096043690098E-01 a        25     0     2     1     5
  1.0952307487092183E-01 a        26     0     2     1     6
  9.0299320762338417E-02 a        27     0     2     1     7
  2.2179957860024219E-02 a        28     0     2     1     8
  5.6749022120893056E-02 a        29     0     2     1     9
  1.7170096259898684E-01 a        30     0     2     1    10
  1.0910741887077610E-01 a        31     0     2     1    11
 -6.3136017998342120E-02 a        32     0     2     1    12
 -2.6328266169165115E-01 a        33     0     2     1    13
  3.9932851469558966E-01 a        34     0     2     1    14
  2.3637194891742857E-02 a        35     0     2     1    15
 -9.1570794354734308E-02 a        36     0     2     1    16
  2.8601655359914580E-01 a        37     0     2     1    17
  1.2721416523747953E-01 a        38     0     2     1    18
  3.2944310591473916E-02 a        39     0     2     1    19
  1.4408904257143343E-01 a        40     0     2     1    20
  9.2848688259565659E-02 a        41     0     3     1     1
 -2.9156984681897685E-01 a        42     0     3     1     2
  3.6744889919846946E-01 a        43     0     3     1     3
  2.4955240388654568E-01 a        44     0     3     1     4
 -1.6360963132920861E-02 a        45     0     3     1     5
  4.2537150239651184E-02 a        46     0     3     1     6
 -5.1708966053255434E-01 a        47     0     3     1     7
  2.3176989498286980E-02 a        48     0     3     1     8
  2.9499218662447668E-01 a        49     0     3     1     9
 -1.7882052938415280E-01 a        50     0     3     1    10
  9.6985092685199892E-02 a        51     0     3     1    11
 -2.4465412590045540E-01 a        52     0     3     1    12
 -1.9693528165202029E-01 a        53     0     3     1    13
 -1.9243846047500071E-01 a        54     0     3     1    14
  1.3938306592296748E-01 a        55     0     3     1    15
  2.1538419305535256E-01 a        56     0     3     1    16
  1.9373349727718978E-01 a        57     0     3     1    17
  2.4933648504719993E-01 a        58     0     3     1    18
  1.6688732670018479E-02 a        59     0     3     1    19
  1.6126083909233704E-01 a        60     0     3     1    20
  4.3784819316877312E-02 a        61     0     4     1     1
 -2.3432310174193405E-01 a        62     0     4     1     2
  8.4767082690159160E-02 a        63     0     4     1     3
  4.1627884430531431E-01 a        64     0     4     1     4
 -7.1300427890645376E-02 a        65     0     4     1     5
  9.5793281461935054E-02 a        66     0     4     1     6
 -1.8217269268825581E-01 a        67     0     4     1     7
  4.6881568812161406E-03 a        68     0     4     1     8
  2.6676454497267155E-01 a        69     0     4     1     9
  1.2261975330544483E-01 a        70     0     4     1    10
  4.1791770932443362E-01 a        71     0     4     1    11
  1.9944801106667086E-02 a        72     0     4     1    12
  6.3488606849306251E-01 a        73     0     4     1    13
  8.0774971732823567E-02 a        74     0     4     1    14
  2.8471566198308335E-01 a        75     0     4     1    15
  5.1294856638290441E-02 a        76     0     4     1    16
 -3.0968319066117422E-01 a        77     0     4     1    17
 -4.0441322648476907E-01 a        78     0     4     1    18
  8.7571757582602369E-02 a        79     0     4     1    19
  5.3997444575733529E-02 a        80     0     4     1    20
  1.7365727408634010E-01 a        81     0     5     1     1
 -3.1459388957661116E-01 a        82     0     5     1     2
 -2.0145699146995283E-01 a        83     0     5     1     3
  2.0511827660336901E-01 a        84     0     5     1     4
  1.2779210175245359E-01 a        85     0     5     1     5
  3.1870739341058263E-01 a        86     0     5     1     6
  5.5289179707059355E-01 a        87     0     5     1     7
 -4.0767267669931118E-01 a        88     0     5     1     8
 -1.0316712220659742E-01 a        89     0     5     1     9
 -9.6032828700435238E-02 a        90     0     5     1    10
 -8.4998190509807492E-01 a        91     0     5     1    11
 -1.7083872516991347E-01 a        92     0     5     1    12
  2.6794659373326146E-01 a        93     0     5     1    13
  5.6796241338532789E-02 a        94     0     5     1    14
 -1.3043552739139691E-01 a        95     0     5     1    15
 -4.3331064129455626E-01 a        96     0     5     1    16
 -4.9732529927263058E-01 a        97     0     5     1    17
 -2.7381527818124501E-01 a        98     0     5     1    18
 -6.9219272750222702E-02 a        99     0     5     1    19
 -4.7534731525881818E-01 a       100     0     5     1    20
 -2.1021025857137676E-01 a       101     0     6     1     1
 -6.1484922157290955E-01 a       102     0     6     1     2
  9.2278318577978746E-02 a       103     0     6     1     3
  3.9047021184548553E-01 a       104     0     6     1     4
  5.8649645647727044E-01 a       105     0     6     1     5
 -1.6629740064951068E-01 a       106     0     6     1     6
  1.9468114623261495E-01 a       107     0     6     1     7
  2.8735168263780347E-01 a       108     0     6     1     8
 -2.2796400379602069E-01 a       109     0     6     1     9
  5.1870820772042893E-02 a       110     0     6     1    10
 -3.4656339723359836E-01 a       111     0     6     1    11
 -1.8903935443082842E-01 a       112     0     6     1    12
  4.1440966268748647E-01 a       113     0     6     1    13
 -4.2187028976640834E-01 a       114     0     6     1    14
 -3.2424110207264906E-02 a       115     0     6     1    15
 -4.7909431859650703E-01 a       116     0     6     1    16
 -1.0283551679453339E-01 a       117     0     6     1    17
  1.5940998749710897E-01 a       118     0     6     1    18
  8.2829849632660074E-02 a       119     0     6     1    19
 -2.8002480209584735E-01 a       120     0     6     1    20
  4.7533559562934558E-01 a       121     0     7     1     1
 -3.3521279251012503E-02 a       122     0     7     1     2
 -3.1118572107056358E-01 a       123     0     7     1     3
 -3.1925800267828669E-01 a       124     0     7     1     4
  1.9850870369472245E-01 a       125     0     7     1     5
 -6.8159800336967530E-02 a       126     0     7     1     6
  7.7004963079310174E-01 a       127     0     7     1     7
 -4.6296855182811653E-02 a       128     0     7     1     8
  9.3040389947288790E-02 a       129     0     7     1     9
  2.1779279642433780E-01 a       130     0     7     1    10
  2.6943523570907313E-01 a       131     0     7     1    11
  4.1571183681947205E-01 a       132     0     7     1    12
 -3.4602654093218482E-01 a       133     0     7     1    13
  5.3079672393969080E-01 a       134     0     7     1    14
  2.2494283281666705E-01 a       135     0     7     1    15
  4.2286996648462916E-01 a       136     0     7     1    16
 -1.4189435732999578E-01 a       137     0     7     1    17
  3.9464526172444919E-01 a       138     0     7     1    18
  1.7888431985149408E-01 a       139     0     7     1    19
  3.4360430299273736E-01 a       140     0     7     1    20
 -5.2382817772359391E-01 a       141     0     8     1     1
  1.4496911303675231E-01 a       142     0     8     1     2
  9.2056536036235925E-02 a       143     0     8     1     3
  4.3882574861360046E-02 a       144     0     8     1     4
 -1.6339302406536171E-01 a       145     0     8     1     5
 -2.8491085631412438E-01 a       146     0     8     1     6
 -4.9771061934651228E-01 a       147     0     8     1     7
 -1.4536055760900951E-01 a       148     0     8     1     8
 -1.2322585523668667E-01 a       149     0     8     1     9
 -2.8769584658606184E-01 a       150     0     8     1    10
  3.8251280204186228E-01 a       151     0     8     1    11
  3.1550354509125789E-01 a       152     0     8     1    12
 -6.1946861435092405E-02 a       153     0     8     1    13
 -1.2845792268282186E-01 a       154     0     8     1    14
 -1.8245694349530306E-01 a       155     0     8     1    15
 -1.6820104755655538E-01 a       156     0     8     1    16
  4.0522669050952351E-02 a       157     0     8     1    17
 -3.1380926347399929E-01 a       158     0     8     1    18
  4.8137709109727395E-02 a       159     0     8     1    19
 -7.5866072621827985E-02 a       160     0     8     1    20
  3.7061812150505419E-01 a       161     0     9     1     1
 -6.2614697730657115E-02 a       162     0     9     1     2
 -4.1030808838984506E-01 a       163     0     9     1     3
  1.1406830344019689E-01 a       164     0     9     1     4
 -1.3023447133614383E-01 a       165     0     9     1     5
 -1.1309347839850505E-01 a       166     0     9     1     6
 -1.6466641405135107E-01 a       167     0     9     1     7
 -2.9937960961581628E-01 a       168     0     9     1     8
  6.6651161331362771E-02 a       169     0     9     1     9
  3.7619355090682551E-03 a       170     0     9     1    10
 -2.4006670861641088E-01 a       171     0     9     1    11
  5.8978496847145989E-01 a       172     0     9     1    12
  1.5360852640386119E-01 a       173     0     9     1    13
 -1.9713539653115894E-01 a       174     0     9     1    14
 -1.8567857220478667E-01 a       175     0     9     1    15
 -2.8067734828006397E-01 a       176     0     9     1    16
 -1.5006872446915798E-01 a       177     0     9     1    17
 -6.2459268557178836E-02 a       178     0     9     1    18
 -3.0165656315082645E-01 a       179     0     9     1    19
 -3.5478526244689440E-01 a       180     0     9     1    20
 -1.4042957373428647E-01 a       181     0    10     1     1
  6.6280918093105656E-02 a       182     0    10     1     2
  1.8484244181243881E-01 a       183     0    10     1     3
  3.0243918257108038E-01 a       184     0    10     1     4
 -6.8619231099513150E-02 a       185     0    10     1     5
  1.7748943721521204E-01 a       186     0    10     1     6
 -2.4282753762541529E-01 a       187     0    10     1     7
 -2.0606567966030190E-01 a       188     0    10     1     8
 -2.5465498673758230E-01 a       189     0    10     1     9
 -1.6743199781392867E-01 a       190     0    10     1    10
  2.0400050607692016E-01 a       191     0    10     1    11
  2.4443686675594278E-01 a       192     0    10     1    12
 -3.2908147208303673E-01 a       193     0    10     1    13
 -2.7956166414534539E-01 a       194     0    10     1    14
 -2.1665958532022703E-01 a       195     0    10     1    15
  3.0249006344601376E-01 a       196     0    10     1    16
  1.6033950799827199E-01 a       197     0    10     1    17
 -2.5923622625477055E-01 a       198     0    10     1    18
 -4.8309620711559559E-01 a       199     0    10     1    19
 -1.6421661361487080E-01 a       200     0    10     1    20
 -1.3790965128843299E-01 a       201     0    11     1     1
  9.4873558184169773E-02 a       202     0    11     1     2
  2.9595664076040096E-01 a       203     0    11     1     3
 -2.1414061497159564E-01 a       204     0    11     1     4
  2.2461967354699952E-01 a       205     0    11     1     5
 -2.5300279097669159E-01 a       206     0    11     1     6
  2.9308053501589455E-02 a       207     0    11     1     7
 -7.7312144276518696E-02 a       208     0    11     1     8
 -2.2342111999670572E-01 a       209     0    11     1     9
 -1.9542009161250887E-01 a       210     0    11     1    10
  1.2451274423642868E-01 a       211     0    11     1    11
 -3.5679641287948829E-02 a       212     0    11     1    12
  2.4021460371790416E-02 a       213     0    11     1    13
  2.3795411737709191E-01 a       214     0    11     1    14
  3.2621752924637326E-01 a       215     0    11     1    15
  2.7444826246018800E-01 a       216     0    11     1    16
 -7.4614058507157716E-02 a       217     0    11     1    17
  1.3108340536971116E-01 a       218     0    11     1    18
 -9.2870800760612663E-03 a       219     0    11     1    19
  2.8747113515639278E-01 a       220     0    11     1    20
 -2.2790494990006330E-01 a       221     0    12     1     1
  4.6790953062077162E-01 a       222     0    12     1     2
  4.2414420468907249E-01 a       223     0    12     1     3
  2.8408372176078101E-01 a       224     0    12     1     4
  7.1849667495683833E-02 a       225     0    12     1     5
  1.2738853006029796E-02 a       226     0    12     1     6
 -1.1674897715532143E-01 a       227     0    12     1     7
  1.1201388944832789E-01 a       228     0    12     1     8
 -3.6377356805994028E-02 a       229     0    12     1     9
  2.1425344535552027E-01 a       230     0    12     1    10
  8.4328230890423642E-02 a       231     0    12     1    11
 -2.8058385830997246E-01 a       232     0    12     1    12
  9.3155529017414210E-02 a       233     0    12     1    13
  3.8889282786520629E-01 a       234     0    12     1    14
  7.3376369474014685E-02 a       235     0    12     1    15
  2.3564960651228462E-01 a       236     0    12     1    16
 -2.4672903986051620E-01 a       237     0    12     1    17
 -1.5366200546603384E-01 a       238     0    12     1    18
 -1.6494620268656388E-01 a       239     0    12     1    19
  3.5654464272053227E-01 a       240     0    12     1    20
  1.3300175822551316E-01 a       241     0    13     1     1
  4.0249866452886737E-02 a       242     0    13     1     2
 -1.0660008554377880E-01 a       243     0    13     1     3
 -1.9073159415447757E-01 a       244     0    13     1     4
  1.9370267840049538E-01 a       245     0    13     1     5
  1.7206289286936294E-02 a       246     0    13     1     6
 -1.4786042802817631E-01 a       247     0    13     1     7
 -2.0677557557391677E-02 a       248     0    13     1     8
  3.2302237203226442E-01 a       249     0    13     1     9
 -2.8115073272212227E-01 a       250     0    13     1    10
 -1.9627563471405088E-01 a       251     0    13     1    11
 -2.8587943719599614E-02 a       252     0    13     1    12
 -1.7210537724870081E-01 a       253     0    13     1    13
  1.4482283199869127E-02 a       254     0    13     1    14
 -5.0737901517331693E-02 a       255     0    13     1    15
 -1.3121577944863458E-01 a       256     0    13     1    16
 -6.6421638698848044E-03 a       257     0    13     1    17
 -3.5900164438856169E-01 a       258     0    13     1    18
 -3.3441383864079788E-01 a       259     0    13     1    19
 -3.0398042942350506E-01 a       260     0    13     1    20
  5.6126874453070241E-01 a       261     0    14     1     1
  2.4969141387891683E-01 a       262     0    14     1     2
  9.7686549293642289E-02 a       263     0    14     1     3
 -2.7168882640134484E-01 a       264     0    14     1     4
  8.7300483814214278E-02 a       265     0    14     1     5
 -9.6041575491026446E-02 a       266     0    14     1     6
 -4.7731094890113381E-02 a       267     0    14     1     7
  4.0187235544820998E-01 a       268     0    14     1     8
  2.3065916289689950E-01 a       269     0    14     1     9
  7.1360214975845632E-02 a       270     0    14     1    10
 -2.6880903517691093E-02 a       271     0    14     1    11
 -2.5240308509442205E-01 a       272     0    14     1    12
  7.4168833582459182E-02 a       273     0    14     1    13
 -1.4522842855889595E-01 a       274     0    14     1    14
  2.0492365272227403E-01 a       275     0    14     1    15
 -1.4402288865610097E-01 a       276     0    14     1    16
  1.4674168450330752E-01 a       277     0    14     1    17
 -2.5687792313736857E-01 a       278     0    14     1    18
  3.0473108019882800E-01 a       279     0    14     1    19
 -4.9929915590257466E-02 a       280     0    14     1    20
  3.0812254045418663E-01 a       281     0    15     1     1
 -1.4537721913575716E-01 a       282     0    15     1     2
  3.1844740968670976E-01 a       283     0    15     1     3
  2.9448939768620824E-01 a       284     0    15     1     4
 -3.4838059641622794E-02 a       285     0    15     1     5
  8.1316495916878020E-02 a       286     0    15     1     6
  3.0592823240801570E-01 a       287     0    15     1     7
 -1.2685099962655935E-01 a       288     0    15     1     8
 -5.1957013373487559E-01 a       289     0    15     1     9
  3.0662891256557695E-01 a       290     0    15     1    10
  1.8658171683240707E-01 a       291     0    15     1    11
 -2.6976037355606042E-01 a       292     0    15     1    12
  1.4535452584932546E-01 a       293     0    15     1    13
 -3.0774000884578179E-01 a       294     0    15     1    14
 -1.8614250874657082E-02 a       295     0    15     1    15
  3.2800209147343684E-01 a       296     0    15     1    16
  7.1567068912944849E-03 a       297     0    15     1    17
  3.4470287757966167E-01 a       298     0    15     1    18
  9.7301245073288495E-02 a       299     0    15     1    19
  2.8861365583591403E-01 a       300     0    15     1    20
 -7.5454920105808825E-03 a       301     0    16     1     1
  3.1282871201823192E-01 a       302     0    16     1     2
 -3.3024306514761309E-01 a       303     0    16     1     3
  1.5875109293174167E-01 a       304     0    16     1     4
 -6.9345940565069619E-01 a       305     0    16     1     5
  2.2191023987537409E-01 a       306     0    16     1     6
  1.6787830268354889E-01 a       307     0    16     1     7
  6.8942537165849027E-01 a       308     0    16     1     8
 -6.5547188112338461E-01 a       309     0    16     1     9
 -3.6188934806790701E-01 a       310     0    16     1    10
 -1.0872952383538472E+00 a       311     0    16     1    11
 -9.9724779525068985E-01 a       312     0    16     1    12
 -1.8995762253078724E-01 a       313     0    16     1    13
  5.5304720421461562E-01 a       314     0    16     1    14
  3.4631670923534813E-01 a       315     0    16     1    15
  1.8744050055595585E-01 a       316     0    16     1    16
 -1.2762126373822888E-01 a       317     0    16     1    17
  1.0880058433240383E-02 a       318     0    16     1    18
  4.1457715769897380E-01 a       319     0    16     1    19
  2.1007768397782370E-01 a       320     0    16     1    20
 -3.5487868306826831E-01 a       321     0    17     1     1
 -1.0839631714972570E-01 a       322     0    17     1     2
  2.5656667934936012E-01 a       323     0    17     1     3
 -1.6896539496518131E-01 a       324     0    17     1     4
  8.5103644318487381E-01 a       325     0    17     1     5
 -2.8415768731570706E-01 a       326     0    17     1     6
 -3.2854513373189326E-01 a       327     0    17     1     7
 -9.9179551308415170E-01 a       328     0    17     1     8
  1.1693676437960310E+00 a       329     0    17     1     9
  2.6434038543258265E-01 a       330     0    17     1    10
  9.3592249022210638E-01 a       331     0    17     1    11
  1.1486872741538277E+00 a       332     0    17     1    12
 -1.2448743367793978E-02 a       333     0    17     1    13
 -1.7866402294013647E-01 a       334     0    17     1    14
 -3.7307962008168005E-01 a       335     0    17     1    15
 -4.1709543489888068E-01 a       336     0    17     1    16
 -1.5321270268082687E-01 a       337     0    17     1    17
 -9.7057670117652376E-04 a       338     0    17     1    18
 -2.4281910044442429E-01 a       339     0    17     1    19
  2.6381187983970822E-01 a       340     0    17     1    20
  5.0570746066344341E-01 a       341     0    18     1     1
 -5.9156959557506106E-01 a       342     0    18     1     2
  1.3999698122194237E-01 a       343     0    18     1     3
 -5.9880112665084384E-01 a       344     0    18     1     4
 -1.8669768885142216E-01 a       345     0    18     1     5
 -5.6926373433984587E-02 a       346     0    18     1     6
 -3.1860808695967724E-01 a       347     0    18     1     7
  4.0652149108001834E-01 a       348     0    18     1     8
  1.2081524583615728E-01 a       349     0    18     1     9
  5.3850547477540245E-01 a       350     0    18     1    10
  4.9926079574370581E-03 a       351     0    18     1    11
 -3.3189423555089165E-01 a       352     0    18     1    12
  5.0212231796048823E-01 a       353     0    18     1    13
 -5.3839002035760319E-01 a       354     0    18     1    14
 -2.5265403966999056E-01 a       355     0    18     1    15
  5.8613397803905964E-01 a       356     0    18     1    16
  3.3823265389479862E-01 a       357     0    18     1    17
  2.2708511937628253E-01 a       358     0    18     1    18
  6.5525338784363729E-01 a       359     0    18     1    19
 -3.6490274764116709E-01 a       360     0    18     1    20
 -2.0623329502061921E-01 a       361     0    19     1     1
  7.3651196851369982E-01 a       362     0    19     1     2
 -3.3107358618666061E-01 a       363     0    19     1     3
  4.0414972960021217E-01 a       364     0    19     1     4
  1.2523585617838028E-02 a       365     0    19     1     5
 -9.8926731832961797E-03 a       366     0    19     1     6
  2.0623188139877144E-01 a       367     0    19     1     7
 -3.4504851898247402E-01 a       368     0    19     1     8
 -1.2710637800947200E-01 a       369     0    19     1     9
  1.8064289173767584E-01 a       370     0    19     1    10
 -1.1234133657347169E-01 a       371     0    19     1    11
  5.4263398081477787E-01 a       372     0    19     1    12
 -4.0899606529604282E-01 a       373     0    19     1    13
  2.0018807560215190E-01 a       374     0    19     1    14
  8.6537657970888471E-01 a       375     0    19     1    15
 -3.2221540905072243E-01 a       376     0    19     1    16
  1.8157683135471206E-01 a       377     0    19     1    17
  6.7608576423742905E-02 a       378     0    19     1    18
  4.2688604152672380E-02 a       379     0    19     1    19
  1.2109492595536832E-01 a       380     0    19     1    20
  2.5318856254723093E-01 a       381     0    20     1     1
 -6.3718349335353131E-01 a       382     0    20     1     2
  4.3227579858811405E-01 a       383     0    20     1     3
 -1.1928951815692740E-01 a       384     0    20     1     4
  2.6535123273805195E-01 a       385     0    20     1     5
  9.8793588706808058E-02 a       386     0    20     1     6
  2.0778795551967039E-01 a       387     0    20     1     7
  3.9783527448780692E-01 a       388     0    20     1     8
  8.1443231713165487E-01 a       389     0    20     1     9
 -1.2090971988928033E-01 a       390     0    20     1    10
  2.5149055013480676E-01 a       391     0    20     1    11
  2.7133405725196680E-01 a       392     0    20     1    12
  4.2931026215984897E-01 a       393     0    20     1    13
  3.1818717651340622E-01 a       394     0    20     1    14
  1.2906457646004443E-01 a       395     0    20     1    15
  3.6174365553357152E-02 a       396     0    20     1    16
 -5.4821718846551494E-02 a       397     0    20     1    17
  5.4493614115905212E-02 a       398     0    20     1    18
 -1.9816688612082320E-01 a       399     0    20     1    19
  6.1689461020925235E-02 a       400     0    20     1    20
  4.1031866338648394E-02 a       401     0    21     1     1
  1.5333059438818392E-01 a       402     0    21     1     2
 -2.1397315803004410E-01 a       403     0    21     1     3
  1.8504984130949043E-01 a       404     0    21     1     4
 -6.9204397248856714E-02 a       405     0    21     1     5
  3.2559849700791288E-02 a       406     0    21     1     6
 -3.2306489881623496E-01 a       407     0    21     1     7
 -4.6823225514500674E-02 a       408     0    21     1     8
  4.5676094730135453E-02 a       409     0    21     1     9
 -8.0293813762376362E-02 a       410     0    21     1    10
 -1.4845668650709457E-01 a       411     0    21     1    11
 -4.6113316892708089E-01 a       412     0    21     1    12
 -2.6290675358957266E-01 a       413     0    21     1    13
 -7.4550693377149771E-02 a       414     0    21     1    14
  3.0273607567654620E-01 a       415     0    21     1    15
  4.3382935397239697E-01 a       416     0    21     1    16
 -2.6168761901972487E-01 a       417     0    21     1    17
  1.8174683523093604E-01 a       418     0    21     1    18
  6.9043615669182171E-02 a       419     0    21     1    19
 -2.7231219393567141E-01 a       420     0    21     1    20
 -3.6988001813188309E-01 a       421     0    22     1     1
  3.7287614698612292E-01 a       422     0    22     1     2
  2.2737316964760829E-01 a       423     0    22     1     3
  2.9990597482551001E-01 a       424     0    22     1     4
  2.0470216416636977E-01 a       425     0    22     1     5
  1.8784834450429600E-02 a       426     0    22     1     6
  1.2173771136555125E-02 a       427     0    22     1     7
 -1.4726453206667453E-01 a       428     0    22     1     8
 -7.0073635891812147E-02 a       429     0    22     1     9
  1.2724665887555392E-01 a       430     0    22     1    10
 -1.1571459280461110E-01 a       431     0    22     1    11
  2.2680766694210994E-01 a       432     0    22     1    12
 -5.9587579980022076E-01 a       433     0    22     1    13
  1.7142176256679603E-01 a       434     0    22     1    14
  3.3852461135018513E-01 a       435     0    22     1    15
 -1.9436116178002685E-01 a       436     0    22     1    16
  1.0276607062199769E-01 a       437     0    22     1    17
  7.0597726912608336E-02 a       438     0    22     1    18
  4.4519248597223643E-01 a       439     0    22     1    19
  7.2491384449553655E-03 a       440     0    22     1    20
 -8.4300144896407178E-02 a       441     0    23     1     1
 -4.2843404513350775E-01 a       442     0    23     1     2
 -1.9275234644478006E-01 a       443     0    23     1     3
 -5.4696281090547090E-02 a       444     0    23     1     4
  5.8333008448778331E-03 a       445     0    23     1     5
 -4.5079658572600274E-02 a       446     0    23     1     6
 -8.3914450560900064E-02 a       447     0    23     1     7
 -5.8974516169653088E-02 a       448     0    23     1     8
  2.1907135632452229E-01 a       449     0    23     1     9
 -4.5486074946846245E-03 a       450     0    23     1    10
  1.8116339054708963E-01 a       451     0    23     1    11
 -3.5739964195289992E-02 a       452     0    23     1    12
  2.8374721185357743E-01 a       453     0    23     1    13
  2.2704781180813646E-01 a       454     0    23     1    14
 -3.6732690952789027E-01 a       455     0    23     1    15
 -2.4291074988097783E-01 a       456     0    23     1    16
 -2.0597519739531658E-01 a       457     0    23     1    17
 -1.3284666826913696E-01 a       458     0    23     1    18
  5.0889878309681136E-01 a       459     0    23     1    19
  2.8656430706694919E-01 a       460     0    23     1    20
  7.3733552830668029E-04 a       461     0    24     1     1
 -3.9113055933805436E-02 a       462     0    24     1     2
 -1.0523831637523316E-01 a       463     0    24     1     3
  5.8602227122264677E-02 a       464     0    24     1     4
 -1.8818886217537009E-01 a       465     0    24     1     5
  1.3639978545010906E-01 a       466     0    24     1     6
  1.5688364317022982E-01 a       467     0    24     1     7
  3.2657972929038481E-01 a       468     0    24     1     8
  3.3465477835248209E-01 a       469     0    24     1     9
  1.6241316884908479E-02 a       470     0    24     1    10
  1.2434912999677313E-01 a       471     0    24     1    11
  4.2480901076922034E-01 a       472     0    24     1    12
  1.4384862094145684E-01 a       473     0    24     1    13
  4.3971145801015799E-02 a       474     0    24     1    14
  3.3536514173128973E-01 a       475     0    24     1    15
  7.7273549559143034E-02 a       476     0    24     1    16
  1.0502769626383676E-01 a       477     0    24     1    17
 -1.1326483363858780E-02 a       478     0    24     1    18
  1.9206550809445688E-01 a       479     0    24     1    19
 -1.4808410543186254E-01 a       480     0    24     1    20
 -6.4043790521035660E-01 a       481     0    25     1     1
  1.9173942573517661E-01 a       482     0    25     1     2
 -1.2559609866227406E-01 a       483     0    25     1     3
 -2.8167532105050375E-01 a       484     0    25     1     4
  6.0282264660815654E-01 a       485     0    25     1     5
  2.7152206483300773E-01 a       486     0    25     1     6
 -6.4097882772108439E-01 a       487     0    25     1     7
  3.3571643277990498E-01 a       488     0    25     1     8
 -4.0106284154589633E-01 a       489     0    25     1     9
 -1.2052341644894191E-01 a       490     0    25     1    10
 -4.2298537280487480E-01 a       491     0    25     1    11
  2.8126120716082703E-01 a       492     0    25     1    12
  4.6400632214846488E-01 a       493     0    25     1    13
 -2.8363686606422905E-01 a       494     0    25     1    14
 -3.0917454831363550E-01 a       495     0    25     1    15
  2.6107880423564656E-01 a       496     0    25     1    16
 -2.4471322114117125E-01 a       497     0    25     1    17
  2.2609593615909537E-01 a       498     0    25     1    18
 -8.6208607137166174E-02 a       499     0    25     1    19
  3.1449174179068540E-01 a       500     0    25     1    20
  4.7099728822945920E-02 a       501     0    26     1     1
 -4.2006387239700688E-01 a       502     0    26     1     2
 -2.6279240850342556E-01 a       503     0    26     1     3
 -2.0007328498293861E-01 a       504     0    26     1     4
  5.7259099117370552E-02 a       505     0    26     1     5
 -1.5471755926460207E-01 a       506     0    26     1     6
 -1.3563491349036555E-01 a       507     0    26     1     7
  3.7352606703890096E-01 a       508     0    26     1     8
 -2.1125612088708690E-01 a       509     0    26     1     9
  2.4313247173138533E-01 a       510     0    26     1    10
 -2.9725773987514947E-01 a       511     0    26     1    11
 -2.8360368988003034E-03 a       512     0    26     1    12
 -4.2924735077915846E-02 a       513     0    26     1    13
 -1.3674568227139514E-01 a       514     0    26     1    14
 -2.5558410513100044E-01 a       515     0    26     1    15
 -5.2735996747247249E-01 a       516     0    26     1    16
  6.0663187626664639E-01 a       517     0    26     1    17
  2.1789250016782297E-01 a       518     0    26     1    18
  5.4700090374891142E-01 a       519     0    26     1    19
  1.1438034651211494E-01 a       520     0    26     1    20
 -5.1590692141674410E-01 a       521     0    27     1     1
  1.1881335916519109E-02 a       522     0    27     1     2
  9.8405175761329566E-02 a       523     0    27     1     3
 -1.2989987107878923E-02 a       524     0    27     1     4
  1.4864164147983039E-01 a       525     0    27     1     5
 -2.9907427241593393E-01 a       526     0    27     1     6
  3.4339809119363029E-01 a       527     0    27     1     7
 -5.9516056594057742E-01 a       528     0    27     1     8
  4.2873657109045715E-01 a       529     0    27     1     9
  1.6075527499753992E-01 a       530     0    27     1    10
  5.4117619370210435E-01 a       531     0    27     1    11
 -7.8708682425780260E-02 a       532     0    27     1    12
 -2.6729125585695673E-01 a       533     0    27     1    13
 -3.3261973502427583E-01 a       534     0    27     1    14
  4.7602036087912392E-01 a       535     0    27     1    15
 -1.5414814539866550E-01 a       536     0    27     1    16
  4.8383908669950119E-02 a       537     0    27     1    17
 -7.9204752033670112E-02 a       538     0    27     1    18
 -3.3832550145968932E-01 a       539     0    27     1    19
  4.2592589638898165E-01 a       540     0    27     1    20
 -3.9771413311985421E-01 a       541     0    28     1     1
  1.7308878854071655E-01 a       542     0    28     1     2
 -4.9509642899129069E-01 a       543     0    28     1     3
  1.5300033396552620E-01 a       544     0    28     1     4
  8.0989005551765400E-02 a       545     0    28     1     5
 -2.4586870733633845E-01 a       546     0    28     1     6
 -2.4242940331649498E-01 a       547     0    28     1     7
  8.4543817449044906E-02 a       548     0    28     1     8
 -2.8322235944952040E-01 a       549     0    28     1     9
 -3.6391453825377673E-01 a       550     0    28     1    10
  1.2339800699675811E-01 a       551     0    28     1    11
  1.3955814455310345E-01 a       552     0    28     1    12
 -7.2627087041028007E-02 a       553     0    28     1    13
  3.2328467246489379E-01 a       554     0    28     1    14
 -2.3315893117545058E-01 a       555     0    28     1    15
 -2.5746989973272810E-01 a       556     0    28     1    16
 -1.6233460928389659E-01 a       557     0    28     1    17
  1.1265158668359278E-01 a       558     0    28     1    18
 -2.8186226793207309E-01 a       559     0    28     1    19
 -2.9521006700193492E-01 a       560     0    28     1    20
  3.4425822524046179E-01 a       561     0    29     1     1
  7.8012703687303037E-02 a       562     0    29     1     2
  1.7662449053513088E-01 a       563     0    29     1     3
 -3.2970990170677689E-01 a       564     0    29     1     4
  2.3061484759842427E-01 a       565     0    29     1     5
 -4.1831777944432569E-01 a       566     0    29     1     6
  4.4550667176253361E-01 a       567     0    29     1     7
 -6.0681321242720876E-01 a       568     0    29     1     8
 -1.0588772550979324E-02 a       569     0    29     1     9
  9.2816727491061041E-02 a       570     0    29     1    10
 -7.7624882138898843E-01 a       571     0    29     1    11
 -7.9879670482030007E-01 a       572     0    29     1    12
 -4.5482848851885321E-01 a       573     0    29     1    13
 -3.2494164082004323E-01 a       574     0    29     1    14
 -2.0629357162824619E-02 a       575     0    29     1    15
 -2.6291136070583715E-01 a       576     0    29     1    16
  1.3646671816398551E-01 a       577     0    29     1    17
 -3.3298868930825398E-01 a       578     0    29     1    18
  1.9440499964202265E-01 a       579     0    29     1    19
 -7.1612609308289277E-02 a       580     0    29     1    20
  3.3597699450566409E-01 a       581     0    30     1     1
  1.8095514686297981E-01 a       582     0    30     1     2
 -7.1016073526489212E-02 a       583     0    30     1     3
 -3.6833037828685750E-01 a       584     0    30     1     4
 -4.1630776813113496E-01 a       585     0    30     1     5
  5.8794023266167672E-01 a       586     0    30     1     6
 -3.2323366238101497E-01 a       587     0    30     1     7
  5.6484287905057706E-01 a       588     0    30     1     8
  2.1812621151760716E-02 a       589     0    30     1     9
 -1.1913315178062585E-01 a       590     0    30     1    10
  2.5408613393595203E-01 a       591     0    30     1    11
 -7.2208672071760044E-02 a       592     0    30     1    12
  3.2541238690814316E-03 a       593     0    30     1    13
  2.5740238628614437E-01 a       594     0    30     1    14
  1.0358802062449951E-01 a       595     0    30     1    15
  5.5898877646715299E-02 a       596     0    30     1    16
 -2.6004815700627637E-01 a       597     0    30     1    17
  3.0056802637630925E-01 a       598     0    30     1    18
 -2.9337809195254533E-01 a       599     0    30     1    19
  9.6752133765897044E-02 a       600     0    30     1    20
  1.8708187588474051E-01 a       601     0    31     1     1
 -3.0596075929272432E-01 a       602     0    31     1     2
  5.0027117545140075E-02 a       603     0    31     1     3
 -4.9098348162304621E-02 a       604     0    31     1     4
 -2.5294682153304682E-01 a       605     0    31     1     5
 -4.3037361871258464E-02 a       606     0    31     1     6
  8.3986354976297861E-03 a       607     0    31     1     7
  1.6020748506311058E-01 a       608     0    31     1     8
 -2.4089821051985756E-03 a       609     0    31     1     9
 -1.8250878228136519E-01 a       610     0    31     1    10
  5.0554159138371121E-02 a       611     0    31     1    11
  2.7922705141110438E-01 a       612     0    31     1    12
  1.6297847442456809E-01 a       613     0    31     1    13
  4.8704367114581643E-01 a       614     0    31     1    14
  1.7539153070911570E-02 a       615     0    31     1    15
 -2.0559183264066722E-01 a       616     0    31     1    16
 -5.5339336414331719E-01 a       617     0    31     1    17
  3.3959847606216953E-01 a       618     0    31     1    18
 -3.8631381253848363E-01 a       619     0    31     1    19
  4.0762989911096503E-01 a       620     0    31     1    20
 -1.7399243074890283E-01 a       621     0    32     1     1
 -3.8315325379336440E-01 a       622     0    32     1     2
  1.2982176880636204E-01 a       623     0    32     1     3
  2.0377229333380573E-01 a       624     0    32     1     4
 -3.4381138413866696E-01 a       625     0    32     1     5
 -3.4248037159407962E-01 a       626     0    32     1     6
 -2.5772475920451687E-01 a       627     0    32     1     7
  5.4791085681019968E-03 a       628     0    32     1     8
  2.2674870476793854E-01 a       629     0    32     1     9
  2.0360815569227356E-01 a       630     0    32     1    10
  6.5054090986365665E-01 a       631     0    32     1    11
 -1.1807022016144215E-01 a       632     0    32     1    12
  2.6916830765107996E-01 a       633     0    32     1    13
 -4.2977118800452363E-01 a       634     0    32     1    14
 -7.2843452946635856E-01 a       635     0    32     1    15
  2.0541420549625120E-01 a       636     0    32     1    16
 -1.8568671764730715E-02 a       637     0    32     1    17
  4.4572584179971918E-02 a       638     0    32     1    18
  2.6998705109694064E-02 a       639     0    32     1    19
  1.1922656529455154E-01 a       640     0    32     1    20
  2.1145400288526350E-01 a       641     0    33     1     1
  8.2971051278547994E-02 a       642     0    33     1     2
 -2.6957826333655566E-01 a       643     0    33     1     3
  2.1129244496139010E-01 a       644     0    33     1     4
  4.7314907505570752E-01 a       645     0    33     1     5
  4.2819562608881589E-01 a       646     0    33     1     6
  9.1179476157208117E-02 a       647     0    33     1     7
 -1.1115104744556446E-01 a       648     0    33     1     8
 -6.6003820419169168E-01 a       649     0    33     1     9
  4.3540904596126173E-01 a       650     0    33     1    10
 -3.2383860766872863E-01 a       651     0    33     1    11
  2.6404263508121956E-01 a       652     0    33     1    12
 -8.3250794750188692E-02 a       653     0    33     1    13
 -1.2045394306837369E-01 a       654     0    33     1    14
  1.8738353078874774E-02 a       655     0    33     1    15
  2.8097425138452503E-01 a       656     0    33     1    16
  5.2418169311371898E-01 a       657     0    33     1    17
 -5.6912592956331431E-01 a       658     0    33     1    18
 -2.1906652931599266E-01 a       659     0    33     1    19
 -2.0853947785239291E-02 a       660     0    33     1    20
 -2.9728375052010453E-01 a       661     0    34     1     1
  5.7136831676374608E-02 a       662     0    34     1     2
 -5.2371554708404287E-02 a       663     0    34     1     3
  2.5948522902816734E-01 a       664     0    34     1     4
 -1.3120978612925866E-02 a       665     0    34     1     5
 -1.7153286606397408E-01 a       666     0    34     1     6
 -1.1266614380349976E-01 a       667     0    34     1     7
  1.0238273215281909E-01 a       668     0    34     1     8
 -6.5312035180924954E-01 a       669     0    34     1     9
 -2.2937141765533797E-02 a       670     0    34     1    10
  2.3083860775524487E-01 a       671     0    34     1    11
 -1.7937231300220441E-01 a       672     0    34     1    12
 -2.2779415287523361E-03 a       673     0    34     1    13
 -2.0749991039678523E-01 a       674     0    34     1    14
 -1.6880808447706694E-01 a       675     0    34     1    15
  7.5500082750656436E-02 a       676     0    34     1    16
  4.5956196154046941E-01 a       677     0    34     1    17
  8.7792464623857508E-02 a       678     0    34     1    18
 -2.0032060407518766E-02 a       679     0    34     1    19
  1.2309967454425202E-01 a       680     0    34     1    20
  3.1830670839640007E-01 a       681     0    35     1     1
 -2.0398807061652741E-01 a       682     0    35     1     2
 -4.2033082492917856E-01 a       683     0    35     1     3
 -1.3402619664990362E-01 a       684     0    35     1     4
 -1.3695285634141055E-01 a       685     0    35     1     5
  2.1232184662547188E-01 a       686     0    35     1     6
  3.6429033942504974E-01 a       687     0    35     1     7
 -3.4598560798461048E-01 a       688     0    35     1     8
  3.1879454377386462E-01 a       689     0    35     1     9
 -4.6704387171305306E-01 a       690     0    35     1    10
 -2.5973332884023809E-01 a       691     0    35     1    11
  1.9526092689287824E-01 a       692     0    35     1    12
 -5.4224831247026976E-02 a       693     0    35     1    13
 -3.0673659432771866E-01 a       694     0    35     1    14
 -3.1866704388601319E-01 a       695     0    35     1    15
  7.3541334115455881E-02 a       696     0    35     1    16
 -4.3959658733136442E-01 a       697     0    35     1    17
 -2.1065609412009015E-01 a       698     0    35     1    18
 -7.6392188516076298E-01 a       699     0    35     1    19
 -8.2391983843272329E-02 a       700     0    35     1    20
 -4.5188765918047068E-02 a       701     0    36     1     1
 -3.6314756048278585E-01 a       702     0    36     1     2
 -1.4345438445559558E-01 a       703     0    36     1     3
  1.7183978016082326E-02 a       704     0    36     1     4
 -2.3758328680318136E-01 a       705     0    36     1     5
  1.3863172851793196E-01 a       706     0    36     1     6
  6.7858104948146980E-02 a       707     0    36     1     7
 -3.6778018881328928E-01 a       708     0    36     1     8
  2.0241476546000051E-01 a       709     0    36     1     9
 -2.1206675985455356E-01 a       710     0    36     1    10
  4.3377039645341064E-02 a       711     0    36     1    11
  3.1464133159421326E-01 a       712     0    36     1    12
  1.9523486160814121E-01 a       713     0    36     1    13
  1.8039422881616832E-01 a       714     0    36     1    14
  3.4732375959824491E-01 a       715     0    36     1    15
 -5.7751869440857639E-01 a       716     0    36     1    16
 -1.2962628155490721E-01 a       717     0    36     1    17
 -7.8110788956187699E-02 a       718     0    36     1    18
 -2.0883476798780459E-01 a       719     0    36     1    19
 -1.4377060912861536E-01 a       720     0    36     1    20
  3.3969468747157450E-01 a       721     0    37     1     1
 -3.7288762833233402E-01 a       722     0    37     1     2
 -2.2650862897656601E-01 a       723     0    37     1     3
 -3.5426837137228778E-01 a       724     0    37     1     4
  2.4578917317552651E-01 a       725     0    37     1     5
  3.0229110931101921E-02 a       726     0    37     1     6
  3.7207450906925656E-02 a       727     0    37     1     7
 -1.8786756449924075E-01 a       728     0    37     1     8
 -1.2863900441677611E-01 a       729     0    37     1     9
  2.9621594074681146E-01 a       730     0    37     1    10
 -9.5834066493236725E-02 a       731     0    37     1    11
 -4.1017562914393943E-02 a       732     0    37     1    12
  2.4538514037444609E-01 a       733     0    37     1    13
 -9.2276598138213581E-02 a       734     0    37     1    14
  6.2967451464277735E-02 a       735     0    37     1    15
 -2.8682909174470105E-02 a       736     0    37     1    16
 -1.0891917107989446E-01 a       737     0    37     1    17
  5.6722930707861760E-02 a       738     0    37     1    18
  8.0824950248704161E-02 a       739     0    37     1    19
 -1.0671071276016623E-01 a       740     0    37     1    20
 -8.3786308126338652E-02 a       741     0    38     1     1
 -1.8003211462643878E-01 a       742     0    38     1     2
 -3.6892425268208395E-01 a       743     0    38     1     3
  5.0355967847505956E-01 a       744     0    38     1     4
 -3.8696098457740469E-01 a       745     0    38     1     5
 -1.8175561809873805E-01 a       746     0    38     1     6
 -1.4448356606006058E-01 a       747     0    38     1     7
  1.2796334025443096E-01 a       748     0    38     1     8
  1.6157667726482752E-01 a       749     0    38     1     9
  1.2641443235401442E-01 a       750     0    38     1    10
 -8.5670031384116635E-02 a       751     0    38     1    11
 -3.7684580551368679E-01 a       752     0    38     1    12
 -4.2573476440339812E-02 a       753     0    38     1    13
  8.8723982181684480E-01 a       754     0    38     1    14
  9.3714549121824281E-02 a       755     0    38     1    15
 -9.5907099828970499E-02 a       756     0    38     1    16
 -1.5263353415938669E-01 a       757     0    38     1    17
  4.3683769310979770E-01 a       758     0    38     1    18
  5.8434473555005439E-01 a       759     0    38     1    19
  2.4799647830772747E-01 a       760     0    38     1    20
 -2.4653173271072221E-01 a       761     0    39     1     1
  1.8900632418078689E-01 a       762     0    39     1     2
  4.2999481987070366E-03 a       763     0    39     1     3
 -1.4357877861270685E-01 a       764     0    39     1     4
  2.6311698802292749E-01 a       765     0    39     1     5
 -3.6565949515680279E-01 a       766     0    39     1     6
 -1.1304544962804652E-01 a       767     0    39     1     7
  1.7746308445506345E-01 a       768     0    39     1     8
  1.7044335962153281E-01 a       769     0    39     1     9
  6.6124050483218857E-02 a       770     0    39     1    10
  5.4925012104517745E-01 a       771     0    39     1    11
  1.5939938724598989E-02 a       772     0    39     1    12
 -7.8816586052466414E-02 a       773     0    39     1    13
 -3.3804732238717367E-01 a       774     0    39     1    14
  2.1429874709904922E-01 a       775     0    39     1    15
  3.1361833491595209E-01 a       776     0    39     1    16
 -2.2713705488341809E-01 a       777     0    39     1    17
  2.0118276219047176E-01 a       778     0    39     1    18
  2.4947152414052631E-01 a       779     0    39     1    19
 -1.7352548745611843E-01 a       780     0    39     1    20
  1.9132530377124954E-01 a       781     0    40     1     1
 -1.3816146898614989E-01 a       782     0    40     1     2
  4.1526394438685588E-01 a       783     0    40     1     3
 -2.3183199242009020E-01 a       784     0    40     1     4
 -1.5887345490522464E-01 a       785     0    40     1     5
  8.1666174625167245E-02 a       786     0    40     1     6
 -1.5607957898156760E-01 a       787     0    40     1     7
  1.4354061343019417E-01 a       788     0    40     1     8
  5.1642217543712943E-01 a       789     0    40     1     9
 -5.6732037634344687E-02 a       790     0    40     1    10
 -1.3110364054291754E-01 a       791     0    40     1    11
  1.7508847709108669E-02 a       792     0    40     1    12
  2.1178340379528748E-01 a       793     0    40     1    13
  7.6480822375014815E-02 a       794     0    40     1    14
 -8.6198987228686130E-02 a       795     0    40     1    15
  2.3325484585111592E-01 a       796     0    40     1    16
 -1.9172173407515283E-01 a       797     0    40     1    17
  4.0327112432312029E-01 a       798     0    40     1    18
  3.1020153410260193E-01 a       799     0    40     1    19
  1.6320906212435990E-01 a       800     0    40     1    20
  6.0032006063599000E-02 a       801     0    41     1     1
 -5.3343208760367487E-02 a       802     0    41     1     2
  2.0976832985500060E-01 a       803     0    41     1     3
 -1.2868884807621772E-01 a       804     0    41     1     4
  4.6794502901726609E-01 a       805     0    41     1     5
  6.2137254916790716E-02 a       806     0    41     1     6
  8.8168202130598866E-02 a       807     0    41     1     7
 -7.0532095009310548E-03 a       808     0    41     1     8
  1.2174038527986658E-02 a       809     0    41     1     9
  2.2519575582731319E-01 a       810     0    41     1    10
 -1.4577070258168634E-01 a       811     0    41     1    11
  1.8827306282686734E-01 a       812     0    41     1    12
 -2.3081581683877184E-02 a       813     0    41     1    13
  5.4932416657529307E-02 a       814     0    41     1    14
  2.7634784999422668E-01 a       815     0    41     1    15
 -1.1863475121611276E-01 a       816     0    41     1    16
 -6.1740076763073727E-02 a       817     0    41     1    17
 -2.9555570427582462E-01 a       818     0    41     1    18
 -9.0412070318323656E-02 a       819     0    41     1    19
  9.5104712841207403E-02 a       820     0    41     1    20
 -7.3301213546538263E-02 a       821     0    42     1     1
  1.5346464464689106E-02 a       822     0    42     1     2
 -4.9855566695938519E-02 a       823     0    42     1     3
  2.8255119470321571E-01 a       824     0    42     1     4
  3.3586488582910790E-01 a       825     0    42     1     5
  1.5021202977106780E-02 a       826     0    42     1     6
 -6.5138935672006182E-02 a       827     0    42     1     7
  1.0719348766443558E-01 a       828     0    42     1     8
 -1.4273827914760773E-01 a       829     0    42     1     9
 -3.8417308030151176E-01 a       830     0    42     1    10
  3.5105484205171644E-01 a       831     0    42     1    11
  1.4234343541248035E-01 a       832     0    42     1    12
 -1.0659845362970402E-01 a       833     0    42     1    13
 -2.1232505852867756E-01 a       834     0    42     1    14
  1.4781385511960014E-02 a       835     0    42     1    15
 -8.8127416344116263E-02 a       836     0    42     1    16
 -3.5090219605628269E-02 a       837     0    42     1    17
  3.4389883922525805E-01 a       838     0    42     1    18
  3.1833723186132847E-02 a       839     0    42     1    19
 -2.6345062035820870E-02 a       840     0    42     1    20
  9.9928476169276470E-02 a       841     0    43     1     1
  1.5320236659860487E-01 a       842     0    43     1     2
 -1.7180570258114275E-01 a       843     0    43     1     3
  1.5161240069675527E-01 a       844     0    43     1     4
 -1.7863474442205327E-01 a       845     0    43     1     5
 -7.5362712736114626E-02 a       846     0    43     1     6
  2.3870457535865724E-02 a       847     0    43     1     7
  7.1516108859865590E-02 a       848     0    43     1     8
  9.6111391301823793E-02 a       849     0    43     1     9
 -2.0570091735600871E-01 a       850     0    43     1    10
  1.9763605539815374E-01 a       851     0    43     1    11
 -1.1065056801882210E-01 a       852     0    43     1    12
  1.4972720438113732E-01 a       853     0    43     1    13
 -1.4868320235112534E-01 a       854     0    43     1    14
 -8.0714839295794927E-02 a       855     0    43     1    15
  4.9476067483706344E-02 a       856     0    43     1    16
 -1.0493270132499325E-02 a       857     0    43     1    17
  4.6831594289137135E-01 a       858     0    43     1    18
  6.0544471822646405E-02 a       859     0    43     1    19
 -3.9210894466648588E-01 a       860     0    43     1    20
  4.4189102919811235E-02 a       861     0    44     1     1
  7.5585026426051638E-02 a       862     0    44     1     2
  2.1662066397882959E-01 a       863     0    44     1     3
  1.7537058184102797E-01 a       864     0    44     1     4
 -7.8533259249874388E-01 a       865     0    44     1     5
 -4.5622609279790130E-02 a       866     0    44     1     6
  1.2694457838040199E-01 a       867     0    44     1     7
 -2.5148910586506606E-01 a       868     0    44     1     8
 -1.1505200666308926E-01 a       869     0    44     1     9
  5.0625653068761578E-01 a       870     0    44     1    10
 -3.3213840293474678E-01 a       871     0    44     1    11
 -2.8797828001544962E-01 a       872     0    44     1    12
  1.0284925458660664E-01 a       873     0    44     1    13
  1.7125111248010613E-01 a       874     0    44     1    14
 -2.1237106767946234E-01 a       875     0    44     1    15
 -1.2208442369210383E-01 a       876     0    44     1    16
  5.5243842561403168E-02 a       877     0    44     1    17
 -5.4468773589388275E-01 a       878     0    44     1    18
 -4.8008060615277605E-02 a       879     0    44     1    19
  4.5063426962011252E-02 a       880     0    44     1    20
 -2.0067475419079805E-01 a       881     0    45     1     1
  5.1607809291970830E-01 a       882     0    45     1     2
  8.7086733437051908E-02 a       883     0    45     1     3
 -4.9531967779507891E-01 a       884     0    45     1     4
  1.6122902661539495E-02 a       885     0    45     1     5
 -1.5580779747660908E-01 a       886     0    45     1     6
  1.1479937388012562E-01 a       887     0    45     1     7
  4.2570181798959696E-02 a       888     0    45     1     8
 -3.4178741840872029E-01 a       889     0    45     1     9
 -1.0661291038613345E-01 a       890     0    45     1    10
  7.0390760403701147E-01 a       891     0    45     1    11
  5.8035391225853460E-02 a       892     0    45     1    12
  1.4276186062117982E-01 a       893     0    45     1    13
 -2.2389139210918652E-01 a       894     0    45     1    14
 -6.1636987151088052E-01 a       895     0    45     1    15
  1.8933214173169619E-01 a       896     0    45     1    16
  3.3062863566527885E-02 a       897     0    45     1    17
 -4.4722725308367972E-01 a       898     0    45     1    18
 -8.3631725796744127E-01 a       899     0    45     1    19
 -1.0208816603602412E-01 a       900     0    45     1    20
  3.4099703290131650E-01 a       901     0    46     1     1
 -1.8351013334091368E-01 a       902     0    46     1     2
  1.5009492495211754E-01 a       903     0    46     1     3
  6.5524879819163273E-01 a       904     0    46     1     4
 -1.4260207807539765E-01 a       905     0    46     1     5
  2.6426370817758255E-01 a       906     0    46     1     6
  3.1559852369476987E-01 a       907     0    46     1     7
  3.5525564708269081E-01 a       908     0    46     1     8
  1.1498889390559841E-01 a       909     0    46     1     9
  4.4481724342949495E-02 a       910     0    46     1    10
 -7.1595211669824255E-01 a       911     0    46     1    11
 -1.4066554411661072E-02 a       912     0    46     1    12
  1.8356997432454093E-02 a       913     0    46     1    13
  2.1649848867586577E-01 a       914     0    46     1    14
 -4.8704279444842319E-02 a       915     0    46     1    15
  2.6639354771557627E-02 a       916     0    46     1    16
  8.3669347940804592E-02 a       917     0    46     1    17
 -1.0439861377445554E-01 a       918     0    46     1    18
  3.9808575813332997E-01 a       919     0    46     1    19
 -4.9127661464344746E-01 a       920     0    46     1    20
  1.6984286734398713E-01 a       921     0    47     1     1
 -1.8127439537978424E-01 a       922     0    47     1     2
 -4.2171268004900736E-01 a       923     0    47     1     3
  4.9260385214571462E-01 a       924     0    47     1     4
  2.5289199807759488E-01 a       925     0    47     1     5
 -4.9823129527072609E-02 a       926     0    47     1     6
 -2.5496384616626583E-01 a       927     0    47     1     7
  6.5516493665426501E-02 a       928     0    47     1     8
 -7.4478142904368203E-02 a       929     0    47     1     9
 -3.5246045832769546E-01 a       930     0    47     1    10
 -3.0239249580228617E-01 a       931     0    47     1    11
 -3.6729742557299044E-01 a       932     0    47     1    12
 -4.8953829180842116E-02 a       933     0    47     1    13
 -6.7125438534296533E-02 a       934     0    47     1    14
  9.7344814192553170E-02 a       935     0    47     1    15
  4.5896869680419788E-01 a       936     0    47     1    16
 -5.0402069227961754E-02 a       937     0    47     1    17
 -3.8647377211849199E-01 a       938     0    47     1    18
 -2.6776399635750175E-01 a       939     0    47     1    19
  5.7656254586216438E-01 a       940     0    47     1    20
 -3.3375268305077405E-01 a       941     0    48     1     1
  1.1412570147080060E-01 a       942     0    48     1     2
  1.2694576463378668E-01 a       943     0    48     1     3
 -5.0117869465224263E-01 a       944     0    48     1     4
  5.7598679823210909E-02 a       945     0    48     1     5
  6.9951106854631351E-02 a       946     0    48     1     6
  1.1103746961738786E-01 a       947     0    48     1     7
 -3.1945444094939601E-02 a       948     0    48     1     8
 -2.3600190323615761E-01 a       949     0    48     1     9
 -6.9252823153128015E-02 a       950     0    48     1    10
  4.7313328481932294E-02 a       951     0    48     1    11
  7.5004620095769650E-02 a       952     0    48     1    12
  2.4888108133073111E-02 a       953     0    48     1    13
  2.5541014304489591E-03 a       954     0    48     1    14
 -1.2307625679223530E-01 a       955     0    48     1    15
 -3.8652257329504580E-01 a       956     0    48     1    16
 -4.7084656984682137E-02 a       957     0    48     1    17
 -4.6993710170323755E-01 a       958     0    48     1    18
 -3.5601982433836743E-01 a       959     0    48     1    19
 -2.3195326841041825E-01 a       960     0    48     1    20
 -1.0195540787967811E-01 a       961     0    49     1     1
  1.7715388639454786E-02 a       962     0    49     1     2
  1.1974684710371583E-01 a       963     0    49     1     3
 -2.3382739203039538E-01 a       964     0    49     1     4
  5.4184299776357159E-01 a       965     0    49     1     5
 -2.1336098570489356E-01 a       966     0    49     1     6
 -8.7863304883790561E-03 a       967     0    49     1     7
 -2.3839732648698875E-01 a       968     0    49     1     8
  1.6063027160744978E-01 a       969     0    49     1     9
  3.7896133328590415E-01 a       970     0    49     1    10
  4.3461205659579938E-01 a       971     0    49     1    11
 -5.1012409591986951E-01 a       972     0    49     1    12
 -3.7669542286514301E-01 a       973     0    49     1    13
 -9.2174983143214151E-01 a       974     0    49     1    14
 -2.8620454577447973E-01 a       975     0    49     1    15
  3.4280141831862493E-01 a       976     0    49     1    16
 -2.3471124571629468E-01 a       977     0    49     1    17
  5.9880799497209439E-02 a       978     0    49     1    18
  4.3284342422672756E-01 a       979     0    49     1    19
 -3.8799533151908633E-01 a       980     0    49     1    20
  3.8837480278379355E-01 a       981     0    50     1     1
  8.9346546810256355E-01 a       982     0    50     1     2
 -4.5740207261692763E-02 a       983     0    50     1     3
  2.8463597831706444E-01 a       984     0    50     1     4
 -5.2170678822196048E-01 a       985     0    50     1     5
  8.3031300470876979E-01 a       986     0    50     1     6
  1.6218190824562276E-01 a       987     0    50     1     7
  3.1379943596497345E-01 a       988     0    50     1     8
 -8.3419641577231074E-01 a       989     0    50     1     9
 -2.0373153531254684E-01 a       990     0    50     1    10
 -9.8387773643182275E-01 a       991     0    50     1    11
  9.0418606753272764E-04 a       992     0    50     1    12
 -3.5605076127726576E-01 a       993     0    50     1    13
  9.0763259377021788E-01 a       994     0    50     1    14
  8.5307655843645347E-01 a       995     0    50     1    15
 -5.8408772187034219E-01 a       996     0    50     1    16
  7.0534839403985783E-01 a       997     0    50     1    17
  5.4191043706315722E-01 a       998     0    50     1    18
  1.5045397813677630E-01 a       999     0    50     1    19
  1.1543530447991021E-01 a      1000     0    50     1    20
 -1.7101436685625637E-01 a      1001     0    51     1     1
  6.1123009487576332E-02 a      1002     0    51     1     2
  1.8573420175262939E-01 a      1003     0    51     1     3
 -3.1548661264805808E-02 a      1004     0    51     1     4
 -1.2307239553420901E-01 a      1005     0    51     1     5
  7.8678990982965991E-02 a      1006     0    51     1     6
  5.5038311838100921E-02 a      1007     0    51     1     7
 -2.0564349748004676E-01 a      1008     0    51     1     8
  1.3632221351190313E-01 a      1009     0    51     1     9
  1.0122228961918134E-01 a      1010     0    51     1    10
 -1.3777347462922429E-01 a      1011     0    51     1    11
  3.8125233079394097E-02 a      1012     0    51     1    12
 -1.4424549931591510E-01 a      1013     0    51     1    13
  3.1700943700570050E-01 a      1014     0    51     1    14
  1.2532035489379767E-01 a      1015     0    51     1    15
  1.6022603216582146E-01 a      1016     0    51     1    16
  3.5723370242256559E-02 a      1017     0    51     1    17
 -2.2649238161355384E-01 a      1018     0    51     1    18
  1.6418755962511111E-01 a      1019     0    51     1    19
 -5.5610221049070256E-02 a      1020     0    51     1    20
  8.2494355991969293E-01 b      1021     1     1
  4.4943623015059075E-01 b      1022     1     2
 -1.2925300924387935E+00 b      1023     1     3
  3.1236061080979732E-01 b      1024     1     4
  1.3242211279102343E+00 b      1025     1     5
  9.6126701011925686E-01 b      1026     1     6
  2.4185269408952294E-02 b      1027     1     7
  5.8822341661999240E-02 b      1028     1     8
  1.4016151684088933E+00 b      1029     1     9
 -1.3897189787828688E+00 b      1030     1    10
 -1.2148154254971606E+00 b      1031     1    11
 -3.8674552658579503E-01 b      1032     1    12
  8.4344103584139063E-01 b      1033     1    13
 -8.0811407699783311E-01 b      1034     1    14
  6.0544867817973602E-01 b      1035     1    15
 -6.7303133633176448E-01 b      1036     1    16
 -5.4958851058259794E-01 b      1037     1    17
 -1.2705090879234722E+00 b      1038     1    18
  2.4353104815416537E-01 b      1039     1    19
  1.2624910287258277E+00 b      1040     1    20
  2.0482595882579702E-01 a      1041     1     1     2     1
  8.7196202999614347E-01 a      1042     1     1     2     2
  4.2664363422926277E-01 a      1043     1     1     2     3
  6.4177374385707486E-01 a      1044     1     1     2     4
 -5.5557472758194559E-01 a      1045     1     1     2     5
 -1.8263728031858575E-01 a      1046     1     1     2     6
  4.6181093299064009E-02 a      1047     1     1     2     7
 -9.7359789795803883E-02 a      1048     1     1     2     8
  2.2306112235140438E-01 a      1049     1     1     2     9
 -4.2656566661725248E-01 a      1050     1     1     2    10
 -1.9430445676670985E-01 a      1051     1     1     2    11
  1.3093342274611131E-01 a      1052     1     1     2    12
  2.1626184039388160E-01 a      1053     1     1     2    13
 -8.1868696084635845E-03 a      1054     1     1     2    14
  1.5462194703144350E-01 a      1055     1     1     2    15
 -1.0327224972709716E-02 a      1056     1     1     2    16
 -3.0650986130879865E-01 a      1057     1     1     2    17
 -1.3381103820958296E-01 a      1058     1     1     2    18
 -2.3016448643514133E-02 a      1059     1     1     2    19
  5.8118725079136277E-02 a      1060     1     1     2    20
 -5.1193810021892765E-02 a      1061     1     2     2     1
  5.2579320991988299E-01 a      1062     1     2     2     2
  5.3894741361909759E-01 a      1063     1     2     2     3
  7.3538941276790082E-01 a      1064     1     2     2     4
  2.0782005637426240E-01 a      1065     1     2     2     5
 -8.3155652760180679E-02 a      1066     1     2     2     6
 -4.4285401460567297E-01 a      1067     1     2     2     7
 -8.3310169786901325E-02 a      1068     1     2     2     8
  2.7236762543989296E-02 a      1069     1     2     2     9
  4.1037796717665742E-01 a      1070     1     2     2    10
 -3.3494356278463017E-01 a      1071     1     2     2    11
  7.8048519549704445E-02 a      1072     1     2     2    12
  5.1080867995374590E-01 a      1073     1     2     2    13
 -3.1911367157936132E-01 a      1074     1     2     2    14
 -6.0585347547869550E-01 a      1075     1     2     2    15
  3.4736907910694831E-01 a      1076     1     2     2    16
  5.7075031932173559E-01 a      1077     1     2     2    17
  4.9749639107044930E-01 a      1078     1     2     2    18
  5.2944988688287120E-02 a      1079     1     2     2    19
  1.1770390953626701E-01 a      1080     1     2     2    20
  2.6537560809352506E-01 a      1081     1     3     2     1
  3.6582262955912287E-01 a      1082     1     3     2     2
  3.9971404839601621E-01 a      1083     1     3     2     3
  9.0216564566751742E-02 a      1084     1     3     2     4
 -8.0103220349240889E-01 a      1085     1     3     2     5
  9.3624166720933100E-01 a      1086     1     3     2     6
 -5.3861842032954155E-01 a      1087     1     3     2     7
 -5.8659593641282637E-01 a      1088     1     3     2     8
  5.2268188236288438E-01 a      1089     1     3     2     9
  1.4519029609491901E-02 a      1090     1     3     2    10
  1.8992296818158130E-01 a      1091     1     3     2    11
  2.9967058006555602E-01 a      1092     1     3     2    12
 -3.2046630908313500E-01 a      1093     1     3     2    13
 -1.0349992083229865E-02 a      1094     1     3     2    14
  7.1171673104153355E-01 a      1095     1     3     2    15
 -6.1809421690852440E-01 a      1096     1     3     2    16
  3.0165033127100949E-01 a      1097     1     3     2    17
  4.8238310843755472E-01 a      1098     1     3     2    18
 -3.2196990403519937E-01 a      1099     1     3     2    19
 -6.1385645011806300E-01 a      1100     1     3     2    20
  2.2655221551012286E-01 a      1101     1     4     2     1
  1.0881830415361653E-01 a      1102     1     4     2     2
  3.3168359627821233E-03 a      1103     1     4     2     3
  4.6642429274499081E-01 a      1104     1     4     2     4
  1.7284123826572931E-01 a      1105     1     4     2     5
  8.7170981765261196E-02 a      1106     1     4     2     6
 -1.2037146112003282E-01 a      1107     1     4     2     7
 -6.5565714136823758E-02 a      1108     1     4     2     8
 -1.1208920896071922E-02 a      1109     1     4     2     9
  5.0338639999391921E-01 a      1110     1     4     2    10
 -9.1598449967951343E-02 a      1111     1     4     2    11
  5.8066167896687268E-03 a      1112     1     4     2    12
  1.2085137896749738E-01 a      1113     1     4     2    13
  6.9445677922755356E-02 a      1114     1     4     2    14
 -2.2307213638213477E-01 a      1115     1     4     2    15
 -1.6572174152854544E-01 a      1116     1     4     2    16
  2.6762101417918105E-01 a      1117     1     4     2    17
  2.6936979192151894E-01 a      1118     1     4     2    18
 -2.4447906272254899E-01 a      1119     1     4     2    19
 -8.7298148765849543E-02 a      1120     1     4     2    20
 -2.3355043507152427E-02 a      1121     1     5     2     1
 -1.8544702397799620E-01 a      1122     1     5     2     2
  8.1806699918456915E-01 a      1123     1     5     2     3
  8.9668916167490076E-01 a      1124     1     5     2     4
 -3.5798539763532350E-01 a      1125     1     5     2     5
  2.3722423904417578E-01 a      1126     1     5     2     6
  2.7231301866746704E-01 a      1127     1     5     2     7
  4.1705666288764409E-01 a      1128     1     5     2     8
 -5.0863989314100211E-01 a      1129     1     5     2     9
 -3.2457562481431806E-01 a      1130     1     5     2    10
 -3.0273149666736915E-01 a      1131     1     5     2    11
  2.8792144720034529E-01 a      1132     1     5     2    12
 -4.9406741422707917E-01 a      1133     1     5     2    13
 -1.9494926136324564E-01 a      1134     1     5     2    14
 -4.8863199181595185E-01 a      1135     1     5     2    15
  1.4494728682530333E-01 a      1136     1     5     2    16
 -8.6632754044178661E-01 a      1137     1     5     2    17
  1.0059640513171797E+00 a      1138     1     5     2    18
  5.4992619373399676E-01 a      1139     1     5     2    19
  4.6548410671719409E-01 a      1140     1     5     2    20
  7.9817476420954325E-01 a      1141     1     6     2     1
 -1.0936115372243711E-01 a      1142     1     6     2     2
  3.3016186320107999E-01 a      1143     1     6     2     3
 -1.2114974371457950E-01 a      1144     1     6     2     4
 -5.1989556026204975E-01 a      1145     1     6     2     5
 -8.1293869254023021E-01 a      1146     1     6     2     6
  8.1662692635367198E-02 a      1147     1     6     2     7
  5.1264027372752663E-01 a      1148     1     6     2     8
 -1.2428774219231785E-01 a      1149     1     6     2     9
  3.5870681813057019E-02 a      1150     1     6     2    10
 -6.3586979514648112E-01 a      1151     1     6     2    11
 -7.9852845483728496E-01 a      1152     1     6     2    12
  7.5405254597904725E-01 a      1153     1     6     2    13
  1.3538071896041823E-01 a      1154     1     6     2    14
  2.3246323962611601E-01 a      1155     1     6     2    15
  6.0973164311351369E-01 a      1156     1     6     2    16
  5.5833947538521755E-01 a      1157     1     6     2    17
  5.4510502394452609E-01 a      1158     1     6     2    18
 -6.6234046128944055E-02 a      1159     1     6     2    19
  4.7597991433118919E-01 a      1160     1     6     2    20
 -5.1688723851576523E-01 a      1161     1     7     2     1
  6.5717149241182368E-02 a      1162     1     7     2     2
  7.2816160894385695E-02 a      1163     1     7     2     3
 -1.9930356693865689E-01 a      1164     1     7     2     4
  4.7103370978028292E-01 a      1165     1     7     2     5
  1.3596170050031314E-01 a      1166     1     7     2     6
  8.9029165099464222E-02 a      1167     1     7     2     7
 -4.1865543199614730E-01 a      1168     1     7     2     8
 -8.8968627057377028E-02 a      1169     1     7     2     9
 -8.3580642716359704E-02 a      1170     1     7     2    10
 -1.6992817968510626E-01 a      1171     1     7     2    11
 -2.0188554105587289E-01 a      1172     1     7     2    12
 -2.3547764338947796E-01 a      1173     1     7     2    13
 -2.4678767295687115E-01 a      1174     1     7     2    14
 -4.4843335723736882E-01 a      1175     1     7     2    15
 -1.9507587658175915E-01 a      1176     1     7     2    16
  1.3021303358838623E-01 a      1177     1     7     2    17
  3.0843898974169937E-01 a      1178     1     7     2    18
  3.4662317885260657E-01 a      1179     1     7     2    19
  5.1450576328661368E-01 a      1180     1     7     2    20
 -5.4517935349226576E-01 a      1181     1     8     2     1
  1.8040786724248398E-01 a      1182     1     8     2     2
  2.7766943876528366E-01 a      1183     1     8     2     3
  1.9616388602604545E-01 a      1184     1     8     2     4
 -2.9096948873160212E-02 a      1185     1     8     2     5
  1.7178429576356441E-01 a      1186     1     8     2     6
 -3.0089699835706268E-01 a      1187     1     8     2     7
  2.6737680495162114E-01 a      1188     1     8     2     8
  4.0793626820580806E-03 a      1189     1     8     2     9
 -4.7724135225542547E-01 a      1190     1     8     2    10
 -3.4593619701967765E-01 a      1191     1     8     2    11
 -1.7871670327832787E-01 a      1192     1     8     2    12
  4.1344333947664230E-01 a      1193     1     8     2    13
 -2.8600633784748419E-01 a      1194     1     8     2    14
 -2.1291934559686701E-01 a      1195     1     8     2    15
  3.8769940300105105E-01 a      1196     1     8     2    16
 -1.6325148133442169E-01 a      1197     1     8     2    17
 -8.4513803443173524E-02 a      1198     1     8     2    18
  1.1063259897010627E-01 a      1199     1     8     2    19
 -1.2399941510067471E-01 a      1200     1     8     2    20
  4.5453254911916444E-02 a      1201     1     9     2     1
  3.9442443162152674E-01 a      1202     1     9     2     2
 -3.5966381393548319E-01 a      1203     1     9     2     3
  1.0689835123820036E-02 a      1204     1     9     2     4
 -5.5319804693668906E-01 a      1205     1     9     2     5
  1.7802762012664164E-01 a      1206     1     9     2     6
 -9.0586875582947285E-02 a      1207     1     9     2     7
 -1.0394592243074572E-02 a      1208     1     9     2     8
 -9.5102953314483729E-01 a      1209     1     9     2     9
 -2.3701868145385212E-02 a      1210     1     9     2    10
 -8.1916430429194287E-01 a      1211     1     9     2    11
 -6.7385336777267224E-01 a      1212     1     9     2    12
  1.4554563237581428E-01 a      1213     1     9     2    13
 -4.6029318980532985E-01 a      1214     1     9     2    14
 -3.7378531962834605E-01 a      1215     1     9     2    15
 -2.2368959090063223E-01 a      1216     1     9     2    16
 -8.5529484591566540E-01 a      1217     1     9     2    17
 -6.3984431243271112E-01 a      1218     1     9     2    18
  7.0194733188420788E-01 a      1219     1     9     2    19
  9.8922686919721103E-01 a      1220     1     9     2    20
  5.3532814083392455E-01 a      1221     1    10     2     1
  5.6574887186246081E-01 a      1222     1    10     2     2
  2.1180115046994677E-01 a      1223     1    10     2     3
 -9.2326336714084356E-02 a      1224     1    10     2     4
 -2.7829147601341264E-01 a      1225     1    10     2     5
  7.0256720702187248E-01 a      1226     1    10     2     6
 -2.7710135678510023E-01 a      1227     1    10     2     7
  2.9631397286684619E-01 a      1228     1    10     2     8
 -4.6899328510134852E-01 a      1229     1    10     2     9
 -4.7089580761585070E-01 a      1230     1    10     2    10
  4.3686188435609902E-01 a      1231     1    10     2    11
 -8.1073094121192857E-01 a      1232     1    10     2    12
 -1.4705571503377271E-01 a      1233     1    10     2    13
 -3.5353001416811514E-01 a      1234     1    10     2    14
 -7.7733601368452854E-01 a      1235     1    10     2    15
 -1.7081876783924896E-01 a      1236     1    10     2    16
 -1.3928100569947285E-01 a      1237     1    10     2    17
 -1.9746618027194468E-01 a      1238     1    10     2    18
 -3.2962091737365962E-01 a      1239     1    10     2    19
 -4.5079431364427569E-01 a      1240     1    10     2    20
  1.9712158186434542E-01 a      1241     1    11     2     1
 -7.0520795529084179E-01 a      1242     1    11     2     2
 -4.3824583739060213E-01 a      1243     1    11     2     3
  4.5215095754461013E-03 a      1244     1    11     2     4
 -6.0184105934306127E-02 a      1245     1    11     2     5
 -2.4540782850913323E-01 a      1246     1    11     2     6
 -3.8748093594191568E-01 a      1247     1    11     2     7
 -8.3041916357269846E-02 a      1248     1    11     2     8
  3.0684574178099694E-01 a      1249     1    11     2     9
  2.9417021000937921E-01 a      1250     1    11     2    10
  6.5272401168307820E-02 a      1251     1    11     2    11
 -3.3030444704746226E-01 a      1252     1    11     2    12
  3.8522960191446531E-01 a      1253     1    11     2    13
 -2.9370593562394551E-02 a      1254     1    11     2    14
  4.4539329149935608E-01 a      1255     1    11     2    15
  4.8491690489900019E-01 a      1256     1    11     2    16
  2.4531779825987463E-01 a      1257     1    11     2    17
  2.2840547052149254E-01 a      1258     1    11     2    18
 -6.6670013491616442E-01 a      1259     1    11     2    19
  1.4174180285688209E-01 a      1260     1    11     2    20
 -6.8867349148651680E-01 a      1261     1    12     2     1
  2.9963107762563534E-01 a      1262     1    12     2     2
  3.0023759612169498E-01 a      1263     1    12     2     3
 -1.9175608274529618E-01 a      1264     1    12     2     4
  3.7511741696743678E-01 a      1265     1    12     2     5
 -4.5491561109394996E-01 a      1266     1    12     2     6
  1.9706913988531152E-01 a      1267     1    12     2     7
  2.0756200551974244E-01 a      1268     1    12     2     8
  6.2493240953519746E-01 a      1269     1    12     2     9
 -5.9484505473047800E-01 a      1270     1    12     2    10
 -2.7101695557615848E-02 a      1271     1    12     2    11
 -1.3981494354237844E-01 a      1272     1    12     2    12
  6.0692593083677404E-01 a      1273     1    12     2    13
 -4.2800220854193799E-01 a      1274     1    12     2    14
 -1.5252099137942210E-01 a      1275     1    12     2    15
  9.6218914409272632E-02 a      1276     1    12     2    16
 -5.7900767498168959E-01 a      1277     1    12     2    17
 -2.9422467241127159E-01 a      1278     1    12     2    18
 -5.0541910877134799E-01 a      1279     1    12     2    19
 -1.7030048449880777E-01 a      1280     1    12     2    20
  6.5894275903136157E-01 a      1281     1    13     2     1
  1.5361395479883286E-01 a      1282     1    13     2     2
 -4.8365777014776135E-01 a      1283     1    13     2     3
 -3.9499485838461457E-01 a      1284     1    13     2     4
  2.1329633398506222E-02 a      1285     1    13     2     5
 -3.4931462517911793E-01 a      1286     1    13     2     6
 -3.4564314939767082E-01 a      1287     1    13     2     7
  4.0702343517402051E-01 a      1288     1    13     2     8
 -2.1095069399227478E-01 a      1289     1    13     2     9
  4.0095635809035429E-01 a      1290     1    13     2    10
  2.4729107361202471E-01 a      1291     1    13     2    11
 -4.8211419171639225E-01 a      1292     1    13     2    12
 -3.4902275567026925E-01 a      1293     1    13     2    13
 -1.0068760706566600E-01 a      1294     1    13     2    14
  5.9780261654453981E-01 a      1295     1    13     2    15
  2.2410467496778638E-01 a      1296     1    13     2    16
 -2.6989031041061906E-01 a      1297     1    13     2    17
 -1.5204950301541373E-01 a      1298     1    13     2    18
  5.1247529852318874E-01 a      1299     1    13     2    19
  2.9028018128141753E-01 a      1300     1    13     2    20
  3.0296127891153413E-01 a      1301     1    14     2     1
  4.2941408320966547E-03 a      1302     1    14     2     2
  1.3831407013433769E-01 a      1303     1    14     2     3
 -4.9252740662240230E-01 a      1304     1    14     2     4
  1.5372991496223148E-01 a      1305     1    14     2     5
  7.1371781921193878E-01 a      1306     1    14     2     6
  2.9612761489952510E-01 a      1307     1    14     2     7
  9.1970018405883466E-02 a      1308     1    14     2     8
  4.4719241738625393E-01 a      1309     1    14     2     9
  1.7851772164101451E-01 a      1310     1    14     2    10
  7.3173874674026396E-01 a      1311     1    14     2    11
  1.3627031252598271E-01 a      1312     1    14     2    12
 -2.8116005589071437E-02 a      1313     1    14     2    13
  3.8311503728473761E-01 a      1314     1    14     2    14
  4.6308427854005085E-01 a      1315     1    14     2    15
 -2.1651920585037798E-01 a      1316     1    14     2    16
  3.0695878736239351E-01 a      1317     1    14     2    17
  4.3822732767883232E-01 a      1318     1    14     2    18
  1.7499878696356422E-01 a      1319     1    14     2    19
 -1.6433663865783088E-01 a      1320     1    14     2    20
 -1.9002808639187130E-01 a      1321     1    15     2     1
  4.6657298047211326E-01 a      1322     1    15     2     2
 -1.9742187009209824E-01 a      1323     1    15     2     3
  2.6522525282161596E-01 a      1324     1    15     2     4
  4.0466574671322425E-01 a      1325     1    15     2     5
  1.2755600339909531E-01 a      1326     1    15     2     6
  3.7632918169791818E-01 a      1327     1    15     2     7
  2.0188410520131789E-01 a      1328     1    15     2     8
 -5.2815927659997164E-01 a      1329     1    15     2     9
  2.7822821354103261E-01 a      1330     1    15     2    10
  2.2884089399390878E-01 a      1331     1    15     2    11
  3.1040646933050109E-01 a      1332     1    15     2    12
 -3.7208163094532065E-01 a      1333     1    15     2    13
  3.6768457268183796E-01 a      1334     1    15     2    14
 -2.0411158929661866E-01 a      1335     1    15     2    15
  3.6226349742271305E-02 a      1336     1    15     2    16
  9.8785599389359963E-02 a      1337     1    15     2    17
  6.3463093009206425E-02 a      1338     1    15     2    18
 -3.9352429957536872E-01 a      1339     1    15     2    19
 -2.0224068804209108E-01 a      1340     1    15     2    20
 -2.7201431903776224E-01 a      1341     1    16     2     1
 -5.1486323181225235E-01 a      1342     1    16     2     2
 -3.1484848498345909E-02 a      1343     1    16     2     3
 -2.5865061759159896E-01 a      1344     1    16     2     4
  1.0953034955859661E-01 a      1345     1    16     2     5
 -3.8179076557999475E-01 a      1346     1    16     2     6
 -8.3984657482407588E-01 a      1347     1    16     2     7
  2.9096787893279635E-01 a      1348     1    16     2     8
  5.9071246525045606E-01 a      1349     1    16     2     9
 -6.8427323599418099E-01 a      1350     1    16     2    10
  3.4802989069468848E-01 a      1351     1    16     2    11
 -1.8972283124307196E-02 a      1352     1    16     2    12
 -7.0148125446801254E-02 a      1353     1    16     2    13
 -3.6192515658364321E-01 a      1354     1    16     2    14
 -3.8478067464123189E-01 a      1355     1    16     2    15
  7.5269977899952489E-01 a      1356     1    16     2    16
 -3.2049453271421685E-01 a      1357     1    16     2    17
 -3.9215782460724791E-01 a      1358     1    16     2    18
 -3.5683541115034856E-01 a      1359     1    16     2    19
  8.2468158248048085E-01 a      1360     1    16     2    20
  5.3056511219157299E-01 a      1361     1    17     2     1
 -1.3027390189796034E-01 a      1362     1    17     2     2
  4.9920561473483788E-01 a      1363     1    17     2     3
 -7.4001143640996592E-01 a      1364     1    17     2     4
  1.8883367431362585E-01 a      1365     1    17     2     5
  2.1544554454304149E-01 a      1366     1    17     2     6
  2.5828603331764549E-01 a      1367     1    17     2     7
 -7.6239614449628651E-02 a      1368     1    17     2     8
 -5.8529639315354687E-01 a      1369     1    17     2     9
  5.2853274984412513E-01 a      1370     1    17     2    10
  1.3000393533457424E-01 a      1371     1    17     2    11
  2.7528084963401594E-01 a      1372     1    17     2    12
  2.2709603473264148E-01 a      1373     1    17     2    13
  3.4181088313296082E-01 a      1374     1    17     2    14
  1.2032000495764107E-03 a      1375     1    17     2    15
 -1.6978217832469161E-01 a      1376     1    17     2    16
 -2.7581301736994024E-01 a      1377     1    17     2    17
  5.1150150099738534E-01 a      1378     1    17     2    18
  4.2960285437938511E-01 a      1379     1    17     2    19
  2.6175911317285011E-01 a      1380     1    17     2    20
 -5.6054228583002463E-02 a      1381     1    18     2     1
  6.7938561103570647E-02 a      1382     1    18     2     2
  3.7319560182875566E-01 a      1383     1    18     2     3
 -2.2171185947009647E-01 a      1384     1    18     2     4
 -2.9280939390163829E-01 a      1385     1    18     2     5
  4.3864883071997318E-01 a      1386     1    18     2     6
  6.2757004808701486E-02 a      1387     1    18     2     7
  3.2986531026234883E-01 a      1388     1    18     2     8
 -3.7216804255461589E-01 a      1389     1    18     2     9
 -5.2393215948516747E-01 a      1390     1    18     2    10
 -5.4182090481595398E-02 a      1391     1    18     2    11
  5.0392874214779693E-01 a      1392     1    18     2    12
 -5.4368398386706329E-01 a      1393     1    18     2    13
  1.1728124033720717E-01 a      1394     1    18     2    14
 -5.7445397235614259E-02 a      1395     1    18     2    15
  6.0917960746484617E-02 a      1396     1    18     2    16
  6.9770239426286340E-01 a      1397     1    18     2    17
  3.4926561631175668E-01 a      1398     1    18     2    18
 -3.7558000025898491E-01 a      1399     1    18     2    19
  1.8420721153061634E-01 a      1400     1    18     2    20
  1.8085961860886440E-01 a      1401     1    19     2     1
 -3.4837041379943878E-01 a      1402     1    19     2     2
 -2.9011185815967899E-01 a      1403     1    19     2     3
 -3.5113841655643152E-01 a      1404     1    19     2     4
  1.8100214208153681E-01 a      1405     1    19     2     5
 -7.7273906972095430E-01 a      1406     1    19     2     6
  1.3077043085624473E-02 a      1407     1    19     2     7
 -7.3923270368351957E-01 a      1408     1    19     2     8
  1.1954332815654067E-01 a      1409     1    19     2     9
  3.2453498571913099E-03 a      1410     1    19     2    10
 -1.1352526072219062E-01 a      1411     1    19     2    11
  6.5001040493539053E-01 a      1412     1    19     2    12
  5.9509640617304105E-01 a      1413     1    19     2    13
 -7.0190616225971236E-01 a      1414     1    19     2    14
  2.6150182609307743E-01 a      1415     1    19     2    15
  3.6812093990547995E-01 a      1416     1    19     2    16
  8.7630277214697727E-01 a      1417     1    19     2    17
  4.8254637954238316E-02 a      1418     1    19     2    18
  3.0499873684276962E-01 a      1419     1    19     2    19
 -3.7962538019525599E-01 a      1420     1    19     2    20
 -3.4327171072979140E-01 a      1421     1    20     2     1
 -1.7087764310016346E-01 a      1422     1    20     2     2
  4.7158901658181640E-01 a      1423     1    20     2     3
  7.1955173400210523E-03 a      1424     1    20     2     4
  1.8209763303171786E-01 a      1425     1    20     2     5
  3.7589024859818526E-01 a      1426     1    20     2     6
  1.3452888335106963E-01 a      1427     1    20     2     7
 -7.4327730992321606E-01 a      1428     1    20     2     8
 -1.8176058222428494E-02 a      1429     1    20     2     9
  1.6086997714177695E-01 a      1430     1    20     2    10
  5.8332698962023422E-01 a      1431     1    20     2    11
  8.7598377529151206E-01 a      1432     1    20     2    12
  4.6635065808933313E-01 a      1433     1    20     2    13
 -1.4958834890164535E-01 a      1434     1    20     2    14
  4.4156843955679242E-01 a      1435     1    20     2    15
  1.3901030462405120E-01 a      1436     1    20     2    16
  4.7753209784514150E-01 a      1437     1    20     2    17
  6.6961174893469078E-01 a      1438     1    20     2    18
 -3.9832138547954657E-02 a      1439     1    20     2    19
  4.7258362862843339E-01 a      1440     1    20     2    20
 -8.3384703117108927E-01 b      1441     2     1
  1.3296412529269921E+00 b      1442     2     2
  1.6012778075217711E+00 b      1443     2     3
  6.4261502980604046E-01 b      1444     2     4
  9.5139363747314065E-01 b      1445     2     5
  2.2332826976752979E-01 b      1446     2     6
  1.2373424149055336E+00 b      1447     2     7
  2.5405309547888694E-01 b      1448     2     8
 -7.7347925584946475E-01 b      1449     2     9
  1.5859301815620479E+00 b      1450     2    10
 -7.7971277521030735E-01 b      1451     2    11
  1.3685378256530695E-01 b      1452     2    12
  1.5453883298797941E+00 b      1453     2    13
 -6.1368802155743640E-01 b      1454     2    14
  7.5492567454494353E-01 b      1455     2    15
  1.7337394533772208E+00 b      1456     2    16
  7.5327111424200877E-01 b      1457     2    17
  1.3298139199429027E+00 b      1458     2    18
  5.0038126337590516E-01 b      1459     2    19
  4.7531343739116344E-01 b      1460     2    20
 -5.9270593841546948E-01 a      1461     2     1     3     1
  9.5074157134174730E-01 a      1462     2     2     3     1
  1.0289120899754616E+00 a      1463     2     3     3     1
  1.9396897380760167E+00 a      1464     2     4     3     1
  1.1641854581647979E+00 a      1465     2     5     3     1
 -1.5733805988187730E+00 a      1466     2     6     3     1
  2.1832350100637603E+00 a      1467     2     7     3     1
  7.1528250030505258E-01 a      1468     2     8     3     1
 -2.1831939650030652E+00 a      1469     2     9     3     1
  1.8572763712910534E+00 a      1470     2    10     3     1
 -2.0853572372764839E+00 a      1471     2    11     3     1
 -3.9242036247823214E-01 a      1472     2    12     3     1
  1.8539129614091410E+00 a      1473     2    13     3     1
 -1.0298515991471806E+00 a      1474     2    14     3     1
  1.0492693857219406E+00 a      1475     2    15     3     1
  1.6389126555061950E+00 a      1476     2    16     3     1
  3.8869076631604493E-01 a      1477     2    17     3     1
  1.2779303512930220E+00 a      1478     2    18     3     1
  1.4346866506663432E+00 a      1479     2    19     3     1
  1.3851896210199159E+00 a      1480     2    20     3     1
  1.5307988425605992E+00 b      1481     3     1
