################################################################################
# Neural network connection values (weights and biases).
################################################################################
# Col  Name       Description
################################################################################
# 1    connection Neural network connection value.
# 2    t          Connection type (a = weight, b = bias).
# 3    index      Index enumerating weights.
# 4    l_s        Starting point layer (end point layer for biases).
# 5    n_s        Starting point neuron in starting layer (end point neuron for biases).
# 6    l_e        End point layer.
# 7    n_e        End point neuron in end layer.
################################################################################
#                      1 2         3     4     5     6     7
#             connection t     index   l_s   n_s   l_e   n_e
############################################################
  2.3070631718946083E-01 a         1     0     1     1     1
 -2.4902381635199095E-01 a         2     0     1     1     2
 -9.2469021525622780E-02 a         3     0     1     1     3
 -2.6918002289987525E-01 a         4     0     1     1     4
 -1.9464743205515436E-01 a         5     0     1     1     5
 -5.1751646946602864E-02 a         6     0     1     1     6
  2.4792821433611029E-01 a         7     0     1     1     7
 -2.0073854406426797E-01 a         8     0     1     1     8
 -3.3871662229526861E-01 a         9     0     1     1     9
 -2.2918664289875476E-01 a        10     0     1     1    10
  2.0005221905641574E-01 a        11     0     1     1    11
  1.7563440171041120E-01 a        12     0     1     1    12
  6.2800719598769239E-01 a        13     0     1     1    13
 -4.2280453835439774E-01 a        14     0     1     1    14
  2.5853880713496824E-01 a        15     0     1     1    15
 -9.1878623646908353E-02 a        16     0     1     1    16
  2.7914699948863986E-01 a        17     0     1     1    17
  6.7539913024286330E-02 a        18     0     1     1    18
 -1.1275428890440763E-01 a        19     0     1     1    19
  1.0419941286560243E-01 a        20     0     1     1    20
 -1.6261372173809141E-01 a        21     0     2     1     1
  1.2905673310867125E-01 a        22     0     2     1     2
 -2.7242180099307384E-01 a        23     0     2     1     3
 -4.6035260507854413E-02 a        24     0     2     1     4
  1.0697381220525086E-01 a        25     0     2     1     5
  9.1995671374750676E-02 a        26     0     2     1     6
 -1.5059065272360023E-01 a        27     0     2     1     7
 -4.0371071159670219E-01 a        28     0     2     1     8
 -7.8038801228992913E-02 a        29     0     2     1     9
  2.1629748719816030E-01 a        30     0     2     1    10
 -2.8413456786003771E-01 a        31     0     2     1    11
 -3.7105871563213411E-01 a        32     0     2     1    12
 -1.7322256745793965E-01 a        33     0     2     1    13
  2.4636954378806178E-01 a        34     0     2     1    14
  3.4366364813916095E-01 a        35     0     2     1    15
 -4.3040765051819413E-01 a        36     0     2     1    16
 -1.6165885093676880E-02 a        37     0     2     1    17
  1.0093179252142963E-03 a        38     0     2     1    18
  7.5299063640513558E-02 a        39     0     2     1    19
  1.2015095032870571E-01 a        40     0     2     1    20
 -1.7351369608312217E-01 a        41     0     3     1     1
 -1.0830695185907996E-01 a        42     0     3     1     2
  1.6840001749565725E-01 a        43     0     3     1     3
 -2.5391164360653729E-01 a        44     0     3     1     4
 -5.1557658505002046E-02 a        45     0     3     1     5
  4.2029169916851766E-01 a        46     0     3     1     6
 -4.6926837737889335E-03 a        47     0     3     1     7
 -3.1718859996442539E-01 a        48     0     3     1     8
  2.1043761201204972E-01 a        49     0     3     1     9
  2.0537237893497226E-01 a        50     0     3     1    10
  1.2446247778788157E-01 a        51     0     3     1    11
  3.6488826114995300E-02 a        52     0     3     1    12
  3.5500502008993462E-02 a        53     0     3     1    13
  7.3134611932747284E-02 a        54     0     3     1    14
 -2.7225171103031404E-01 a        55     0     3     1    15
 -2.4971954988707978E-01 a        56     0     3     1    16
 -4.5158180450600682E-01 a        57     0     3     1    17
 -2.7154361156818835E-01 a        58     0     3     1    18
 -3.4389830388000378E-02 a        59     0     3     1    19
  2.1555055062093109E-01 a        60     0     3     1    20
 -2.4700524174141419E-01 a        61     0     4     1     1
  1.7725284645623751E-01 a        62     0     4     1     2
  9.8900526082095361E-02 a        63     0     4     1     3
 -3.1107523934276626E-02 a        64     0     4     1     4
 -2.6399568023327491E-02 a        65     0     4     1     5
  6.9982845809960295E-02 a        66     0     4     1     6
  1.1745304798989795E-01 a        67     0     4     1     7
 -1.3322713370068781E-01 a        68     0     4     1     8
 -8.7223338860099378E-02 a        69     0     4     1     9
 -1.4427244877472870E-01 a        70     0     4     1    10
  3.1906429549897523E-02 a        71     0     4     1    11
  5.1485810043482538E-01 a        72     0     4     1    12
 -1.5780980715010895E-01 a        73     0     4     1    13
  1.8755491009210046E-01 a        74     0     4     1    14
 -2.0881202665167669E-02 a        75     0     4     1    15
  2.7343458340689025E-01 a        76     0     4     1    16
  1.6139655337017299E-02 a        77     0     4     1    17
 -1.1940224591963083E-01 a        78     0     4     1    18
  2.4768456654439477E-01 a        79     0     4     1    19
 -4.5726323026882082E-01 a        80     0     4     1    20
 -1.2454759592383816E-01 a        81     0     5     1     1
 -3.9090438261409698E-02 a        82     0     5     1     2
  3.5317014481702697E-01 a        83     0     5     1     3
  7.8745774902819632E-01 a        84     0     5     1     4
  4.7192453181739390E-02 a        85     0     5     1     5
 -4.1479450952867661E-02 a        86     0     5     1     6
 -2.7610839776370960E-01 a        87     0     5     1     7
 -1.3685764819101440E-01 a        88     0     5     1     8
 -1.2160984341182629E-01 a        89     0     5     1     9
 -7.8726787846714802E-02 a        90     0     5     1    10
  9.6106987241899949E-02 a        91     0     5     1    11
  1.7909064101085462E-01 a        92     0     5     1    12
  1.3497496895617830E-01 a        93     0     5     1    13
 -4.6634522622698349E-01 a        94     0     5     1    14
 -7.0970653585283164E-02 a        95     0     5     1    15
  1.1131178243936686E-01 a        96     0     5     1    16
  6.6012464497601439E-02 a        97     0     5     1    17
 -1.4394723251178049E-01 a        98     0     5     1    18
 -3.3997257407580134E-01 a        99     0     5     1    19
 -2.9787754027946373E-01 a       100     0     5     1    20
  7.9032913841900088E-02 a       101     0     6     1     1
  4.3838605225478905E-01 a       102     0     6     1     2
  4.8668927864859923E-01 a       103     0     6     1     3
  8.0617751878189647E-01 a       104     0     6     1     4
  2.4396102978573858E-01 a       105     0     6     1     5
 -3.8890755850639785E-01 a       106     0     6     1     6
 -4.3225567999460612E-01 a       107     0     6     1     7
  5.0635654918994621E-01 a       108     0     6     1     8
  4.0412581272058867E-01 a       109     0     6     1     9
  4.1951722555326870E-01 a       110     0     6     1    10
  7.3365151818850816E-01 a       111     0     6     1    11
  1.1780722179133807E-01 a       112     0     6     1    12
 -3.9658496233871271E-01 a       113     0     6     1    13
  1.0124777123018627E-01 a       114     0     6     1    14
 -3.1716118328068510E-01 a       115     0     6     1    15
  9.2919372101049405E-02 a       116     0     6     1    16
  2.4993764528821194E-01 a       117     0     6     1    17
  2.4644818860107134E-02 a       118     0     6     1    18
  4.6186908454724313E-01 a       119     0     6     1    19
 -2.2512615715969350E-01 a       120     0     6     1    20
  2.5598766283648994E-01 a       121     0     7     1     1
 -3.5952097160246071E-01 a       122     0     7     1     2
 -2.5156502838805389E-01 a       123     0     7     1     3
 -8.3206681548233408E-01 a       124     0     7     1     4
  1.4422452900146315E-01 a       125     0     7     1     5
 -1.2842256105411096E-01 a       126     0     7     1     6
  1.3299148159943677E-01 a       127     0     7     1     7
 -1.5956306412779309E-01 a       128     0     7     1     8
  8.6979775682131083E-02 a       129     0     7     1     9
 -7.1865056986702380E-01 a       130     0     7     1    10
  2.2375166252685016E-01 a       131     0     7     1    11
 -2.4047173968786184E-01 a       132     0     7     1    12
 -3.3701728653847240E-01 a       133     0     7     1    13
 -2.2219990084995001E-01 a       134     0     7     1    14
  2.2654100131675053E-01 a       135     0     7     1    15
  2.2309613087317631E-01 a       136     0     7     1    16
 -6.6798434679624819E-01 a       137     0     7     1    17
 -3.7828754701312250E-02 a       138     0     7     1    18
 -3.6414738031443311E-01 a       139     0     7     1    19
 -2.0773361470956492E-01 a       140     0     7     1    20
  1.9207394107591880E-01 a       141     0     8     1     1
  3.1575313585041248E-01 a       142     0     8     1     2
 -4.5539704034711102E-02 a       143     0     8     1     3
 -1.6212089208599223E-01 a       144     0     8     1     4
 -2.7592758872870560E-01 a       145     0     8     1     5
  1.9742851236591730E-01 a       146     0     8     1     6
 -1.2888362506302167E-01 a       147     0     8     1     7
  1.0791348778068890E-01 a       148     0     8     1     8
  7.3776270560478849E-02 a       149     0     8     1     9
  8.9085653880821819E-02 a       150     0     8     1    10
 -2.3630677174226618E-02 a       151     0     8     1    11
 -1.4103134240533067E-02 a       152     0     8     1    12
  1.6536025749472463E-01 a       153     0     8     1    13
  1.6963134084122353E-01 a       154     0     8     1    14
 -4.6190864597125313E-02 a       155     0     8     1    15
 -2.3445682286488448E-01 a       156     0     8     1    16
  2.7189065592776146E-01 a       157     0     8     1    17
  3.1501933881052430E-01 a       158     0     8     1    18
  3.2757674544008925E-01 a       159     0     8     1    19
  5.9371024477634005E-01 a       160     0     8     1    20
  3.2427198330122653E-01 a       161     0     9     1     1
  3.6776875988167723E-01 a       162     0     9     1     2
  1.3549717710222092E-01 a       163     0     9     1     3
 -4.6763591111066732E-01 a       164     0     9     1     4
  1.5897584480932739E-01 a       165     0     9     1     5
 -2.7110748136269280E-01 a       166     0     9     1     6
 -4.3582459044851474E-01 a       167     0     9     1     7
 -9.3561429912873506E-01 a       168     0     9     1     8
  1.1249180055706752E-01 a       169     0     9     1     9
  6.5130084023921253E-01 a       170     0     9     1    10
  3.8963721750786856E-01 a       171     0     9     1    11
  5.2896218709024134E-01 a       172     0     9     1    12
 -3.8999208906318972E-01 a       173     0     9     1    13
 -3.1715155489418195E-01 a       174     0     9     1    14
 -2.2628066398714758E-01 a       175     0     9     1    15
 -4.7913770301613129E-01 a       176     0     9     1    16
 -8.1736035158541298E-01 a       177     0     9     1    17
  1.1422229912918360E+00 a       178     0     9     1    18
  4.6828350210725102E-02 a       179     0     9     1    19
 -1.6266525118710792E-01 a       180     0     9     1    20
 -1.6447135620252357E-01 a       181     0    10     1     1
 -3.9175102329330791E-01 a       182     0    10     1     2
 -5.3704821875245369E-02 a       183     0    10     1     3
  1.0301533186469258E+00 a       184     0    10     1     4
 -1.7691907783387129E-01 a       185     0    10     1     5
  5.1517633922022528E-02 a       186     0    10     1     6
  1.0461337248110032E+00 a       187     0    10     1     7
  7.2076637434976076E-01 a       188     0    10     1     8
  1.8603055132661012E-01 a       189     0    10     1     9
 -7.4862915219034110E-01 a       190     0    10     1    10
 -3.7456589042861671E-01 a       191     0    10     1    11
 -7.0215141485962307E-01 a       192     0    10     1    12
  6.8172698081604532E-01 a       193     0    10     1    13
  1.8054863689792383E-01 a       194     0    10     1    14
 -2.4743920837425268E-01 a       195     0    10     1    15
 -3.9991157546145684E-02 a       196     0    10     1    16
  8.2828817398391086E-01 a       197     0    10     1    17
 -1.4675367129179984E+00 a       198     0    10     1    18
  1.1623304822619469E-01 a       199     0    10     1    19
 -1.5928294232447013E-01 a       200     0    10     1    20
 -2.0926783568686108E-01 a       201     0    11     1     1
 -1.4669958344510226E-01 a       202     0    11     1     2
  3.5867904074582957E-01 a       203     0    11     1     3
  2.1997629927172677E-01 a       204     0    11     1     4
  7.5231731597994025E-02 a       205     0    11     1     5
 -2.7375531503521294E-01 a       206     0    11     1     6
  4.7016601058469387E-01 a       207     0    11     1     7
  1.6058230183845970E-01 a       208     0    11     1     8
 -2.2377444050620421E-01 a       209     0    11     1     9
 -4.4037905859389832E-02 a       210     0    11     1    10
 -3.1114814221791298E-01 a       211     0    11     1    11
 -6.8758889710433591E-01 a       212     0    11     1    12
  4.2207761350121102E-02 a       213     0    11     1    13
 -8.1070152093563164E-01 a       214     0    11     1    14
  3.6249048313930532E-01 a       215     0    11     1    15
 -1.5256704744681526E-01 a       216     0    11     1    16
 -5.4050046572373311E-01 a       217     0    11     1    17
  7.5650434086617313E-01 a       218     0    11     1    18
  6.5146333424603978E-02 a       219     0    11     1    19
  1.2627062357566379E-01 a       220     0    11     1    20
 -5.6937234107343150E-04 a       221     0    12     1     1
  3.3048848600832087E-01 a       222     0    12     1     2
 -5.2289300993482046E-01 a       223     0    12     1     3
 -1.5335699562663255E-01 a       224     0    12     1     4
  1.7330381637107478E-01 a       225     0    12     1     5
  4.5542142362166284E-02 a       226     0    12     1     6
 -1.1263723817761813E+00 a       227     0    12     1     7
 -3.9361366779197510E-01 a       228     0    12     1     8
 -3.3649244102236109E-01 a       229     0    12     1     9
  2.2170157050895423E-01 a       230     0    12     1    10
  6.3157328153860470E-01 a       231     0    12     1    11
  1.3753581638601231E+00 a       232     0    12     1    12
 -5.1104125247118526E-01 a       233     0    12     1    13
 -9.8120520848654219E-02 a       234     0    12     1    14
 -1.8449601499135361E-02 a       235     0    12     1    15
  2.8495348280040472E-01 a       236     0    12     1    16
  3.4406252471237420E-01 a       237     0    12     1    17
  2.4411157013513618E-01 a       238     0    12     1    18
 -1.5054984948194011E-01 a       239     0    12     1    19
  3.2476302115716371E-01 a       240     0    12     1    20
  2.4620172545039790E-03 a       241     0    13     1     1
 -4.1917349842282031E-01 a       242     0    13     1     2
  1.5201683430722662E-01 a       243     0    13     1     3
  1.5920025574215566E-01 a       244     0    13     1     4
 -3.3174837923636635E-01 a       245     0    13     1     5
  1.7353532374879185E-01 a       246     0    13     1     6
  3.6148820474643772E-01 a       247     0    13     1     7
  1.4696418348947304E-01 a       248     0    13     1     8
  1.5727742083986099E-01 a       249     0    13     1     9
 -6.2416585962453912E-02 a       250     0    13     1    10
 -1.3858852865022402E-02 a       251     0    13     1    11
 -1.5777091417709674E-01 a       252     0    13     1    12
 -9.0726159575947856E-03 a       253     0    13     1    13
 -6.4655179548112340E-01 a       254     0    13     1    14
 -7.2926047655027401E-02 a       255     0    13     1    15
  3.2162399608077730E-01 a       256     0    13     1    16
 -5.9858664982229481E-01 a       257     0    13     1    17
  1.5963283912574799E-01 a       258     0    13     1    18
  1.5202826090529821E-03 a       259     0    13     1    19
 -2.7871946848619678E-01 a       260     0    13     1    20
 -4.7402141437880252E-01 a       261     0    14     1     1
  1.0306177641079381E-01 a       262     0    14     1     2
 -3.7972614350020778E-01 a       263     0    14     1     3
 -5.5755976686397579E-01 a       264     0    14     1     4
  1.7610062120227535E-01 a       265     0    14     1     5
 -5.6076393386326895E-01 a       266     0    14     1     6
 -2.4156665146904616E-01 a       267     0    14     1     7
 -5.4245225070592384E-01 a       268     0    14     1     8
  2.9504752541718193E-01 a       269     0    14     1     9
 -2.4995566672694056E-01 a       270     0    14     1    10
  3.2152940719069691E-02 a       271     0    14     1    11
  2.4831207154668747E-01 a       272     0    14     1    12
  3.4085870069002011E-01 a       273     0    14     1    13
  8.1613285674216621E-02 a       274     0    14     1    14
  8.0669058346248124E-01 a       275     0    14     1    15
  1.5478196196559285E-01 a       276     0    14     1    16
 -3.4464008504468742E-02 a       277     0    14     1    17
  6.8532292562360736E-02 a       278     0    14     1    18
 -4.0477413223971626E-01 a       279     0    14     1    19
 -2.3576822020036906E-01 a       280     0    14     1    20
 -2.4539041220486674E-01 a       281     0    15     1     1
 -3.2477001289225221E-01 a       282     0    15     1     2
  5.8139678895779909E-02 a       283     0    15     1     3
  2.8949790213388216E-01 a       284     0    15     1     4
  4.2316999937874561E-01 a       285     0    15     1     5
 -2.3605286437652781E-01 a       286     0    15     1     6
  3.6618411253489153E-01 a       287     0    15     1     7
 -1.6699827922975707E-01 a       288     0    15     1     8
 -4.3912956062509223E-01 a       289     0    15     1     9
  2.9629645488670775E-01 a       290     0    15     1    10
  2.1731879849400437E-01 a       291     0    15     1    11
 -2.2339238496501264E-03 a       292     0    15     1    12
 -1.5498484992230604E-01 a       293     0    15     1    13
 -1.7255094970379820E-02 a       294     0    15     1    14
  1.0380969181776631E-01 a       295     0    15     1    15
 -2.1720083873359880E-01 a       296     0    15     1    16
 -1.6120700706995592E-01 a       297     0    15     1    17
 -1.1249375463042678E-01 a       298     0    15     1    18
 -1.3728878028725378E-01 a       299     0    15     1    19
 -2.6651583090748299E-03 a       300     0    15     1    20
  2.0471233956052537E-01 a       301     0    16     1     1
  7.1714583751990268E-01 a       302     0    16     1     2
  1.5988384700676947E-01 a       303     0    16     1     3
  8.4905785627713726E-01 a       304     0    16     1     4
  1.8794867169341228E-01 a       305     0    16     1     5
  5.6258234588521916E-01 a       306     0    16     1     6
 -3.3408997799331602E-01 a       307     0    16     1     7
 -2.3617270187108433E-01 a       308     0    16     1     8
 -1.6869513536739872E-01 a       309     0    16     1     9
  3.0488939079943816E-01 a       310     0    16     1    10
  1.1648400397760479E-01 a       311     0    16     1    11
  3.1877161815866717E-01 a       312     0    16     1    12
  7.2067303952217110E-03 a       313     0    16     1    13
 -2.1880678538604997E-01 a       314     0    16     1    14
  1.7427396505722965E-02 a       315     0    16     1    15
 -4.0436863994430794E-01 a       316     0    16     1    16
 -5.1521652000021623E-01 a       317     0    16     1    17
  4.8716606152444969E-02 a       318     0    16     1    18
 -3.5328053493318889E-01 a       319     0    16     1    19
  1.6962315263858990E-01 a       320     0    16     1    20
  1.4717556447962771E-01 a       321     0    17     1     1
 -2.3513930136728317E-01 a       322     0    17     1     2
 -1.0311673752373653E-02 a       323     0    17     1     3
 -3.7757031571790378E-01 a       324     0    17     1     4
 -2.0371510163227177E-01 a       325     0    17     1     5
 -7.6322826220599676E-03 a       326     0    17     1     6
  5.0661595008159366E-01 a       327     0    17     1     7
  1.6883344103538536E-01 a       328     0    17     1     8
 -1.6925414495576725E-02 a       329     0    17     1     9
  5.6753577887483420E-02 a       330     0    17     1    10
 -1.0222934425247080E-02 a       331     0    17     1    11
 -8.8721126922956528E-01 a       332     0    17     1    12
  4.9002202899413977E-01 a       333     0    17     1    13
  2.1142458235981373E-01 a       334     0    17     1    14
  3.9021314534581403E-01 a       335     0    17     1    15
  9.0999430844938958E-02 a       336     0    17     1    16
 -2.9038910715431643E-01 a       337     0    17     1    17
 -2.5589468430904866E-01 a       338     0    17     1    18
  1.8996229061669995E-01 a       339     0    17     1    19
  3.9285337130710238E-02 a       340     0    17     1    20
  2.6184612369598637E-01 a       341     0    18     1     1
 -1.4603006354449677E-01 a       342     0    18     1     2
 -1.7359157329878469E-01 a       343     0    18     1     3
  2.2292945983746595E-01 a       344     0    18     1     4
 -2.8526830372983858E-01 a       345     0    18     1     5
 -2.8373309213469113E-02 a       346     0    18     1     6
 -4.6007955408034001E-01 a       347     0    18     1     7
  2.9597187217016380E-01 a       348     0    18     1     8
  1.1498290847250804E-01 a       349     0    18     1     9
  3.5417265470677473E-02 a       350     0    18     1    10
  1.1073164853387119E-01 a       351     0    18     1    11
  8.4134857504391214E-01 a       352     0    18     1    12
 -4.3701171284646445E-01 a       353     0    18     1    13
  2.5131641509372027E-01 a       354     0    18     1    14
 -2.1050499739571368E-01 a       355     0    18     1    15
 -3.8256625663697325E-01 a       356     0    18     1    16
  1.2412194739688413E-02 a       357     0    18     1    17
  6.2458575480098855E-01 a       358     0    18     1    18
  2.4894366636027565E-01 a       359     0    18     1    19
 -1.3356414437593830E-01 a       360     0    18     1    20
  7.8342827098002887E-01 a       361     0    19     1     1
  9.0729489694897039E-02 a       362     0    19     1     2
  4.6168943288212427E-01 a       363     0    19     1     3
 -1.8108437301684444E-01 a       364     0    19     1     4
  3.2641543705517712E-01 a       365     0    19     1     5
  4.4708127523759200E-01 a       366     0    19     1     6
  1.1364497117926749E-01 a       367     0    19     1     7
 -1.4753407186885026E-02 a       368     0    19     1     8
  6.4671319755697532E-01 a       369     0    19     1     9
 -4.7643974993932407E-02 a       370     0    19     1    10
 -1.3441688394831125E-01 a       371     0    19     1    11
 -3.8723723641898194E-01 a       372     0    19     1    12
  2.3081706872873781E-01 a       373     0    19     1    13
  7.4429208859494689E-01 a       374     0    19     1    14
 -3.3514021395252547E-01 a       375     0    19     1    15
 -4.0184907271308135E-03 a       376     0    19     1    16
 -8.2233116582573970E-02 a       377     0    19     1    17
  3.0794178862109467E-01 a       378     0    19     1    18
  1.1953976759168894E+00 a       379     0    19     1    19
 -5.1572347980073763E-01 a       380     0    19     1    20
  4.8760961830338168E-01 a       381     0    20     1     1
 -1.7139455563258377E-01 a       382     0    20     1     2
  2.2466385401418806E-01 a       383     0    20     1     3
  1.5236158278509229E-01 a       384     0    20     1     4
 -9.7819386551902435E-02 a       385     0    20     1     5
  7.3590473838533385E-02 a       386     0    20     1     6
  9.4585386919964098E-02 a       387     0    20     1     7
 -2.7252859288856962E-01 a       388     0    20     1     8
 -1.6843689835752010E-01 a       389     0    20     1     9
 -5.2178591251102836E-02 a       390     0    20     1    10
  6.1341408319339798E-02 a       391     0    20     1    11
  2.1921493910479825E-01 a       392     0    20     1    12
  1.7661795266428329E-01 a       393     0    20     1    13
 -4.3801800673446599E-02 a       394     0    20     1    14
  7.7491147612723382E-02 a       395     0    20     1    15
  3.1613423068813851E-01 a       396     0    20     1    16
  1.2855543317342413E-01 a       397     0    20     1    17
 -3.6175002201743889E-01 a       398     0    20     1    18
 -1.5002353272486263E-01 a       399     0    20     1    19
  4.6970667376311059E-01 a       400     0    20     1    20
 -1.8305841848709668E-02 a       401     0    21     1     1
  7.5088736187161706E-02 a       402     0    21     1     2
  3.1681436968124477E-01 a       403     0    21     1     3
  6.4441304202636551E-02 a       404     0    21     1     4
 -1.4695257572885137E-01 a       405     0    21     1     5
  2.4600864852204515E-01 a       406     0    21     1     6
  1.8083619034207121E-01 a       407     0    21     1     7
  3.2483412553308583E-01 a       408     0    21     1     8
 -3.1150685927951935E-02 a       409     0    21     1     9
  3.3355150699626601E-01 a       410     0    21     1    10
  1.7561808901885809E-01 a       411     0    21     1    11
  2.6207808871428617E-01 a       412     0    21     1    12
  2.1444450327082215E-01 a       413     0    21     1    13
  6.5536054267309263E-01 a       414     0    21     1    14
 -3.9911733394178292E-02 a       415     0    21     1    15
  1.5346377338132869E-01 a       416     0    21     1    16
 -1.5309876615916368E-01 a       417     0    21     1    17
  1.0055273804778327E-01 a       418     0    21     1    18
 -9.0937547026696514E-02 a       419     0    21     1    19
 -2.8104262038013544E-01 a       420     0    21     1    20
  2.0859961522716131E-02 a       421     0    22     1     1
 -9.7743496756020745E-02 a       422     0    22     1     2
 -2.2085067966412086E-01 a       423     0    22     1     3
  3.2174081215993017E-01 a       424     0    22     1     4
  1.3035870686300807E-01 a       425     0    22     1     5
  2.6538638997789410E-01 a       426     0    22     1     6
  3.1790361323278632E-01 a       427     0    22     1     7
 -1.8031403255182786E-02 a       428     0    22     1     8
 -5.2888675254985335E-02 a       429     0    22     1     9
  1.0430838365520222E-01 a       430     0    22     1    10
 -4.8680353760254352E-01 a       431     0    22     1    11
 -4.4758907146521787E-01 a       432     0    22     1    12
  8.2623686900905879E-02 a       433     0    22     1    13
  1.1058789296555863E-01 a       434     0    22     1    14
  8.1569614619220099E-01 a       435     0    22     1    15
  2.1409871477546974E-01 a       436     0    22     1    16
  7.8623490425000025E-02 a       437     0    22     1    17
 -5.1762212699634680E-01 a       438     0    22     1    18
 -7.1263474063257323E-02 a       439     0    22     1    19
 -2.9055640467430532E-01 a       440     0    22     1    20
  2.3584914647675240E-01 a       441     0    23     1     1
 -1.0879706492588649E-01 a       442     0    23     1     2
 -3.7985995680189100E-01 a       443     0    23     1     3
 -1.3836634808510617E-01 a       444     0    23     1     4
 -4.1274130414531707E-01 a       445     0    23     1     5
 -2.8260504842338946E-01 a       446     0    23     1     6
 -4.6400075447459666E-01 a       447     0    23     1     7
 -1.6144442706876677E-02 a       448     0    23     1     8
 -1.3120409538824940E-01 a       449     0    23     1     9
  3.9639720377346988E-01 a       450     0    23     1    10
 -7.1463615379268847E-02 a       451     0    23     1    11
 -9.1860092423840273E-02 a       452     0    23     1    12
  1.2564855850981080E-01 a       453     0    23     1    13
 -3.0466585764013981E-01 a       454     0    23     1    14
 -5.9881468712853625E-01 a       455     0    23     1    15
  4.6683127752476489E-02 a       456     0    23     1    16
 -3.9257940279143594E-01 a       457     0    23     1    17
  1.4565510571477333E-01 a       458     0    23     1    18
  9.7036851140100011E-01 a       459     0    23     1    19
  1.6360785229814251E-01 a       460     0    23     1    20
  3.0064605741119133E-01 a       461     0    24     1     1
 -2.8579159854700675E-01 a       462     0    24     1     2
 -6.7971738585501762E-02 a       463     0    24     1     3
 -2.8911564155930247E-01 a       464     0    24     1     4
  1.3494272571654539E-01 a       465     0    24     1     5
 -3.4397156256207573E-01 a       466     0    24     1     6
  1.7402318757566232E-01 a       467     0    24     1     7
  2.2974003960367220E-01 a       468     0    24     1     8
  1.1321497692057828E-01 a       469     0    24     1     9
 -3.7470544069553741E-01 a       470     0    24     1    10
  3.9330294735824599E-03 a       471     0    24     1    11
  1.1486501675297851E-01 a       472     0    24     1    12
  2.8024711441537598E-01 a       473     0    24     1    13
  3.4946979745345680E-01 a       474     0    24     1    14
 -6.2997027276769790E-01 a       475     0    24     1    15
 -3.8932197008791025E-01 a       476     0    24     1    16
 -5.3743587990736708E-01 a       477     0    24     1    17
 -2.0077713978317491E-01 a       478     0    24     1    18
 -1.4530168231112825E-01 a       479     0    24     1    19
 -2.3959606966832744E-02 a       480     0    24     1    20
 -5.7579612370242017E-01 a       481     0    25     1     1
 -9.3124679143577319E-02 a       482     0    25     1     2
 -3.0180063710789773E-01 a       483     0    25     1     3
  7.3158281809863435E-01 a       484     0    25     1     4
  2.5732947519437688E-01 a       485     0    25     1     5
  1.8874700970462882E-01 a       486     0    25     1     6
 -1.5357753041044223E-01 a       487     0    25     1     7
  2.5715322211620528E-01 a       488     0    25     1     8
  3.6720061256044371E-02 a       489     0    25     1     9
  3.1030861661091180E-01 a       490     0    25     1    10
 -3.7771523300235954E-01 a       491     0    25     1    11
  6.1472564824328654E-02 a       492     0    25     1    12
 -4.5599088967038798E-01 a       493     0    25     1    13
 -1.8676238414336627E-01 a       494     0    25     1    14
  1.1598041796395414E-01 a       495     0    25     1    15
  4.7744011402489572E-01 a       496     0    25     1    16
  5.5074555463259145E-01 a       497     0    25     1    17
  3.7081820560835416E-01 a       498     0    25     1    18
  1.2807990193119532E+00 a       499     0    25     1    19
 -1.1096530822625150E-01 a       500     0    25     1    20
 -3.1823709241788012E-01 a       501     0    26     1     1
  3.3034337236613670E-01 a       502     0    26     1     2
 -3.8301257306592167E-02 a       503     0    26     1     3
  8.0490797234079953E-02 a       504     0    26     1     4
  2.0672031191021564E-01 a       505     0    26     1     5
  3.4051513091204771E-01 a       506     0    26     1     6
  1.9684577930864325E-01 a       507     0    26     1     7
  1.0488418713478004E-01 a       508     0    26     1     8
 -4.8579335287686314E-02 a       509     0    26     1     9
 -9.5216682241479698E-03 a       510     0    26     1    10
 -1.9602910265704288E-01 a       511     0    26     1    11
  1.0052888887980695E-01 a       512     0    26     1    12
  7.1497161354462921E-02 a       513     0    26     1    13
  3.7089935389666200E-02 a       514     0    26     1    14
  1.2817514660722579E-01 a       515     0    26     1    15
  3.4798431022863585E-01 a       516     0    26     1    16
  6.5772512411435757E-01 a       517     0    26     1    17
  1.6909712994396131E-01 a       518     0    26     1    18
 -1.5440854057719243E-02 a       519     0    26     1    19
 -1.6693716735274872E-01 a       520     0    26     1    20
  2.2883247860277869E-01 a       521     0    27     1     1
  2.9813969809113594E-01 a       522     0    27     1     2
 -2.7930129186910907E-01 a       523     0    27     1     3
 -7.2516468549863156E-01 a       524     0    27     1     4
 -2.1403015811422049E-01 a       525     0    27     1     5
  1.6012099010231349E-02 a       526     0    27     1     6
  5.0237048180540045E-01 a       527     0    27     1     7
  1.2156560016585982E-01 a       528     0    27     1     8
  3.8303598154641116E-01 a       529     0    27     1     9
 -3.1125015308249576E-01 a       530     0    27     1    10
  2.3945959089075949E-01 a       531     0    27     1    11
  7.1975542193917757E-03 a       532     0    27     1    12
 -3.0162655504083848E-02 a       533     0    27     1    13
  3.9404854536400868E-01 a       534     0    27     1    14
 -1.7547142848734526E-01 a       535     0    27     1    15
 -4.6407133607894790E-01 a       536     0    27     1    16
 -7.0683055974315223E-01 a       537     0    27     1    17
 -2.7756876453050994E-01 a       538     0    27     1    18
 -9.8059190067940483E-01 a       539     0    27     1    19
 -8.6040104231657685E-02 a       540     0    27     1    20
 -2.1345920382328171E-01 a       541     0    28     1     1
  1.8028257722990309E-02 a       542     0    28     1     2
 -1.8119343816536879E-01 a       543     0    28     1     3
 -1.3772810913492359E-01 a       544     0    28     1     4
 -1.5017973089287640E-02 a       545     0    28     1     5
  9.8641996263397605E-02 a       546     0    28     1     6
  2.6137069966055426E-01 a       547     0    28     1     7
  1.1656166819932121E-01 a       548     0    28     1     8
 -2.8269794323838665E-01 a       549     0    28     1     9
  3.3741904608220491E-01 a       550     0    28     1    10
 -9.3567379150407567E-02 a       551     0    28     1    11
  2.1252891512645181E-01 a       552     0    28     1    12
 -3.4561622876204290E-01 a       553     0    28     1    13
 -1.8017910284520958E-01 a       554     0    28     1    14
 -4.6247768825877128E-01 a       555     0    28     1    15
 -4.6773336217813244E-01 a       556     0    28     1    16
 -7.6999388377180344E-02 a       557     0    28     1    17
  1.9102124435671837E-02 a       558     0    28     1    18
 -4.0111922027597620E-02 a       559     0    28     1    19
  4.9119227364596740E-01 a       560     0    28     1    20
 -2.9171118366939086E-01 a       561     0    29     1     1
 -3.0901357522802048E-01 a       562     0    29     1     2
 -9.3811660249370959E-02 a       563     0    29     1     3
  9.8596659660562844E-02 a       564     0    29     1     4
 -1.3387692956549419E-02 a       565     0    29     1     5
  2.3040670271648364E-01 a       566     0    29     1     6
  1.7788395016692024E-01 a       567     0    29     1     7
 -5.1653501663778578E-01 a       568     0    29     1     8
 -1.4119510255332604E-01 a       569     0    29     1     9
  1.8973828186126832E-01 a       570     0    29     1    10
 -2.1945778057152465E-01 a       571     0    29     1    11
 -2.2737374160437646E-01 a       572     0    29     1    12
 -9.7913956539090616E-02 a       573     0    29     1    13
  7.8534315361360837E-02 a       574     0    29     1    14
  1.6233090805783687E-01 a       575     0    29     1    15
 -1.3595927530004423E-01 a       576     0    29     1    16
 -2.8271883814665483E-01 a       577     0    29     1    17
 -4.4776694242720808E-02 a       578     0    29     1    18
 -2.4705017220520042E-01 a       579     0    29     1    19
 -1.5543924529987538E-01 a       580     0    29     1    20
 -6.3739446943432421E-01 a       581     0    30     1     1
  1.7860889499285348E-01 a       582     0    30     1     2
  1.7934235568592971E-02 a       583     0    30     1     3
 -5.7933897143229836E-02 a       584     0    30     1     4
  4.1509021235517224E-01 a       585     0    30     1     5
 -2.2298449891212244E-01 a       586     0    30     1     6
 -3.2995342657139831E-01 a       587     0    30     1     7
  1.8282496611703610E-03 a       588     0    30     1     8
  2.6391199076312283E-01 a       589     0    30     1     9
 -3.0328539507875774E-01 a       590     0    30     1    10
 -2.6029928391107824E-02 a       591     0    30     1    11
 -1.7790768438854579E-01 a       592     0    30     1    12
  2.9942088656628224E-01 a       593     0    30     1    13
 -5.6696923230586324E-02 a       594     0    30     1    14
  3.6327319586920420E-01 a       595     0    30     1    15
  7.8260850819272171E-02 a       596     0    30     1    16
 -2.1184355196163629E-01 a       597     0    30     1    17
 -2.8098785064955067E-01 a       598     0    30     1    18
 -9.0828656527478485E-02 a       599     0    30     1    19
  3.8112879877971600E-02 a       600     0    30     1    20
 -1.8162607813063858E-01 a       601     0    31     1     1
  2.8083489666366279E-01 a       602     0    31     1     2
  4.6569759115955817E-01 a       603     0    31     1     3
  3.7422940360526602E-01 a       604     0    31     1     4
 -6.7728695992120003E-02 a       605     0    31     1     5
 -1.7213267407616176E-01 a       606     0    31     1     6
  2.3686993246242116E-01 a       607     0    31     1     7
 -5.6085173952825274E-01 a       608     0    31     1     8
 -1.2638004524931729E-01 a       609     0    31     1     9
 -1.2377571934845678E-01 a       610     0    31     1    10
  3.2882377659628992E-01 a       611     0    31     1    11
 -7.9448916606478459E-01 a       612     0    31     1    12
  1.1180511837669940E-01 a       613     0    31     1    13
 -2.1541757745782919E-01 a       614     0    31     1    14
  4.5389841348843024E-01 a       615     0    31     1    15
 -1.6804861085889342E-01 a       616     0    31     1    16
 -3.4045213058275792E-01 a       617     0    31     1    17
  1.8247102245665561E-01 a       618     0    31     1    18
  2.9268479844598555E-01 a       619     0    31     1    19
  1.9709409273239789E-01 a       620     0    31     1    20
  5.2226807707411749E-01 a       621     0    32     1     1
 -1.2451170816386639E-01 a       622     0    32     1     2
  2.6881506709580238E-01 a       623     0    32     1     3
 -6.1624762297568053E-02 a       624     0    32     1     4
  1.9103664753895622E-01 a       625     0    32     1     5
 -2.5650099913546942E-01 a       626     0    32     1     6
 -4.9577732402016528E-01 a       627     0    32     1     7
  3.0057642581697619E-01 a       628     0    32     1     8
 -2.4663127456782483E-01 a       629     0    32     1     9
  2.3791379147889347E-01 a       630     0    32     1    10
  1.7012247092103949E-01 a       631     0    32     1    11
  8.4172619565591231E-02 a       632     0    32     1    12
  2.4964082007717700E-01 a       633     0    32     1    13
  1.1043172436316694E-01 a       634     0    32     1    14
  4.5308438284162103E-02 a       635     0    32     1    15
  1.8578407521371090E-01 a       636     0    32     1    16
  3.3261568787908663E-01 a       637     0    32     1    17
  8.3528393511425412E-03 a       638     0    32     1    18
 -7.5015681003100843E-01 a       639     0    32     1    19
  1.5841104138023854E-01 a       640     0    32     1    20
  2.9687401637207478E-01 a       641     0    33     1     1
  3.9967171018642145E-01 a       642     0    33     1     2
  1.6736928754611433E-01 a       643     0    33     1     3
 -1.1159475549060689E-01 a       644     0    33     1     4
 -5.1146454039622724E-01 a       645     0    33     1     5
 -2.9147874818906927E-01 a       646     0    33     1     6
 -3.2024984242972593E-01 a       647     0    33     1     7
  3.7710636584451264E-02 a       648     0    33     1     8
  1.0734558757286303E-01 a       649     0    33     1     9
  1.2093635583171095E-01 a       650     0    33     1    10
 -3.6543856843018763E-01 a       651     0    33     1    11
 -2.5683411394460731E-01 a       652     0    33     1    12
  8.8021294773853537E-02 a       653     0    33     1    13
  4.2227586571731879E-01 a       654     0    33     1    14
  2.5739937818832482E-02 a       655     0    33     1    15
  1.4203252633177715E-01 a       656     0    33     1    16
 -4.4806994288707720E-02 a       657     0    33     1    17
 -3.3396166841323009E-02 a       658     0    33     1    18
  4.5421381485302209E-01 a       659     0    33     1    19
  6.3707947161424042E-02 a       660     0    33     1    20
 -3.7460066509396472E-01 a       661     0    34     1     1
 -1.5662977361018154E-01 a       662     0    34     1     2
 -1.6350438343007212E-01 a       663     0    34     1     3
 -2.9044456803576535E-01 a       664     0    34     1     4
  4.4962872248976987E-01 a       665     0    34     1     5
  1.0891578595961504E-01 a       666     0    34     1     6
  1.4643022733090885E-01 a       667     0    34     1     7
  1.0990200877686533E-01 a       668     0    34     1     8
 -1.9735286657549790E-02 a       669     0    34     1     9
 -1.3227791867749858E-01 a       670     0    34     1    10
 -5.1554659240082110E-02 a       671     0    34     1    11
  3.2410441096619286E-01 a       672     0    34     1    12
  2.5546742715819082E-01 a       673     0    34     1    13
  2.8217053877664505E-01 a       674     0    34     1    14
 -2.9877970404385829E-01 a       675     0    34     1    15
 -9.2402507165398690E-02 a       676     0    34     1    16
  3.4714494202150803E-01 a       677     0    34     1    17
 -1.3126767486205212E-01 a       678     0    34     1    18
 -2.4414034195740883E-01 a       679     0    34     1    19
 -2.2842019323178800E-01 a       680     0    34     1    20
  4.7109767804673214E-02 a       681     0    35     1     1
 -8.0337247604231199E-01 a       682     0    35     1     2
 -3.9866332273714034E-01 a       683     0    35     1     3
 -1.2070274572189058E-01 a       684     0    35     1     4
  4.2125374130094262E-01 a       685     0    35     1     5
 -1.6929920694604808E-01 a       686     0    35     1     6
  2.9745605275652520E-01 a       687     0    35     1     7
  7.3861350780337631E-01 a       688     0    35     1     8
 -3.6942541870327095E-01 a       689     0    35     1     9
  7.2214934322959612E-02 a       690     0    35     1    10
  3.9029657356734436E-02 a       691     0    35     1    11
 -4.7697915140328784E-01 a       692     0    35     1    12
 -4.0850592981174738E-01 a       693     0    35     1    13
  6.5811436890367925E-01 a       694     0    35     1    14
 -3.3955691091133333E-01 a       695     0    35     1    15
  1.3910144110230124E-01 a       696     0    35     1    16
  5.0613255981476968E-01 a       697     0    35     1    17
 -3.0232584706477006E-01 a       698     0    35     1    18
 -7.0495354734191520E-03 a       699     0    35     1    19
  4.5020370399707646E-02 a       700     0    35     1    20
  1.8170599822813846E-01 a       701     0    36     1     1
  1.6337736750358997E-01 a       702     0    36     1     2
  1.4639783977499411E-02 a       703     0    36     1     3
 -3.5638050964203238E-01 a       704     0    36     1     4
 -1.1351674235439271E-01 a       705     0    36     1     5
 -8.4310742359697224E-02 a       706     0    36     1     6
 -2.2316969285872501E-01 a       707     0    36     1     7
  1.7247103449835319E-01 a       708     0    36     1     8
 -7.5181464551170071E-02 a       709     0    36     1     9
  2.7534092973334229E-01 a       710     0    36     1    10
 -2.9066238447306358E-01 a       711     0    36     1    11
  2.2594930233346691E-01 a       712     0    36     1    12
  3.0059219345134897E-01 a       713     0    36     1    13
 -4.7989344309009266E-02 a       714     0    36     1    14
  2.6420846423889099E-01 a       715     0    36     1    15
 -2.6264498767959274E-03 a       716     0    36     1    16
 -1.2489429779294153E-01 a       717     0    36     1    17
 -2.6212117654707673E-01 a       718     0    36     1    18
 -1.3637529455859318E-01 a       719     0    36     1    19
 -1.2151515583003747E-01 a       720     0    36     1    20
 -6.6374726613970939E-02 a       721     0    37     1     1
 -3.8565566026299047E-01 a       722     0    37     1     2
 -4.8531476522852966E-02 a       723     0    37     1     3
  2.5878563143272464E-02 a       724     0    37     1     4
  5.5147788905302433E-02 a       725     0    37     1     5
  3.7172949764538932E-01 a       726     0    37     1     6
  4.7766298601865431E-01 a       727     0    37     1     7
 -4.1996498140264382E-01 a       728     0    37     1     8
 -1.6503058642346022E-01 a       729     0    37     1     9
  5.0748895081329393E-01 a       730     0    37     1    10
  1.8040887055145702E-01 a       731     0    37     1    11
 -2.3188737332327743E-02 a       732     0    37     1    12
 -3.6212576004368452E-01 a       733     0    37     1    13
 -5.2348022480905898E-01 a       734     0    37     1    14
  1.4312403479814492E-01 a       735     0    37     1    15
 -4.0083829566113088E-01 a       736     0    37     1    16
 -1.7194275043028415E-01 a       737     0    37     1    17
  5.2345679154901542E-02 a       738     0    37     1    18
  1.1155773334681113E-01 a       739     0    37     1    19
 -1.5293832380968558E-01 a       740     0    37     1    20
  3.9541135374226433E-01 a       741     0    38     1     1
  3.6486725370750694E-01 a       742     0    38     1     2
  1.1691981336833374E-01 a       743     0    38     1     3
  4.6935308310417610E-02 a       744     0    38     1     4
 -6.2647735821599448E-03 a       745     0    38     1     5
  2.1300752891844030E-01 a       746     0    38     1     6
  5.5476130570492159E-02 a       747     0    38     1     7
 -2.2072123502456364E-02 a       748     0    38     1     8
  2.9937006195660731E-01 a       749     0    38     1     9
 -2.6901953186840999E-01 a       750     0    38     1    10
 -3.1096437190316256E-01 a       751     0    38     1    11
  2.2843988378644275E-01 a       752     0    38     1    12
  8.4600679532252469E-03 a       753     0    38     1    13
  4.4421076723941599E-01 a       754     0    38     1    14
 -4.3682169198119608E-01 a       755     0    38     1    15
  2.5113826590657951E-01 a       756     0    38     1    16
  1.3960797545571660E-01 a       757     0    38     1    17
 -5.0351682301017331E-02 a       758     0    38     1    18
  9.8083130639402535E-02 a       759     0    38     1    19
  4.2187399760552391E-01 a       760     0    38     1    20
 -5.0381937242701869E-01 a       761     0    39     1     1
 -2.2933545555229570E-01 a       762     0    39     1     2
  8.2969295857852857E-02 a       763     0    39     1     3
  2.0717810075058077E-01 a       764     0    39     1     4
 -3.8929764343374990E-01 a       765     0    39     1     5
  5.9791736703828171E-04 a       766     0    39     1     6
 -6.8886531857282302E-02 a       767     0    39     1     7
  8.2044077052695272E-03 a       768     0    39     1     8
  2.2636686559649041E-01 a       769     0    39     1     9
  1.1131516148884753E-01 a       770     0    39     1    10
 -3.0984105141644899E-02 a       771     0    39     1    11
  1.1872233297916894E-01 a       772     0    39     1    12
 -3.5727546849469599E-01 a       773     0    39     1    13
  5.2487682658774482E-01 a       774     0    39     1    14
 -5.6782687566080670E-01 a       775     0    39     1    15
  1.1895739467886124E-01 a       776     0    39     1    16
 -4.3446451583407800E-03 a       777     0    39     1    17
  1.5803560929221810E-01 a       778     0    39     1    18
  5.9178449781111642E-02 a       779     0    39     1    19
  2.9510530992613315E-01 a       780     0    39     1    20
  4.7356113905227926E-02 a       781     0    40     1     1
  9.4168458420318979E-01 a       782     0    40     1     2
 -1.1532108717720745E-01 a       783     0    40     1     3
  2.2750616289028522E-01 a       784     0    40     1     4
  4.6686770670060301E-01 a       785     0    40     1     5
 -2.2716911737995302E-01 a       786     0    40     1     6
 -2.2288232040437663E-03 a       787     0    40     1     7
  2.3546405246729771E-01 a       788     0    40     1     8
  6.7028893357468999E-01 a       789     0    40     1     9
 -5.9081637954311161E-01 a       790     0    40     1    10
  3.8296992424892123E-01 a       791     0    40     1    11
 -2.7627699184362731E-01 a       792     0    40     1    12
  5.4903559124093915E-01 a       793     0    40     1    13
  2.0445317193702850E-01 a       794     0    40     1    14
  1.0010220682109429E-01 a       795     0    40     1    15
 -4.6021530976484964E-01 a       796     0    40     1    16
  3.0895922683776500E-01 a       797     0    40     1    17
  3.2943101241461969E-01 a       798     0    40     1    18
 -1.5321354635640533E-01 a       799     0    40     1    19
 -1.6244663441556445E-01 a       800     0    40     1    20
 -2.9276499314703518E-02 a       801     0    41     1     1
 -3.5305794557936843E-01 a       802     0    41     1     2
  2.7599333909967932E-01 a       803     0    41     1     3
 -3.6429762918246106E-01 a       804     0    41     1     4
  9.4019571781328595E-02 a       805     0    41     1     5
  1.9593066515314374E-02 a       806     0    41     1     6
  2.0803460676578456E-01 a       807     0    41     1     7
 -6.7541688334412583E-02 a       808     0    41     1     8
 -3.5416092084598971E-01 a       809     0    41     1     9
  3.7707133894167832E-01 a       810     0    41     1    10
 -4.1046126204410943E-01 a       811     0    41     1    11
 -4.7870783713888330E-03 a       812     0    41     1    12
 -1.2957704110689303E-01 a       813     0    41     1    13
  2.5940066195485384E-01 a       814     0    41     1    14
 -1.4545349131699564E-01 a       815     0    41     1    15
 -1.3578855841089207E-01 a       816     0    41     1    16
 -6.7304422830426246E-03 a       817     0    41     1    17
 -9.0399433920885230E-02 a       818     0    41     1    18
 -1.3572041453353192E-01 a       819     0    41     1    19
 -3.8117155141774772E-01 a       820     0    41     1    20
  4.0690289557447401E-01 a       821     0    42     1     1
 -3.4852144482289266E-01 a       822     0    42     1     2
  3.0928560621457990E-01 a       823     0    42     1     3
 -1.0271213087521154E-01 a       824     0    42     1     4
 -8.3121945301244282E-02 a       825     0    42     1     5
  1.5575940128702251E-01 a       826     0    42     1     6
 -5.9545026247939802E-02 a       827     0    42     1     7
  4.8292613591731609E-01 a       828     0    42     1     8
 -1.5286857621055905E-01 a       829     0    42     1     9
  1.9638849238768954E-01 a       830     0    42     1    10
  3.5091886397719885E-01 a       831     0    42     1    11
  4.1500983722830187E-01 a       832     0    42     1    12
  2.2689272206798988E-01 a       833     0    42     1    13
  2.2611043688685167E-01 a       834     0    42     1    14
 -1.9208994804392135E-01 a       835     0    42     1    15
  9.9349439986357868E-02 a       836     0    42     1    16
  5.9086743225486094E-01 a       837     0    42     1    17
 -1.5139593053425221E-01 a       838     0    42     1    18
 -3.0810440298772579E-01 a       839     0    42     1    19
  3.4794810325740383E-01 a       840     0    42     1    20
 -4.1983326662492865E-01 a       841     0    43     1     1
  2.1182030275088565E-01 a       842     0    43     1     2
 -3.1561841916069019E-02 a       843     0    43     1     3
  2.9353123437076617E-01 a       844     0    43     1     4
 -1.2449334695412492E-01 a       845     0    43     1     5
 -2.3403164368524831E-01 a       846     0    43     1     6
 -6.2031581671778546E-01 a       847     0    43     1     7
 -1.9327072235899123E-01 a       848     0    43     1     8
 -2.2931621182883810E-01 a       849     0    43     1     9
 -4.8789639485378322E-01 a       850     0    43     1    10
 -7.2355290120801039E-02 a       851     0    43     1    11
 -5.0860958966144043E-01 a       852     0    43     1    12
 -4.1627208945758276E-01 a       853     0    43     1    13
 -6.1952184385134146E-01 a       854     0    43     1    14
  7.2154545053011587E-01 a       855     0    43     1    15
  1.2337353332656524E+00 a       856     0    43     1    16
 -6.4351485645927336E-03 a       857     0    43     1    17
 -1.2083059271458707E+00 a       858     0    43     1    18
  2.5694613828811164E-01 a       859     0    43     1    19
 -1.4209695317381144E-01 a       860     0    43     1    20
  3.1872194265649800E-01 a       861     0    44     1     1
  1.5879770854492573E-01 a       862     0    44     1     2
  3.1420785499278914E-01 a       863     0    44     1     3
  5.6030325035803996E-01 a       864     0    44     1     4
 -7.9975291814909366E-02 a       865     0    44     1     5
 -3.5662477340151516E-02 a       866     0    44     1     6
  2.0783255315846927E-01 a       867     0    44     1     7
  1.4234395394671831E-01 a       868     0    44     1     8
  4.0048375884853937E-01 a       869     0    44     1     9
 -7.0593178948465596E-01 a       870     0    44     1    10
  6.8474958112119555E-01 a       871     0    44     1    11
  2.6456665667699342E-01 a       872     0    44     1    12
  1.6138909193174233E-02 a       873     0    44     1    13
 -2.1287499346064273E-01 a       874     0    44     1    14
  3.5457614090976280E-02 a       875     0    44     1    15
 -3.5505441283063745E-02 a       876     0    44     1    16
 -1.6533642873502999E-01 a       877     0    44     1    17
  8.0717635047724368E-01 a       878     0    44     1    18
  4.9332825034885140E-02 a       879     0    44     1    19
  1.0677091534687852E-01 a       880     0    44     1    20
  1.9873101915358032E-01 a       881     0    45     1     1
  5.5815512337766167E-02 a       882     0    45     1     2
  4.2322134776279961E-02 a       883     0    45     1     3
  6.9165161989342777E-02 a       884     0    45     1     4
 -5.6937166344023460E-01 a       885     0    45     1     5
  6.1802831374461742E-02 a       886     0    45     1     6
  5.8592633846956454E-01 a       887     0    45     1     7
 -2.6790856545990505E-01 a       888     0    45     1     8
 -3.8172565717037094E-01 a       889     0    45     1     9
 -4.2374045463201115E-01 a       890     0    45     1    10
 -5.8917235175800764E-01 a       891     0    45     1    11
 -4.0361526300881095E-01 a       892     0    45     1    12
 -7.6518828922588669E-02 a       893     0    45     1    13
 -2.7983294882350035E-01 a       894     0    45     1    14
  3.4172738317160661E-01 a       895     0    45     1    15
  1.7434877500394828E-02 a       896     0    45     1    16
  1.9646627927914909E-01 a       897     0    45     1    17
  2.9225317489637165E-01 a       898     0    45     1    18
 -6.8722692029584664E-01 a       899     0    45     1    19
  1.2245495370280085E-02 a       900     0    45     1    20
 -1.5402911314154991E-01 a       901     0    46     1     1
 -2.8859999079597232E-02 a       902     0    46     1     2
  2.2525997766707734E-01 a       903     0    46     1     3
 -8.7855489513367607E-02 a       904     0    46     1     4
 -1.8851401371372017E-01 a       905     0    46     1     5
  1.7439190747186625E-02 a       906     0    46     1     6
 -5.1989127039469729E-01 a       907     0    46     1     7
  3.3930994020803927E-02 a       908     0    46     1     8
  3.6580118113096283E-01 a       909     0    46     1     9
  6.8210839549878732E-01 a       910     0    46     1    10
  1.1031281232010909E-03 a       911     0    46     1    11
  8.2344888189600307E-01 a       912     0    46     1    12
 -6.3332440670227164E-01 a       913     0    46     1    13
 -4.9088720855509399E-01 a       914     0    46     1    14
  1.7178905039930595E-01 a       915     0    46     1    15
 -2.6808450566684457E-02 a       916     0    46     1    16
 -3.7718525165991379E-01 a       917     0    46     1    17
  1.8077250606744955E-01 a       918     0    46     1    18
 -1.0403577458129391E-01 a       919     0    46     1    19
 -1.6650368423750445E-01 a       920     0    46     1    20
  1.0721196678748897E+00 b       921     1     1
  6.2892133790144222E-01 b       922     1     2
 -1.2574645089035845E+00 b       923     1     3
  6.6967104752168993E-01 b       924     1     4
 -8.9652596778569182E-01 b       925     1     5
  7.7664056560406636E-01 b       926     1     6
  7.3772372110053830E-01 b       927     1     7
 -3.6938921415169490E-01 b       928     1     8
  1.4769478690658000E-01 b       929     1     9
 -6.6035637113433687E-01 b       930     1    10
  1.2525720106946117E+00 b       931     1    11
  3.6627673779550486E-02 b       932     1    12
  8.4440005616183048E-02 b       933     1    13
  9.6413867933905106E-01 b       934     1    14
  7.6297386321288907E-01 b       935     1    15
  7.4344217555348580E-01 b       936     1    16
 -1.0786702978126370E+00 b       937     1    17
  2.4496629987544349E-01 b       938     1    18
  1.1111867729259166E+00 b       939     1    19
 -1.4510803680464583E+00 b       940     1    20
  4.7666696492376243E-01 a       941     1     1     2     1
  5.8842033030926766E-01 a       942     1     1     2     2
  9.9655024360045946E-02 a       943     1     1     2     3
 -4.1647566619554055E-01 a       944     1     1     2     4
 -1.3192895131463184E-01 a       945     1     1     2     5
 -1.4654709030496754E-01 a       946     1     1     2     6
  6.8788005422962051E-01 a       947     1     1     2     7
  9.9395696270866460E-02 a       948     1     1     2     8
  2.5566499953660593E-01 a       949     1     1     2     9
  6.8096647206918204E-01 a       950     1     1     2    10
  3.0225196189119885E-01 a       951     1     1     2    11
  7.2562252568960528E-01 a       952     1     1     2    12
  3.7710276722360220E-01 a       953     1     1     2    13
  1.0177608234505622E+00 a       954     1     1     2    14
  2.5404310325981905E-01 a       955     1     1     2    15
 -7.2535147049660215E-02 a       956     1     1     2    16
 -3.8565997812218417E-01 a       957     1     1     2    17
 -4.2076291739614491E-01 a       958     1     1     2    18
 -4.2772175971060972E-01 a       959     1     1     2    19
 -5.2155065003578149E-01 a       960     1     1     2    20
  6.3137916305662667E-01 a       961     1     2     2     1
  4.2099518283852949E-01 a       962     1     2     2     2
  3.1895099681196309E-01 a       963     1     2     2     3
 -2.7371994696900598E-01 a       964     1     2     2     4
  5.0462338451616418E-01 a       965     1     2     2     5
 -4.0840074070280696E-01 a       966     1     2     2     6
 -2.5419931997962875E-01 a       967     1     2     2     7
  1.0038632625590302E+00 a       968     1     2     2     8
 -2.4169814191507413E-01 a       969     1     2     2     9
  4.5237196718589022E-02 a       970     1     2     2    10
  3.1885719340462843E-01 a       971     1     2     2    11
  3.2826646510909890E-01 a       972     1     2     2    12
  8.0189448251150861E-02 a       973     1     2     2    13
  3.7569116748295849E-02 a       974     1     2     2    14
 -1.3309772217733190E-01 a       975     1     2     2    15
  1.7851955655893792E-01 a       976     1     2     2    16
 -4.2290001097079388E-01 a       977     1     2     2    17
  5.6935256130766365E-01 a       978     1     2     2    18
 -2.4361827961604032E-02 a       979     1     2     2    19
 -2.7021898185556065E-01 a       980     1     2     2    20
 -2.3726664403488479E-01 a       981     1     3     2     1
 -2.5820751242656642E-01 a       982     1     3     2     2
 -1.2888044931216744E-01 a       983     1     3     2     3
  6.2998038117597066E-01 a       984     1     3     2     4
  3.5236754914189400E-02 a       985     1     3     2     5
 -4.6554729514386139E-01 a       986     1     3     2     6
  3.0029774461612962E-01 a       987     1     3     2     7
  1.9647811457409958E-01 a       988     1     3     2     8
  4.0888177192800322E-02 a       989     1     3     2     9
 -1.6530915587511097E-01 a       990     1     3     2    10
  2.2619138509636101E-02 a       991     1     3     2    11
  2.6512740952194191E-01 a       992     1     3     2    12
  2.1892530111996303E-01 a       993     1     3     2    13
 -1.2928820424653878E-01 a       994     1     3     2    14
  3.2069512629945646E-01 a       995     1     3     2    15
 -5.6160543447399591E-01 a       996     1     3     2    16
 -4.2258650836011352E-01 a       997     1     3     2    17
  2.0495341713879545E-01 a       998     1     3     2    18
  4.5771906779149935E-01 a       999     1     3     2    19
  1.8492036044035362E-01 a      1000     1     3     2    20
  9.6461524830759246E-03 a      1001     1     4     2     1
 -3.5859602032674409E-01 a      1002     1     4     2     2
  1.9932507305424418E-01 a      1003     1     4     2     3
  7.3387360429148327E-02 a      1004     1     4     2     4
 -4.7604579631282978E-01 a      1005     1     4     2     5
 -4.4158765433817043E-01 a      1006     1     4     2     6
 -2.2667354574841353E-01 a      1007     1     4     2     7
 -2.2860493823972886E-01 a      1008     1     4     2     8
  4.7699065100868986E-02 a      1009     1     4     2     9
  4.5447215556533804E-01 a      1010     1     4     2    10
 -4.9466635124950731E-01 a      1011     1     4     2    11
 -2.9258850186697324E-02 a      1012     1     4     2    12
 -5.8019889815530667E-01 a      1013     1     4     2    13
 -3.2361296702328381E-02 a      1014     1     4     2    14
 -2.9179287195757792E-01 a      1015     1     4     2    15
  5.5770979197793702E-01 a      1016     1     4     2    16
  1.7947661461318171E-01 a      1017     1     4     2    17
 -2.3343214554026759E-01 a      1018     1     4     2    18
  8.5941441403282068E-02 a      1019     1     4     2    19
  4.9767250193955459E-01 a      1020     1     4     2    20
 -5.1293567088003866E-01 a      1021     1     5     2     1
  1.2946894862263653E-01 a      1022     1     5     2     2
 -3.8449564755728960E-01 a      1023     1     5     2     3
  3.4347899797353437E-01 a      1024     1     5     2     4
  3.7151507724872701E-01 a      1025     1     5     2     5
 -1.3977833306106052E-01 a      1026     1     5     2     6
  1.3757926454803032E-01 a      1027     1     5     2     7
  4.5177051582490002E-01 a      1028     1     5     2     8
 -4.8806332777668393E-01 a      1029     1     5     2     9
  5.2893297909177406E-01 a      1030     1     5     2    10
  7.3263008138167263E-01 a      1031     1     5     2    11
 -4.7142230614764669E-01 a      1032     1     5     2    12
 -2.3040695967958139E-01 a      1033     1     5     2    13
  2.2674978701486084E-01 a      1034     1     5     2    14
 -5.1434869128846028E-01 a      1035     1     5     2    15
 -5.0900997665560488E-01 a      1036     1     5     2    16
 -3.5237404709503689E-01 a      1037     1     5     2    17
 -2.0168397927913731E-01 a      1038     1     5     2    18
  3.0991927309325290E-01 a      1039     1     5     2    19
  4.0462100753031544E-01 a      1040     1     5     2    20
 -4.7768071953875973E-01 a      1041     1     6     2     1
 -3.7667002379207842E-01 a      1042     1     6     2     2
  3.4940137029177892E-01 a      1043     1     6     2     3
 -5.2079232453775803E-01 a      1044     1     6     2     4
 -1.0496979439791755E-01 a      1045     1     6     2     5
 -2.9224490052264179E-01 a      1046     1     6     2     6
  4.4767290014847354E-02 a      1047     1     6     2     7
 -2.3461291905344778E-01 a      1048     1     6     2     8
  4.2886966329667109E-01 a      1049     1     6     2     9
 -9.6959277830829957E-02 a      1050     1     6     2    10
  5.9642663604058610E-01 a      1051     1     6     2    11
 -6.1206092036199911E-01 a      1052     1     6     2    12
  4.4787418687559949E-01 a      1053     1     6     2    13
  7.5456201332399686E-01 a      1054     1     6     2    14
 -5.6902131591944471E-01 a      1055     1     6     2    15
 -2.7210625345783535E-01 a      1056     1     6     2    16
 -3.6659783329705986E-01 a      1057     1     6     2    17
 -2.0977477584962273E-01 a      1058     1     6     2    18
 -3.1077972259358971E-01 a      1059     1     6     2    19
 -2.5105722658406104E-01 a      1060     1     6     2    20
 -8.6962884509065808E-01 a      1061     1     7     2     1
  4.8217940319865489E-02 a      1062     1     7     2     2
 -3.2393187257258393E-01 a      1063     1     7     2     3
 -2.5006016886219683E-03 a      1064     1     7     2     4
 -1.0418234454747781E+00 a      1065     1     7     2     5
 -9.4097166139166591E-02 a      1066     1     7     2     6
 -2.2767635180728141E-01 a      1067     1     7     2     7
 -3.7284279422128419E-01 a      1068     1     7     2     8
 -5.1763619434740882E-01 a      1069     1     7     2     9
 -2.2354746953434548E-01 a      1070     1     7     2    10
  2.3751780051454527E-01 a      1071     1     7     2    11
  2.1776777376267195E-01 a      1072     1     7     2    12
 -4.3702148695639914E-01 a      1073     1     7     2    13
 -5.9983111627170160E-01 a      1074     1     7     2    14
 -7.2487294491266718E-01 a      1075     1     7     2    15
  6.5235638556807418E-01 a      1076     1     7     2    16
  2.4571646680477466E-01 a      1077     1     7     2    17
 -8.5286823448801019E-01 a      1078     1     7     2    18
  5.4615220117550811E-01 a      1079     1     7     2    19
 -2.8311258425428049E-01 a      1080     1     7     2    20
 -1.5961190499120616E-02 a      1081     1     8     2     1
  2.0560230016192088E-01 a      1082     1     8     2     2
  5.9368023044812179E-01 a      1083     1     8     2     3
 -1.0371257779296342E-03 a      1084     1     8     2     4
 -6.9105246346643545E-01 a      1085     1     8     2     5
 -1.8586092288077927E-01 a      1086     1     8     2     6
 -3.9773641714906960E-01 a      1087     1     8     2     7
  3.2709313073672297E-01 a      1088     1     8     2     8
  8.0596366024091787E-02 a      1089     1     8     2     9
  8.9831210579757487E-02 a      1090     1     8     2    10
  1.2869815986107804E+00 a      1091     1     8     2    11
  3.9656280699499580E-01 a      1092     1     8     2    12
  5.3272455274865504E-01 a      1093     1     8     2    13
  6.8991545780873620E-01 a      1094     1     8     2    14
 -2.7032401441486070E-01 a      1095     1     8     2    15
 -6.1201702898190942E-02 a      1096     1     8     2    16
 -5.3891928293904168E-01 a      1097     1     8     2    17
  3.7541269592130189E-01 a      1098     1     8     2    18
 -6.2734519590664739E-01 a      1099     1     8     2    19
  1.4215474857524535E-01 a      1100     1     8     2    20
 -1.2443738430533199E-01 a      1101     1     9     2     1
 -5.6678518553991386E-01 a      1102     1     9     2     2
 -6.4688147861092027E-01 a      1103     1     9     2     3
 -1.3274213699412568E-01 a      1104     1     9     2     4
 -7.1675108746668093E-01 a      1105     1     9     2     5
  3.6706334948452307E-01 a      1106     1     9     2     6
 -1.3380828831541988E-01 a      1107     1     9     2     7
 -3.1842921827890341E-01 a      1108     1     9     2     8
 -3.0246283387002237E-01 a      1109     1     9     2     9
  8.2054890615696596E-02 a      1110     1     9     2    10
 -7.8823138704008910E-01 a      1111     1     9     2    11
 -6.7347277294781183E-01 a      1112     1     9     2    12
  4.1697506728200306E-01 a      1113     1     9     2    13
  3.6261886631155738E-01 a      1114     1     9     2    14
  2.8287225849912712E-01 a      1115     1     9     2    15
  2.4000320890729007E-01 a      1116     1     9     2    16
  7.6377160170895764E-01 a      1117     1     9     2    17
 -3.1382248218658271E-01 a      1118     1     9     2    18
  1.0010387342739277E-01 a      1119     1     9     2    19
  2.8513824841601837E-01 a      1120     1     9     2    20
  3.6240168780711535E-01 a      1121     1    10     2     1
 -3.1741131193502098E-01 a      1122     1    10     2     2
 -5.3702353508294642E-01 a      1123     1    10     2     3
 -5.2898784883067251E-01 a      1124     1    10     2     4
  3.7274601330683566E-01 a      1125     1    10     2     5
  2.2405852306079152E-01 a      1126     1    10     2     6
  6.6599949410035242E-01 a      1127     1    10     2     7
 -1.8599933746009784E-01 a      1128     1    10     2     8
 -5.1464649230447390E-01 a      1129     1    10     2     9
 -2.9579800253844790E-01 a      1130     1    10     2    10
  5.7219165439481778E-01 a      1131     1    10     2    11
  4.7484230265190712E-02 a      1132     1    10     2    12
 -3.5849640536147265E-01 a      1133     1    10     2    13
  5.2130477283862775E-01 a      1134     1    10     2    14
 -8.7218548989282264E-03 a      1135     1    10     2    15
  1.5436219057010589E-01 a      1136     1    10     2    16
  3.2051764072106859E-01 a      1137     1    10     2    17
  5.2583050467625170E-01 a      1138     1    10     2    18
  2.4138090560627176E-01 a      1139     1    10     2    19
  5.5533399588219434E-01 a      1140     1    10     2    20
 -6.8098048898251651E-01 a      1141     1    11     2     1
  5.8494647001483147E-01 a      1142     1    11     2     2
 -6.7306373513575668E-01 a      1143     1    11     2     3
 -5.4861641060822741E-01 a      1144     1    11     2     4
  7.4736719699222121E-01 a      1145     1    11     2     5
  6.3229128401982104E-01 a      1146     1    11     2     6
  8.5851027149733666E-02 a      1147     1    11     2     7
 -3.8202705336578702E-01 a      1148     1    11     2     8
 -2.2515651539400533E-01 a      1149     1    11     2     9
 -1.2606688166730987E-01 a      1150     1    11     2    10
  2.4502802519660430E-01 a      1151     1    11     2    11
 -1.0095840486106190E-01 a      1152     1    11     2    12
  2.0809828959841412E-01 a      1153     1    11     2    13
  8.6440536368676546E-01 a      1154     1    11     2    14
  4.6464259260878954E-01 a      1155     1    11     2    15
  3.8110597829661608E-01 a      1156     1    11     2    16
  6.2451099583068950E-02 a      1157     1    11     2    17
 -1.4081026030094523E-01 a      1158     1    11     2    18
  6.2676231064563770E-01 a      1159     1    11     2    19
  1.0282574839817418E-01 a      1160     1    11     2    20
  3.9728310887789192E-01 a      1161     1    12     2     1
 -3.0273043172774461E-01 a      1162     1    12     2     2
 -1.5394836651685656E-01 a      1163     1    12     2     3
  6.7727383806224017E-01 a      1164     1    12     2     4
  8.9800954721905180E-01 a      1165     1    12     2     5
 -2.0862805793446113E-02 a      1166     1    12     2     6
 -7.2791996031194439E-01 a      1167     1    12     2     7
 -6.7194932799678031E-01 a      1168     1    12     2     8
  4.4923892354908407E-01 a      1169     1    12     2     9
 -2.1575348024762583E-01 a      1170     1    12     2    10
 -1.7935116312654389E-01 a      1171     1    12     2    11
  3.5817127812891919E-01 a      1172     1    12     2    12
  2.0329052575653347E-01 a      1173     1    12     2    13
  4.5467442320444568E-01 a      1174     1    12     2    14
 -2.0079859768597411E-01 a      1175     1    12     2    15
 -1.1865645034135369E-01 a      1176     1    12     2    16
  5.8260400183349781E-01 a      1177     1    12     2    17
  1.7945793880175034E-01 a      1178     1    12     2    18
 -2.1866010185767268E-01 a      1179     1    12     2    19
  3.9749456112959275E-01 a      1180     1    12     2    20
  5.1663829604820832E-01 a      1181     1    13     2     1
  1.4417075512179445E-01 a      1182     1    13     2     2
  5.0086102774283836E-01 a      1183     1    13     2     3
  9.3411545396716769E-02 a      1184     1    13     2     4
 -4.9057976465934489E-01 a      1185     1    13     2     5
 -1.1885273337785914E-02 a      1186     1    13     2     6
  5.1433486809153395E-01 a      1187     1    13     2     7
 -5.3979596005324837E-01 a      1188     1    13     2     8
 -6.0943486405902270E-01 a      1189     1    13     2     9
 -6.1665708699209287E-01 a      1190     1    13     2    10
  4.5685911474834562E-01 a      1191     1    13     2    11
 -3.4969004611378213E-01 a      1192     1    13     2    12
 -3.3258986042379296E-01 a      1193     1    13     2    13
 -1.4050282971516131E-01 a      1194     1    13     2    14
 -5.3172714844533253E-01 a      1195     1    13     2    15
 -2.6873304734673131E-01 a      1196     1    13     2    16
 -5.8409552367501494E-01 a      1197     1    13     2    17
 -3.2243441476790730E-01 a      1198     1    13     2    18
  2.9872235055178031E-01 a      1199     1    13     2    19
 -2.8663340577907631E-01 a      1200     1    13     2    20
  9.3042461683157787E-02 a      1201     1    14     2     1
  3.9303399264657601E-01 a      1202     1    14     2     2
  2.3558213577049325E-01 a      1203     1    14     2     3
  3.7095292690652276E-01 a      1204     1    14     2     4
  5.6785240534735926E-01 a      1205     1    14     2     5
  1.7992074602034616E-01 a      1206     1    14     2     6
 -8.8472554418384419E-02 a      1207     1    14     2     7
  3.3574332734133044E-01 a      1208     1    14     2     8
  4.0904399033421590E-01 a      1209     1    14     2     9
 -2.1270917665359973E-01 a      1210     1    14     2    10
  6.3044918386063287E-01 a      1211     1    14     2    11
 -1.0158598878587771E-01 a      1212     1    14     2    12
  4.1045764801852685E-01 a      1213     1    14     2    13
  1.5552680533108670E-01 a      1214     1    14     2    14
 -4.9898964234247184E-01 a      1215     1    14     2    15
  1.0718978356047190E-01 a      1216     1    14     2    16
  7.2934035653125939E-01 a      1217     1    14     2    17
  5.2350886673211605E-01 a      1218     1    14     2    18
 -3.4973751343947634E-01 a      1219     1    14     2    19
  6.2409595969640241E-02 a      1220     1    14     2    20
  2.2496499894681760E-01 a      1221     1    15     2     1
  2.7231939356230705E-01 a      1222     1    15     2     2
 -1.9563230187185099E-01 a      1223     1    15     2     3
 -5.5096995436816620E-01 a      1224     1    15     2     4
  3.9244359807540879E-01 a      1225     1    15     2     5
 -5.0797457294688930E-01 a      1226     1    15     2     6
  1.0537099867901839E-01 a      1227     1    15     2     7
 -1.0820832326748360E-01 a      1228     1    15     2     8
  4.2007135371745247E-02 a      1229     1    15     2     9
 -3.9173525105651685E-01 a      1230     1    15     2    10
 -6.9429355890067912E-01 a      1231     1    15     2    11
  3.6446782390309831E-03 a      1232     1    15     2    12
 -5.9395564065417961E-01 a      1233     1    15     2    13
  3.2148490991435430E-01 a      1234     1    15     2    14
 -3.2755062331870682E-01 a      1235     1    15     2    15
  2.7564299747512372E-01 a      1236     1    15     2    16
 -7.1170989222026881E-01 a      1237     1    15     2    17
 -3.2907964602599843E-01 a      1238     1    15     2    18
 -5.8224093251707276E-01 a      1239     1    15     2    19
 -9.3287846444920122E-02 a      1240     1    15     2    20
 -1.7785749545646178E-02 a      1241     1    16     2     1
  3.2669949551528055E-01 a      1242     1    16     2     2
 -6.5076417360107552E-01 a      1243     1    16     2     3
  1.8348246166591034E-01 a      1244     1    16     2     4
 -3.7976320835992877E-01 a      1245     1    16     2     5
  1.5215163700957440E-01 a      1246     1    16     2     6
  2.5513324284906153E-01 a      1247     1    16     2     7
  6.8538696107305855E-02 a      1248     1    16     2     8
 -2.1083561244398574E-01 a      1249     1    16     2     9
 -7.1232320404120353E-01 a      1250     1    16     2    10
  1.1613665053007084E-01 a      1251     1    16     2    11
  3.6741884740222147E-01 a      1252     1    16     2    12
 -4.4080576542238326E-01 a      1253     1    16     2    13
 -8.3210418471125580E-01 a      1254     1    16     2    14
 -5.3086597760042131E-01 a      1255     1    16     2    15
 -3.6476334911210488E-02 a      1256     1    16     2    16
  1.3352827234682199E-01 a      1257     1    16     2    17
  1.3856045628095240E-01 a      1258     1    16     2    18
 -4.1878020709573943E-01 a      1259     1    16     2    19
  4.4052060696353718E-01 a      1260     1    16     2    20
  5.0687885021116152E-01 a      1261     1    17     2     1
 -5.0117031163126702E-01 a      1262     1    17     2     2
  5.2075808318314376E-01 a      1263     1    17     2     3
  6.4094418723587843E-02 a      1264     1    17     2     4
 -4.7633163373372711E-01 a      1265     1    17     2     5
 -1.0351981457666451E-01 a      1266     1    17     2     6
 -9.2944503227388869E-03 a      1267     1    17     2     7
  2.1316291923261496E-01 a      1268     1    17     2     8
  6.3109827078367342E-01 a      1269     1    17     2     9
 -4.5654878514315572E-01 a      1270     1    17     2    10
 -8.6009169089640139E-02 a      1271     1    17     2    11
 -4.2336267611796291E-01 a      1272     1    17     2    12
 -7.7774331215973636E-01 a      1273     1    17     2    13
  2.9036331130363280E-01 a      1274     1    17     2    14
 -1.0183500324079575E-01 a      1275     1    17     2    15
  8.5123535296509345E-01 a      1276     1    17     2    16
 -2.6257761146988627E-02 a      1277     1    17     2    17
  7.7164482263204559E-01 a      1278     1    17     2    18
  2.5796527401601821E-01 a      1279     1    17     2    19
 -1.1727847192874270E-02 a      1280     1    17     2    20
  1.5499400647460157E-01 a      1281     1    18     2     1
 -3.8399810206913181E-02 a      1282     1    18     2     2
 -2.4930536916099841E-01 a      1283     1    18     2     3
 -1.7875088435931999E-01 a      1284     1    18     2     4
  9.9482836108726658E-01 a      1285     1    18     2     5
  1.1390682161289867E-01 a      1286     1    18     2     6
 -1.5753420900946672E-02 a      1287     1    18     2     7
 -2.4175536472824492E-02 a      1288     1    18     2     8
  1.8674248600369844E-01 a      1289     1    18     2     9
 -8.0410420268071237E-01 a      1290     1    18     2    10
  6.2346901919237541E-01 a      1291     1    18     2    11
 -3.5039743054071136E-03 a      1292     1    18     2    12
 -8.6695275905527858E-01 a      1293     1    18     2    13
  4.5925091136853002E-01 a      1294     1    18     2    14
 -1.0590704494522815E-01 a      1295     1    18     2    15
  2.8300788166221308E-01 a      1296     1    18     2    16
 -1.2107641398076037E-01 a      1297     1    18     2    17
  1.9367098751152198E-01 a      1298     1    18     2    18
  1.8924433542204497E-01 a      1299     1    18     2    19
  3.8514213426907640E-02 a      1300     1    18     2    20
  2.5054370572662332E-01 a      1301     1    19     2     1
  3.5143800534326408E-01 a      1302     1    19     2     2
  6.7067733429352289E-03 a      1303     1    19     2     3
 -4.1022085900375971E-01 a      1304     1    19     2     4
 -1.5241167050246798E-01 a      1305     1    19     2     5
 -4.7516940261645435E-01 a      1306     1    19     2     6
 -1.2037718849178976E-01 a      1307     1    19     2     7
 -8.5965013033078123E-03 a      1308     1    19     2     8
 -3.8627335849902480E-02 a      1309     1    19     2     9
  6.4363276532456645E-02 a      1310     1    19     2    10
  7.0105913320313673E-01 a      1311     1    19     2    11
  6.1840785072286863E-01 a      1312     1    19     2    12
  2.2506617384206402E-02 a      1313     1    19     2    13
 -8.4696080247477823E-02 a      1314     1    19     2    14
 -6.2212457831585666E-01 a      1315     1    19     2    15
  6.2630256523401415E-02 a      1316     1    19     2    16
  6.4852518391019326E-02 a      1317     1    19     2    17
  6.8088540325027092E-01 a      1318     1    19     2    18
 -6.9525021586484756E-02 a      1319     1    19     2    19
  1.1892739427157026E+00 a      1320     1    19     2    20
  1.7296917464808029E-01 a      1321     1    20     2     1
 -2.8374865358063156E-01 a      1322     1    20     2     2
  7.6509291105951324E-02 a      1323     1    20     2     3
  4.9166772531043035E-01 a      1324     1    20     2     4
 -2.5525147738964982E-01 a      1325     1    20     2     5
 -1.1136325292390174E-02 a      1326     1    20     2     6
 -7.6888877418019397E-01 a      1327     1    20     2     7
  4.5899959755579395E-01 a      1328     1    20     2     8
  6.0110210413438732E-02 a      1329     1    20     2     9
  2.6488327212004681E-01 a      1330     1    20     2    10
  2.1271396255669844E-02 a      1331     1    20     2    11
 -3.1863834988227008E-01 a      1332     1    20     2    12
 -2.6747857583783219E-01 a      1333     1    20     2    13
  4.1528520237532374E-01 a      1334     1    20     2    14
 -5.0005438153969595E-01 a      1335     1    20     2    15
  4.9708938511306905E-01 a      1336     1    20     2    16
 -1.2525310774203839E+00 a      1337     1    20     2    17
 -2.5640227757004352E-01 a      1338     1    20     2    18
  3.1870091799050637E-01 a      1339     1    20     2    19
 -2.5884057907299540E-02 a      1340     1    20     2    20
  7.2015675944379520E-02 b      1341     2     1
  1.2584554193047657E+00 b      1342     2     2
 -5.3556787988879959E-02 b      1343     2     3
 -3.0130884926604157E-01 b      1344     2     4
  6.3588938990346333E-01 b      1345     2     5
  2.7919249972595311E-01 b      1346     2     6
  1.4907672365432827E+00 b      1347     2     7
 -1.0080974623523793E+00 b      1348     2     8
  1.5895554476499596E+00 b      1349     2     9
 -9.8268745961329951E-01 b      1350     2    10
 -2.0725477589085542E-01 b      1351     2    11
  1.5417199583301431E+00 b      1352     2    12
  8.8996584141325330E-02 b      1353     2    13
 -4.9338296566233358E-01 b      1354     2    14
  1.0088733751619945E+00 b      1355     2    15
  1.6600147630210240E+00 b      1356     2    16
 -1.9471166919641738E+00 b      1357     2    17
  1.6035678582662025E+00 b      1358     2    18
 -9.1291611102932291E-01 b      1359     2    19
 -1.2224105761041282E-01 b      1360     2    20
 -7.7477568563038640E-02 a      1361     2     1     3     1
  1.4816322001475217E+00 a      1362     2     2     3     1
 -1.7801848797318423E-01 a      1363     2     3     3     1
  1.4728536601703721E-01 a      1364     2     4     3     1
 -7.7643844343230728E-01 a      1365     2     5     3     1
  1.0421593847833874E+00 a      1366     2     6     3     1
  1.0559908954300408E+00 a      1367     2     7     3     1
 -1.2771257987093487E+00 a      1368     2     8     3     1
  1.2840832128905075E+00 a      1369     2     9     3     1
 -9.0981899186680526E-01 a      1370     2    10     3     1
 -2.0041441110656247E-01 a      1371     2    11     3     1
  9.3878768228532561E-01 a      1372     2    12     3     1
  4.3751995042107739E-01 a      1373     2    13     3     1
  1.7019598667878935E-01 a      1374     2    14     3     1
  1.6221003811385343E-01 a      1375     2    15     3     1
  1.3252109171154449E+00 a      1376     2    16     3     1
 -3.6772165488119640E-01 a      1377     2    17     3     1
 -2.7153005020205528E-01 a      1378     2    18     3     1
 -6.3049351830574396E-01 a      1379     2    19     3     1
  6.7430565390358532E-01 a      1380     2    20     3     1
  5.9651045333525121E-01 b      1381     3     1
