################################################################################
# Neural network connection values (weights and biases).
################################################################################
# Col  Name       Description
################################################################################
# 1    connection Neural network connection value.
# 2    t          Connection type (a = weight, b = bias).
# 3    index      Index enumerating weights.
# 4    l_s        Starting point layer (end point layer for biases).
# 5    n_s        Starting point neuron in starting layer (end point neuron for biases).
# 6    l_e        End point layer.
# 7    n_e        End point neuron in end layer.
################################################################################
#                      1 2         3     4     5     6     7
#             connection t     index   l_s   n_s   l_e   n_e
############################################################
  1.7358942320404705E-01 a         1     0     1     1     1
  1.4274193560874612E-01 a         2     0     1     1     2
 -1.2243585627897766E-01 a         3     0     1     1     3
  8.3764424890213407E-02 a         4     0     1     1     4
  4.3056272299638168E-02 a         5     0     1     1     5
  1.9534746729174185E-01 a         6     0     1     1     6
 -3.5029091224061414E-02 a         7     0     1     1     7
 -7.2097868188481545E-02 a         8     0     1     1     8
 -2.3813099746007402E-02 a         9     0     1     1     9
 -5.3378418490593449E-01 a        10     0     1     1    10
  4.6691924888472666E-02 a        11     0     1     1    11
 -2.4944290417434400E-01 a        12     0     1     1    12
  8.2439809662420011E-03 a        13     0     1     1    13
 -5.2568027743109584E-02 a        14     0     1     1    14
 -2.0881912243654491E-01 a        15     0     1     1    15
  1.0552847896302317E-01 a        16     0     1     1    16
 -2.5041270236412005E-01 a        17     0     1     1    17
  1.2180686360311598E-01 a        18     0     1     1    18
  1.4847902255665130E-01 a        19     0     1     1    19
 -5.2370644511360753E-02 a        20     0     1     1    20
  3.3616335242752503E-02 a        21     0     2     1     1
  3.2229975756480861E-01 a        22     0     2     1     2
 -1.1966165094568568E-01 a        23     0     2     1     3
  8.1987345570546433E-02 a        24     0     2     1     4
 -3.6341239541299852E-01 a        25     0     2     1     5
 -4.3602969218356075E-03 a        26     0     2     1     6
 -5.0267023044848480E-01 a        27     0     2     1     7
  4.4774113854802211E-01 a        28     0     2     1     8
  1.8326465769569109E-01 a        29     0     2     1     9
  1.8019122947386934E-01 a        30     0     2     1    10
  3.2558741794756380E-01 a        31     0     2     1    11
  1.1737826543596928E-01 a        32     0     2     1    12
 -3.3155993293718350E-01 a        33     0     2     1    13
 -2.2643887831395215E-01 a        34     0     2     1    14
 -7.6923100536182010E-02 a        35     0     2     1    15
 -1.2921413977754884E-01 a        36     0     2     1    16
  2.7222918933723361E-02 a        37     0     2     1    17
  1.7996426253900838E-01 a        38     0     2     1    18
  1.3325232302542922E-01 a        39     0     2     1    19
  1.0527885810087424E-01 a        40     0     2     1    20
 -3.7054739307332746E-01 a        41     0     3     1     1
  2.1377403488505756E-01 a        42     0     3     1     2
  1.1030164479058766E-01 a        43     0     3     1     3
 -5.8843718409239090E-02 a        44     0     3     1     4
 -2.4601053605429121E-01 a        45     0     3     1     5
 -2.2935056731503264E-01 a        46     0     3     1     6
  8.8200846448077297E-02 a        47     0     3     1     7
 -1.1334217757300993E-04 a        48     0     3     1     8
 -7.7243442474230373E-02 a        49     0     3     1     9
  2.3043216971076863E-02 a        50     0     3     1    10
 -1.9217360873389389E-01 a        51     0     3     1    11
  2.4683831610451598E-01 a        52     0     3     1    12
  6.2004350444364975E-02 a        53     0     3     1    13
  2.2684051927994525E-01 a        54     0     3     1    14
  3.1440468199136640E-01 a        55     0     3     1    15
  3.6673066335713606E-01 a        56     0     3     1    16
  1.2958149210903921E-01 a        57     0     3     1    17
  1.2368906201536689E-01 a        58     0     3     1    18
 -2.4174854918590097E-01 a        59     0     3     1    19
 -4.6434853249689599E-03 a        60     0     3     1    20
 -2.8687919260303263E-01 a        61     0     4     1     1
 -3.0574477365533287E-01 a        62     0     4     1     2
 -4.5154666074164747E-02 a        63     0     4     1     3
  2.7526475197865602E-01 a        64     0     4     1     4
  1.4858317082331363E-02 a        65     0     4     1     5
 -2.1570525527690379E-01 a        66     0     4     1     6
  1.8308988096605311E-01 a        67     0     4     1     7
 -9.9968634227497896E-02 a        68     0     4     1     8
  6.2549006382955200E-02 a        69     0     4     1     9
  3.7067437008933513E-01 a        70     0     4     1    10
 -1.2339527568544084E-01 a        71     0     4     1    11
  2.6681860113659156E-01 a        72     0     4     1    12
 -5.5269883812966519E-02 a        73     0     4     1    13
  3.9058471288093345E-02 a        74     0     4     1    14
 -1.4794557640846598E-01 a        75     0     4     1    15
  2.5085889991633886E-01 a        76     0     4     1    16
  1.3142543604004428E-01 a        77     0     4     1    17
 -2.3321282203325258E-01 a        78     0     4     1    18
 -1.9309165611266724E-01 a        79     0     4     1    19
  1.2141632793788788E-01 a        80     0     4     1    20
  2.0593174625102312E-02 a        81     0     5     1     1
  8.7716995832033207E-04 a        82     0     5     1     2
 -2.9920733312492576E-01 a        83     0     5     1     3
  2.4548157574512730E-01 a        84     0     5     1     4
  4.1167217290446878E-01 a        85     0     5     1     5
  3.1639126869538237E-01 a        86     0     5     1     6
 -4.3267287658052274E-02 a        87     0     5     1     7
  6.5131752903129073E-02 a        88     0     5     1     8
 -1.9139355591693905E-01 a        89     0     5     1     9
 -2.1590390632306966E-01 a        90     0     5     1    10
 -9.3012283101073345E-02 a        91     0     5     1    11
  9.7826093487056759E-02 a        92     0     5     1    12
 -5.0604562821738343E-02 a        93     0     5     1    13
  1.1787808810156612E-02 a        94     0     5     1    14
  3.9671953817603217E-01 a        95     0     5     1    15
 -5.7522681622961658E-01 a        96     0     5     1    16
  5.2669378501625390E-02 a        97     0     5     1    17
  4.1375341152252880E-02 a        98     0     5     1    18
  1.0971244695801081E-01 a        99     0     5     1    19
 -1.5913931531218149E-02 a       100     0     5     1    20
 -3.0149843312594060E-01 a       101     0     6     1     1
 -4.3579079415583744E-01 a       102     0     6     1     2
  2.0040808733087218E-01 a       103     0     6     1     3
 -1.8386130465433070E-01 a       104     0     6     1     4
  4.9200641642867227E-01 a       105     0     6     1     5
  3.5317852425468593E-01 a       106     0     6     1     6
  4.6626372081914941E-01 a       107     0     6     1     7
 -5.9873444602172643E-01 a       108     0     6     1     8
  4.8704478615374797E-01 a       109     0     6     1     9
 -3.2797537787263753E-01 a       110     0     6     1    10
  3.9890169280850318E-01 a       111     0     6     1    11
  2.5234330934329680E-01 a       112     0     6     1    12
  2.1406802892476245E-01 a       113     0     6     1    13
  2.7543214716957837E-01 a       114     0     6     1    14
  5.1358567297171165E-01 a       115     0     6     1    15
 -8.1519253370689371E-01 a       116     0     6     1    16
  3.3501373720365864E-03 a       117     0     6     1    17
 -3.6364972615490493E-01 a       118     0     6     1    18
  2.0442582972601325E-01 a       119     0     6     1    19
  1.3088545643173971E-01 a       120     0     6     1    20
  3.2940305320618829E-01 a       121     0     7     1     1
 -3.1671827778908679E-01 a       122     0     7     1     2
  2.4099111813321478E-01 a       123     0     7     1     3
  2.8059657446046937E-01 a       124     0     7     1     4
  1.0005872734730660E-01 a       125     0     7     1     5
  3.9592987662320354E-02 a       126     0     7     1     6
 -2.4380954124818299E-01 a       127     0     7     1     7
  4.6477872058958536E-02 a       128     0     7     1     8
 -1.8076686399208308E-01 a       129     0     7     1     9
  2.4606265191796057E-02 a       130     0     7     1    10
  4.3395558456790148E-02 a       131     0     7     1    11
 -2.5765369369984364E-01 a       132     0     7     1    12
 -4.3739059711539102E-02 a       133     0     7     1    13
 -2.6179324287777450E-01 a       134     0     7     1    14
  2.4148141469996920E-01 a       135     0     7     1    15
 -3.8596634424991873E-02 a       136     0     7     1    16
  3.0670119232968746E-01 a       137     0     7     1    17
 -2.3165228605065288E-01 a       138     0     7     1    18
  2.2792676207251440E-02 a       139     0     7     1    19
  1.3141354995222296E-01 a       140     0     7     1    20
  5.2202014943851988E-02 a       141     0     8     1     1
  2.8134894553673456E-01 a       142     0     8     1     2
 -3.1616827735504727E-01 a       143     0     8     1     3
  1.0127042899445911E-01 a       144     0     8     1     4
 -2.7923120637720067E-01 a       145     0     8     1     5
 -5.3202708595302219E-02 a       146     0     8     1     6
  1.8299815007231746E-01 a       147     0     8     1     7
 -7.1615307406859327E-02 a       148     0     8     1     8
 -2.0400700556651208E-01 a       149     0     8     1     9
 -2.3731685843284056E-01 a       150     0     8     1    10
  2.3032394446490101E-01 a       151     0     8     1    11
 -1.1789010008523160E-01 a       152     0     8     1    12
 -3.1004312308680160E-02 a       153     0     8     1    13
  4.8448627949957725E-03 a       154     0     8     1    14
 -1.8598137404922643E-01 a       155     0     8     1    15
  9.0813516426012611E-02 a       156     0     8     1    16
 -2.9139203743586090E-01 a       157     0     8     1    17
  3.6139287588683550E-01 a       158     0     8     1    18
  3.2152096540783376E-01 a       159     0     8     1    19
  2.6370541476448728E-01 a       160     0     8     1    20
 -3.5387696553066339E-01 a       161     0     9     1     1
 -2.3627019625083126E-01 a       162     0     9     1     2
 -5.5255355185288551E-03 a       163     0     9     1     3
 -1.7216720824914536E-01 a       164     0     9     1     4
  3.1325251641761825E-01 a       165     0     9     1     5
  3.9096227309445220E-01 a       166     0     9     1     6
  5.0994011597535562E-02 a       167     0     9     1     7
 -2.5127895843247993E-02 a       168     0     9     1     8
  3.8166974164691392E-01 a       169     0     9     1     9
 -1.3253492007488230E-01 a       170     0     9     1    10
 -2.8714768105682409E-01 a       171     0     9     1    11
 -1.0312432502452754E-01 a       172     0     9     1    12
 -4.7411163690534123E-04 a       173     0     9     1    13
  4.5102833830565220E-01 a       174     0     9     1    14
  3.0005968243338704E-01 a       175     0     9     1    15
 -2.2079256517884568E-01 a       176     0     9     1    16
  6.4524172980217884E-02 a       177     0     9     1    17
 -7.9066254111837403E-02 a       178     0     9     1    18
 -4.7685409858103472E-01 a       179     0     9     1    19
  1.6342504310908171E-01 a       180     0     9     1    20
  6.3337640092405251E-02 a       181     0    10     1     1
 -2.2895581671142268E-01 a       182     0    10     1     2
  2.0320152645260836E-01 a       183     0    10     1     3
 -2.8369899400105486E-01 a       184     0    10     1     4
  2.5915988932826095E-01 a       185     0    10     1     5
 -2.4596341275154011E-02 a       186     0    10     1     6
 -2.6811925714014796E-02 a       187     0    10     1     7
 -2.1169291082131239E-01 a       188     0    10     1     8
  4.3935746538615578E-01 a       189     0    10     1     9
  1.6712367453489230E-01 a       190     0    10     1    10
  3.5951687196956239E-02 a       191     0    10     1    11
  2.2369926593837758E-01 a       192     0    10     1    12
 -2.5867575203462712E-01 a       193     0    10     1    13
 -8.7243022474384715E-02 a       194     0    10     1    14
  4.1601782308704005E-01 a       195     0    10     1    15
  8.2101467518782861E-02 a       196     0    10     1    16
 -1.3687547783672455E-01 a       197     0    10     1    17
 -2.7948753329104586E-01 a       198     0    10     1    18
 -4.2614385530266898E-02 a       199     0    10     1    19
 -1.6303831621754408E-01 a       200     0    10     1    20
  3.6410751991544621E-01 a       201     0    11     1     1
  1.2749166618609362E-01 a       202     0    11     1     2
  2.4289570403795924E-01 a       203     0    11     1     3
  3.4136997771928346E-01 a       204     0    11     1     4
  6.4421608881630343E-02 a       205     0    11     1     5
 -1.9953644769405443E-01 a       206     0    11     1     6
  1.0722734941983753E-01 a       207     0    11     1     7
 -2.2132351677701226E-01 a       208     0    11     1     8
  3.2577007149489240E-01 a       209     0    11     1     9
  5.1514137010229966E-01 a       210     0    11     1    10
  3.1301899651166898E-01 a       211     0    11     1    11
  3.3115666643914271E-01 a       212     0    11     1    12
 -1.0690569650607806E-01 a       213     0    11     1    13
 -1.7988472302916846E-02 a       214     0    11     1    14
  6.7481742051090504E-02 a       215     0    11     1    15
  3.8242892329020652E-02 a       216     0    11     1    16
  2.5055296050847137E-01 a       217     0    11     1    17
  6.2531241002566490E-02 a       218     0    11     1    18
 -2.4000277196801870E-01 a       219     0    11     1    19
 -2.2240598530665986E-01 a       220     0    11     1    20
  1.6661912571250454E-02 a       221     0    12     1     1
 -1.6489256220898513E-01 a       222     0    12     1     2
  1.8375235360710947E-02 a       223     0    12     1     3
 -2.7659139261038274E-01 a       224     0    12     1     4
 -3.1846904945599352E-01 a       225     0    12     1     5
 -4.5254205198634717E-01 a       226     0    12     1     6
 -3.7692123341617212E-01 a       227     0    12     1     7
 -8.3466302555075852E-02 a       228     0    12     1     8
  1.5830290575371928E-01 a       229     0    12     1     9
 -1.1514878440219867E-01 a       230     0    12     1    10
  5.5183172918638135E-03 a       231     0    12     1    11
  1.5803963847336072E-01 a       232     0    12     1    12
  6.3448195397621657E-02 a       233     0    12     1    13
 -1.9854872003561602E-01 a       234     0    12     1    14
  6.0437695230990691E-02 a       235     0    12     1    15
 -1.3147429983380329E-01 a       236     0    12     1    16
 -2.8249584666261762E-01 a       237     0    12     1    17
  2.5434732390609432E-01 a       238     0    12     1    18
 -3.2527534947944059E-01 a       239     0    12     1    19
  2.3539785454685525E-01 a       240     0    12     1    20
  3.0323787532833280E-01 a       241     0    13     1     1
  1.0026611084228722E-02 a       242     0    13     1     2
  8.8377167666835829E-02 a       243     0    13     1     3
  2.9070454791145944E-01 a       244     0    13     1     4
 -6.1509123628413681E-02 a       245     0    13     1     5
  2.7771258397190307E-01 a       246     0    13     1     6
  1.2619370796968185E-01 a       247     0    13     1     7
 -3.3837226013936350E-02 a       248     0    13     1     8
 -9.8805760068042037E-02 a       249     0    13     1     9
  1.4713279044557656E-01 a       250     0    13     1    10
  1.7873531542965113E-01 a       251     0    13     1    11
  9.9711527803393055E-02 a       252     0    13     1    12
 -1.1492230927913494E-01 a       253     0    13     1    13
  4.0333859590025767E-01 a       254     0    13     1    14
  2.6361902844603613E-01 a       255     0    13     1    15
 -1.9728121500289209E-01 a       256     0    13     1    16
  4.1590290216226128E-01 a       257     0    13     1    17
  8.5502117029694971E-02 a       258     0    13     1    18
  7.2291055641400648E-02 a       259     0    13     1    19
  1.9704324898624531E-01 a       260     0    13     1    20
  1.2036406305762226E-01 a       261     0    14     1     1
 -5.2838065315668203E-01 a       262     0    14     1     2
  3.9409181992861880E-01 a       263     0    14     1     3
 -1.6274873683808441E-01 a       264     0    14     1     4
  2.1032301289958411E-01 a       265     0    14     1     5
 -3.2820499843406285E-02 a       266     0    14     1     6
  2.5169935281751471E-01 a       267     0    14     1     7
 -5.0147913676530112E-02 a       268     0    14     1     8
  5.7612467000171176E-02 a       269     0    14     1     9
  1.6130729547132541E-01 a       270     0    14     1    10
  1.8642826331681356E-01 a       271     0    14     1    11
 -1.2830568227961639E-01 a       272     0    14     1    12
 -3.9346698733071239E-01 a       273     0    14     1    13
 -1.0843321132479034E-01 a       274     0    14     1    14
  1.8814075858543600E-01 a       275     0    14     1    15
  1.4108429871958766E-01 a       276     0    14     1    16
 -3.9546040185443110E-01 a       277     0    14     1    17
 -5.0363317976430802E-02 a       278     0    14     1    18
 -5.4198846167539949E-01 a       279     0    14     1    19
 -1.5413635728658756E-01 a       280     0    14     1    20
  1.4239023577403839E-01 a       281     0    15     1     1
 -1.6752439532179697E-01 a       282     0    15     1     2
 -2.1920742774638002E-01 a       283     0    15     1     3
 -7.4946534052058714E-02 a       284     0    15     1     4
 -6.9727308476056335E-02 a       285     0    15     1     5
 -1.2147972150803833E-01 a       286     0    15     1     6
 -7.0228247105025496E-02 a       287     0    15     1     7
 -8.7695304213806988E-02 a       288     0    15     1     8
 -4.1278854181623170E-01 a       289     0    15     1     9
 -1.9423436304352232E-01 a       290     0    15     1    10
  2.0499902681959609E-01 a       291     0    15     1    11
  6.0485174114001533E-03 a       292     0    15     1    12
 -3.0329744664390679E-01 a       293     0    15     1    13
  7.4958816360641972E-02 a       294     0    15     1    14
 -3.3083828164262902E-01 a       295     0    15     1    15
  3.8747617234197659E-02 a       296     0    15     1    16
 -8.4744217236955396E-02 a       297     0    15     1    17
  6.2267719530824539E-01 a       298     0    15     1    18
  1.4220276040872010E-01 a       299     0    15     1    19
 -1.0285488239011641E-01 a       300     0    15     1    20
  1.2019026382569140E+00 a       301     0    16     1     1
  1.3405772926035367E-01 a       302     0    16     1     2
 -2.1575140553186314E-01 a       303     0    16     1     3
 -3.9132671086741067E-01 a       304     0    16     1     4
 -1.6434837930953933E-01 a       305     0    16     1     5
 -1.1803666387657877E-01 a       306     0    16     1     6
 -2.0557692578825637E-01 a       307     0    16     1     7
  3.5267525394585067E-03 a       308     0    16     1     8
 -4.4954018446628130E-01 a       309     0    16     1     9
 -1.0405833653717885E-02 a       310     0    16     1    10
  4.4214856179128648E-01 a       311     0    16     1    11
 -6.9852386717501569E-01 a       312     0    16     1    12
  5.2028969788572987E-01 a       313     0    16     1    13
 -5.7654767643123606E-01 a       314     0    16     1    14
  1.7438164378701182E-01 a       315     0    16     1    15
 -2.1497768207602747E-01 a       316     0    16     1    16
  3.3019661076141305E-01 a       317     0    16     1    17
 -1.2644505136215709E+00 a       318     0    16     1    18
 -2.5646227096173779E-01 a       319     0    16     1    19
  3.9917244360619560E-02 a       320     0    16     1    20
 -1.3716682374667291E+00 a       321     0    17     1     1
  3.6752322251565051E-01 a       322     0    17     1     2
  4.9226057045087751E-01 a       323     0    17     1     3
  7.2683819776532221E-01 a       324     0    17     1     4
 -2.4732317932315112E-01 a       325     0    17     1     5
  7.9848254788577877E-02 a       326     0    17     1     6
  3.4484133893179181E-01 a       327     0    17     1     7
 -1.4425085369929297E-01 a       328     0    17     1     8
  3.4543030954259890E-01 a       329     0    17     1     9
 -4.8891933165884566E-01 a       330     0    17     1    10
  1.6913046084438044E-01 a       331     0    17     1    11
  5.4777023494952426E-01 a       332     0    17     1    12
 -1.7267160723272562E-01 a       333     0    17     1    13
 -8.2384551008177251E-02 a       334     0    17     1    14
 -1.5680748282753332E-01 a       335     0    17     1    15
  4.2284555557673242E-01 a       336     0    17     1    16
  1.2473866979861908E-01 a       337     0    17     1    17
  1.4921484945422445E+00 a       338     0    17     1    18
  4.1038147584204410E-01 a       339     0    17     1    19
 -1.9849200705642285E-02 a       340     0    17     1    20
  2.9477387407419814E-02 a       341     0    18     1     1
 -3.9403158968769819E-01 a       342     0    18     1     2
  2.0448720709301890E-01 a       343     0    18     1     3
 -2.5856145072224685E-02 a       344     0    18     1     4
  4.3901625588041038E-01 a       345     0    18     1     5
  1.8284564104969811E-01 a       346     0    18     1     6
 -5.6828742152018559E-02 a       347     0    18     1     7
 -3.8620557721671472E-01 a       348     0    18     1     8
  2.9889422545592115E-02 a       349     0    18     1     9
  4.5479745425370455E-01 a       350     0    18     1    10
 -3.0281815852769522E-01 a       351     0    18     1    11
 -1.4606047891656643E-01 a       352     0    18     1    12
 -4.7204969617997178E-01 a       353     0    18     1    13
 -1.6709742988263530E-02 a       354     0    18     1    14
 -6.8628689317649814E-03 a       355     0    18     1    15
 -3.7661066304632305E-02 a       356     0    18     1    16
 -2.8792499482320733E-01 a       357     0    18     1    17
 -5.4563585120925973E-01 a       358     0    18     1    18
 -5.0304796171928727E-02 a       359     0    18     1    19
 -3.9086543788105710E-01 a       360     0    18     1    20
  1.2785353787045597E-01 a       361     0    19     1     1
 -9.9549726373098724E-02 a       362     0    19     1     2
 -6.5381415047617930E-01 a       363     0    19     1     3
 -7.6190758526356178E-02 a       364     0    19     1     4
 -4.2575554147727734E-01 a       365     0    19     1     5
  5.6816242900991387E-01 a       366     0    19     1     6
 -2.4537798811285069E-01 a       367     0    19     1     7
  1.0000507879563192E+00 a       368     0    19     1     8
 -1.3437328400336809E-01 a       369     0    19     1     9
 -2.0115430110676785E-01 a       370     0    19     1    10
 -2.9553257471618255E-01 a       371     0    19     1    11
  4.7300059278844009E-01 a       372     0    19     1    12
  5.5672374687452542E-01 a       373     0    19     1    13
  1.3433710581171149E-01 a       374     0    19     1    14
  4.9702873392801952E-02 a       375     0    19     1    15
  3.5092331104780036E-02 a       376     0    19     1    16
 -3.8433592429307878E-01 a       377     0    19     1    17
  6.6278351747666198E-01 a       378     0    19     1    18
  2.2437858998832355E-02 a       379     0    19     1    19
  6.6318082727663902E-02 a       380     0    19     1    20
 -1.9623746066845243E-01 a       381     0    20     1     1
  2.3984469436112216E-01 a       382     0    20     1     2
  2.1386581836561661E-01 a       383     0    20     1     3
  2.8768876527879511E-01 a       384     0    20     1     4
 -2.9374682275433488E-02 a       385     0    20     1     5
 -3.2606013996690952E-01 a       386     0    20     1     6
 -5.7925899763104270E-02 a       387     0    20     1     7
 -4.2514655059902406E-01 a       388     0    20     1     8
  2.5222746192926698E-01 a       389     0    20     1     9
 -1.8181500248987603E-01 a       390     0    20     1    10
  3.2177541231868292E-02 a       391     0    20     1    11
 -2.3576771278453093E-01 a       392     0    20     1    12
 -6.4050169048004912E-01 a       393     0    20     1    13
  6.9631527957164652E-01 a       394     0    20     1    14
  2.6128659147168881E-01 a       395     0    20     1    15
  5.3123007146152472E-02 a       396     0    20     1    16
 -1.4344687612271245E-01 a       397     0    20     1    17
  1.5396775906505950E-01 a       398     0    20     1    18
 -7.5264502252162788E-02 a       399     0    20     1    19
  4.1173514016390750E-01 a       400     0    20     1    20
  3.0974731046763249E-01 a       401     0    21     1     1
  6.1725279971280869E-02 a       402     0    21     1     2
  8.9034791620663134E-02 a       403     0    21     1     3
 -2.1115612380572887E-01 a       404     0    21     1     4
  4.2784129107992858E-01 a       405     0    21     1     5
 -1.2828550162173435E-01 a       406     0    21     1     6
  2.2661440676096437E-01 a       407     0    21     1     7
 -2.5622713688847742E-01 a       408     0    21     1     8
 -3.5471101755892737E-01 a       409     0    21     1     9
  3.0799851020446423E-01 a       410     0    21     1    10
 -2.0207243008997536E-01 a       411     0    21     1    11
 -5.4940724082704600E-03 a       412     0    21     1    12
 -2.7129950560525645E-01 a       413     0    21     1    13
 -2.3896143434516206E-02 a       414     0    21     1    14
 -3.5549364385772646E-03 a       415     0    21     1    15
 -1.7426669943458310E-02 a       416     0    21     1    16
  8.0963592626310713E-02 a       417     0    21     1    17
 -2.6982769706198118E-01 a       418     0    21     1    18
 -1.6865927191200605E-01 a       419     0    21     1    19
  1.0255660617013294E-01 a       420     0    21     1    20
  2.7431901906409878E-01 a       421     0    22     1     1
  1.4788843819652231E-01 a       422     0    22     1     2
  3.2111929529888733E-01 a       423     0    22     1     3
 -7.2861294222158024E-01 a       424     0    22     1     4
 -9.0786574614092300E-02 a       425     0    22     1     5
 -1.0237037075474895E-01 a       426     0    22     1     6
  5.0385388718795110E-02 a       427     0    22     1     7
  2.3551523624221019E-01 a       428     0    22     1     8
  1.4277424367043126E-01 a       429     0    22     1     9
 -1.3496686164871440E-02 a       430     0    22     1    10
  1.7094786647782656E-01 a       431     0    22     1    11
  3.1154928549724387E-01 a       432     0    22     1    12
  9.3881193102305305E-02 a       433     0    22     1    13
  4.5916607463829390E-01 a       434     0    22     1    14
 -1.7627560485901378E-01 a       435     0    22     1    15
 -1.6654158677903191E-01 a       436     0    22     1    16
  1.9825000934201534E-01 a       437     0    22     1    17
  1.5756177202093871E-01 a       438     0    22     1    18
  4.6196136430771528E-02 a       439     0    22     1    19
  4.2082020643155915E-02 a       440     0    22     1    20
 -3.6446854575677423E-01 a       441     0    23     1     1
  4.5094286807491113E-01 a       442     0    23     1     2
 -1.6994411457252778E-01 a       443     0    23     1     3
  3.2498777931285638E-01 a       444     0    23     1     4
 -2.1997923812700626E-01 a       445     0    23     1     5
 -8.2896513239192865E-02 a       446     0    23     1     6
 -1.9447280318279705E-01 a       447     0    23     1     7
 -2.2153718307204062E-01 a       448     0    23     1     8
  2.0457334962575249E-01 a       449     0    23     1     9
 -3.0148328483447617E-01 a       450     0    23     1    10
  2.2691898270014044E-01 a       451     0    23     1    11
 -4.7306279568924331E-02 a       452     0    23     1    12
 -2.0948874328393580E-01 a       453     0    23     1    13
  4.2123500560936927E-01 a       454     0    23     1    14
  7.7428452851601728E-02 a       455     0    23     1    15
 -3.0872889590223318E-01 a       456     0    23     1    16
  5.0386218410166450E-01 a       457     0    23     1    17
  2.1883404423474556E-01 a       458     0    23     1    18
  8.0041900584447365E-02 a       459     0    23     1    19
 -2.0155379341047169E-01 a       460     0    23     1    20
  2.0345935892013882E-02 a       461     0    24     1     1
  2.4991042821358983E-01 a       462     0    24     1     2
 -3.0743603835254435E-01 a       463     0    24     1     3
 -1.0589225014383249E-01 a       464     0    24     1     4
  2.8852015820102161E-02 a       465     0    24     1     5
  1.3894844450575721E-02 a       466     0    24     1     6
 -6.1566474097849459E-03 a       467     0    24     1     7
 -1.0324246937161290E-01 a       468     0    24     1     8
  2.2914343103661489E-01 a       469     0    24     1     9
 -1.4426881516292303E-01 a       470     0    24     1    10
  3.9861482688615463E-01 a       471     0    24     1    11
 -3.0935850049656927E-01 a       472     0    24     1    12
  1.9924098201498655E-01 a       473     0    24     1    13
  2.7548027972900829E-01 a       474     0    24     1    14
 -1.0998365794068657E-01 a       475     0    24     1    15
  1.0563270020107379E-01 a       476     0    24     1    16
 -2.4598790719190194E-01 a       477     0    24     1    17
  7.9772826479528897E-03 a       478     0    24     1    18
  1.0570895175659037E-01 a       479     0    24     1    19
  1.9754403334889037E-01 a       480     0    24     1    20
 -6.8930739690238899E-02 a       481     0    25     1     1
  6.4109923408234659E-01 a       482     0    25     1     2
 -1.0769371589137854E-01 a       483     0    25     1     3
 -3.3181562548079485E-01 a       484     0    25     1     4
  1.8769023861418244E-01 a       485     0    25     1     5
 -6.7059052330926794E-02 a       486     0    25     1     6
  5.7624037583672949E-01 a       487     0    25     1     7
 -7.0654283048511446E-01 a       488     0    25     1     8
  3.0645446419606281E-01 a       489     0    25     1     9
  5.2939127804481223E-01 a       490     0    25     1    10
 -4.6911981115020374E-02 a       491     0    25     1    11
 -1.0325129136518575E-01 a       492     0    25     1    12
 -9.1115423419596470E-02 a       493     0    25     1    13
 -2.5439878082281225E-01 a       494     0    25     1    14
  1.8297618515193625E-01 a       495     0    25     1    15
 -4.5790908419940490E-01 a       496     0    25     1    16
 -3.8539782976373260E-01 a       497     0    25     1    17
  3.3695034523982642E-01 a       498     0    25     1    18
 -2.6329611149470122E-01 a       499     0    25     1    19
 -6.7219152003199875E-02 a       500     0    25     1    20
  3.5904578413070619E-02 a       501     0    26     1     1
  1.7178143013052333E-01 a       502     0    26     1     2
  3.0578670040165046E-01 a       503     0    26     1     3
 -3.5491599023329723E-01 a       504     0    26     1     4
 -1.8533860036476940E-01 a       505     0    26     1     5
  5.1124691036138048E-01 a       506     0    26     1     6
  8.5638999243078523E-02 a       507     0    26     1     7
  3.6454691438089770E-01 a       508     0    26     1     8
 -6.0399178030705526E-02 a       509     0    26     1     9
 -3.2898702884348718E-01 a       510     0    26     1    10
  3.1594204244080000E-02 a       511     0    26     1    11
 -5.3944304316489292E-02 a       512     0    26     1    12
  5.8278996644786662E-04 a       513     0    26     1    13
  5.0811833465026046E-01 a       514     0    26     1    14
 -3.3924933418684416E-01 a       515     0    26     1    15
 -1.6475292361059105E-01 a       516     0    26     1    16
  3.5990008305101617E-01 a       517     0    26     1    17
 -1.5708573767720932E-01 a       518     0    26     1    18
 -2.0922146261497943E-01 a       519     0    26     1    19
 -8.1403730544558378E-02 a       520     0    26     1    20
 -3.7892921270417712E-01 a       521     0    27     1     1
  2.9779871233285005E-01 a       522     0    27     1     2
  3.9073762025309960E-02 a       523     0    27     1     3
  5.2486744243526458E-02 a       524     0    27     1     4
  3.3847278503139000E-01 a       525     0    27     1     5
 -1.0510736195231766E-02 a       526     0    27     1     6
 -4.0701095393723064E-01 a       527     0    27     1     7
  5.0603885535446191E-01 a       528     0    27     1     8
  2.6724739611346765E-01 a       529     0    27     1     9
 -1.9104501143023039E-01 a       530     0    27     1    10
  2.5620122806421980E-01 a       531     0    27     1    11
  2.7674313363541830E-01 a       532     0    27     1    12
  1.9973124916882212E-01 a       533     0    27     1    13
  2.5319707465892261E-01 a       534     0    27     1    14
 -5.1449658257261843E-01 a       535     0    27     1    15
 -2.3283304327186263E-01 a       536     0    27     1    16
  3.7195218280929321E-01 a       537     0    27     1    17
  4.2654317523468749E-01 a       538     0    27     1    18
 -8.8304849588906942E-02 a       539     0    27     1    19
 -3.6117849368524646E-01 a       540     0    27     1    20
  5.1934249409837631E-02 a       541     0    28     1     1
 -8.6779606006601243E-02 a       542     0    28     1     2
  7.8653475430911501E-02 a       543     0    28     1     3
 -1.1620968350262986E-01 a       544     0    28     1     4
 -1.2601874037028588E-01 a       545     0    28     1     5
 -1.7211213770571895E-01 a       546     0    28     1     6
  1.8242125673466278E-01 a       547     0    28     1     7
  2.2649911083684393E-01 a       548     0    28     1     8
  7.8310408171824081E-02 a       549     0    28     1     9
  4.0848929865289346E-01 a       550     0    28     1    10
 -7.4550695631266012E-02 a       551     0    28     1    11
  5.2095027320570593E-02 a       552     0    28     1    12
  3.2052644308379086E-01 a       553     0    28     1    13
 -1.4511373017377249E-01 a       554     0    28     1    14
  1.2030004119297769E-01 a       555     0    28     1    15
 -3.2200427068833654E-01 a       556     0    28     1    16
  8.4050291240632818E-02 a       557     0    28     1    17
 -2.2037306656153113E-01 a       558     0    28     1    18
  2.3624058345017238E-01 a       559     0    28     1    19
 -3.3195510468796324E-01 a       560     0    28     1    20
  8.0302668775698305E-03 a       561     0    29     1     1
 -4.2745314289927461E-01 a       562     0    29     1     2
  3.5259116942976987E-01 a       563     0    29     1     3
  1.5531991335854503E-01 a       564     0    29     1     4
  7.4899208754196048E-02 a       565     0    29     1     5
 -1.3364381118102864E-01 a       566     0    29     1     6
 -2.9870612422463405E-01 a       567     0    29     1     7
  6.1556006791007123E-01 a       568     0    29     1     8
 -5.2947191000680482E-01 a       569     0    29     1     9
  3.7996088901430101E-02 a       570     0    29     1    10
  1.5600918292374106E-02 a       571     0    29     1    11
  2.1784675030040432E-01 a       572     0    29     1    12
  1.0079471428579352E-01 a       573     0    29     1    13
 -3.5021995604275657E-01 a       574     0    29     1    14
  7.2263206130134350E-01 a       575     0    29     1    15
 -1.2997524486510753E-01 a       576     0    29     1    16
 -2.7392931794996224E-02 a       577     0    29     1    17
 -4.1439634862796842E-01 a       578     0    29     1    18
  8.6805656393466879E-03 a       579     0    29     1    19
  4.8966604255737504E-02 a       580     0    29     1    20
  3.2755480189255676E-01 a       581     0    30     1     1
 -8.3585732831774652E-03 a       582     0    30     1     2
 -1.0435394509936044E-01 a       583     0    30     1     3
 -2.2227090328241414E-01 a       584     0    30     1     4
 -5.7234208238367619E-02 a       585     0    30     1     5
  1.0064357375846443E-01 a       586     0    30     1     6
 -8.2852438231649436E-02 a       587     0    30     1     7
 -3.1427878282238053E-01 a       588     0    30     1     8
  6.9934537131602498E-02 a       589     0    30     1     9
  4.0941513939976515E-01 a       590     0    30     1    10
  2.8802653663939909E-01 a       591     0    30     1    11
 -2.2949304949207852E-01 a       592     0    30     1    12
  2.1584373027691416E-02 a       593     0    30     1    13
  2.5220442036510682E-01 a       594     0    30     1    14
 -4.4399823004085004E-01 a       595     0    30     1    15
  3.0712317973379616E-01 a       596     0    30     1    16
  3.1969729357457927E-01 a       597     0    30     1    17
  9.0457888447568087E-03 a       598     0    30     1    18
 -1.9306098312446213E-01 a       599     0    30     1    19
  4.4012888009263712E-01 a       600     0    30     1    20
  2.5683115514514404E-01 a       601     0    31     1     1
  3.4874130156655597E-01 a       602     0    31     1     2
 -2.8268494472566252E-01 a       603     0    31     1     3
  1.4619742302662866E-01 a       604     0    31     1     4
  3.7488178153525431E-01 a       605     0    31     1     5
 -2.1027138064556281E-01 a       606     0    31     1     6
  2.1350787841418969E-01 a       607     0    31     1     7
 -2.2737102384551569E-01 a       608     0    31     1     8
  1.4986018996463976E-01 a       609     0    31     1     9
  5.0030416527347263E-03 a       610     0    31     1    10
 -1.2545443687561003E-01 a       611     0    31     1    11
 -1.2365173568829585E-01 a       612     0    31     1    12
  6.8161543704283400E-02 a       613     0    31     1    13
  2.9615752960739694E-01 a       614     0    31     1    14
  8.3004739072190303E-02 a       615     0    31     1    15
 -2.9738570095161565E-01 a       616     0    31     1    16
 -9.7323601428031009E-02 a       617     0    31     1    17
 -2.9320882277777557E-03 a       618     0    31     1    18
 -4.6216891242246932E-01 a       619     0    31     1    19
  1.1993970895914594E-01 a       620     0    31     1    20
 -2.7073141711975679E-01 a       621     0    32     1     1
 -1.0028797724333527E-01 a       622     0    32     1     2
  3.5072818511901088E-01 a       623     0    32     1     3
 -2.7888262273450581E-01 a       624     0    32     1     4
  6.1900317732038967E-01 a       625     0    32     1     5
 -2.4349762509385584E-01 a       626     0    32     1     6
 -2.5203111144580220E-01 a       627     0    32     1     7
 -2.2271251696358677E-01 a       628     0    32     1     8
  4.6849106814545632E-01 a       629     0    32     1     9
  3.7216559702148357E-02 a       630     0    32     1    10
 -8.4183008603003054E-02 a       631     0    32     1    11
 -2.3160518282891968E-01 a       632     0    32     1    12
 -2.8532615681612622E-01 a       633     0    32     1    13
  3.1436244673569508E-01 a       634     0    32     1    14
 -2.8152566731830259E-01 a       635     0    32     1    15
 -8.2214731678140737E-02 a       636     0    32     1    16
 -2.3459235836260309E-01 a       637     0    32     1    17
 -1.1249056003232812E-01 a       638     0    32     1    18
  5.8584374636071156E-02 a       639     0    32     1    19
  1.7038541374245664E-01 a       640     0    32     1    20
  2.7453807764900395E-01 a       641     0    33     1     1
 -1.9766688641902549E-01 a       642     0    33     1     2
 -2.5607916305962386E-01 a       643     0    33     1     3
 -3.5078832988416492E-02 a       644     0    33     1     4
 -5.8258403973687267E-01 a       645     0    33     1     5
  3.2981118691393763E-01 a       646     0    33     1     6
 -1.8370950450949039E-01 a       647     0    33     1     7
  1.7897296259656312E-01 a       648     0    33     1     8
  1.7268127189729568E-01 a       649     0    33     1     9
  5.9139934560162075E-02 a       650     0    33     1    10
 -3.2052751953648173E-01 a       651     0    33     1    11
  3.2413264767741184E-01 a       652     0    33     1    12
 -3.3648463299341752E-01 a       653     0    33     1    13
 -3.3865172247647524E-01 a       654     0    33     1    14
  3.9800196496361984E-01 a       655     0    33     1    15
  2.6866778098714672E-01 a       656     0    33     1    16
  1.4287213320986411E-01 a       657     0    33     1    17
 -3.3787730777690950E-01 a       658     0    33     1    18
 -7.2492661834277397E-02 a       659     0    33     1    19
 -4.4443272768065328E-01 a       660     0    33     1    20
 -3.6118018988017148E-01 a       661     0    34     1     1
 -5.8296197702771246E-01 a       662     0    34     1     2
  2.7952888851351326E-01 a       663     0    34     1     3
 -2.3342829560189998E-01 a       664     0    34     1     4
 -7.4108621744222586E-02 a       665     0    34     1     5
  1.7641553441796787E-01 a       666     0    34     1     6
 -9.6628294044262847E-02 a       667     0    34     1     7
  1.9301978377637574E-01 a       668     0    34     1     8
  3.6797567462511122E-01 a       669     0    34     1     9
  6.3521828840540043E-02 a       670     0    34     1    10
 -2.3534118575667304E-01 a       671     0    34     1    11
  2.6314797137211060E-01 a       672     0    34     1    12
  1.8271895471032185E-01 a       673     0    34     1    13
 -4.1673078059576978E-02 a       674     0    34     1    14
 -2.5670146884830664E-01 a       675     0    34     1    15
 -3.4540392115352558E-01 a       676     0    34     1    16
  2.2111236807806056E-01 a       677     0    34     1    17
  9.2652821086997142E-02 a       678     0    34     1    18
 -2.3897807825532639E-02 a       679     0    34     1    19
  4.3456645493279829E-02 a       680     0    34     1    20
 -4.4406986070518677E-02 a       681     0    35     1     1
  2.7084641298597034E-01 a       682     0    35     1     2
 -1.5714429302319938E-01 a       683     0    35     1     3
 -2.1816970927762433E-01 a       684     0    35     1     4
  6.6509547158396784E-02 a       685     0    35     1     5
  1.7301657896216731E-02 a       686     0    35     1     6
  2.1231739609599662E-01 a       687     0    35     1     7
 -1.6557494069966278E-01 a       688     0    35     1     8
  1.7216169637172332E-01 a       689     0    35     1     9
  6.4360063472260767E-02 a       690     0    35     1    10
  2.0897640825111349E-01 a       691     0    35     1    11
  1.6199729070909477E-01 a       692     0    35     1    12
 -2.0041473014154432E-02 a       693     0    35     1    13
  9.6731008498438326E-02 a       694     0    35     1    14
 -9.8736663539547562E-02 a       695     0    35     1    15
  2.7478207093496249E-01 a       696     0    35     1    16
  5.8943585908667373E-01 a       697     0    35     1    17
 -5.0678395896558293E-01 a       698     0    35     1    18
 -2.2829333145044456E-01 a       699     0    35     1    19
 -1.3872100344389904E-01 a       700     0    35     1    20
 -2.9199056858340851E-02 a       701     0    36     1     1
  2.7015577876691110E-01 a       702     0    36     1     2
 -8.6197312004879470E-02 a       703     0    36     1     3
  5.2854723990144248E-01 a       704     0    36     1     4
 -8.8604396037874830E-02 a       705     0    36     1     5
  1.3326898349266059E-01 a       706     0    36     1     6
 -5.7118439676226790E-02 a       707     0    36     1     7
  5.3833348919999691E-01 a       708     0    36     1     8
 -3.0618586525802693E-01 a       709     0    36     1     9
 -3.7762670917676777E-01 a       710     0    36     1    10
 -3.1814280569203802E-02 a       711     0    36     1    11
  8.7051614931696247E-02 a       712     0    36     1    12
  2.5236471430485791E-01 a       713     0    36     1    13
  3.4662782295722688E-01 a       714     0    36     1    14
 -9.8842507875213051E-02 a       715     0    36     1    15
 -4.8315851347810679E-01 a       716     0    36     1    16
 -3.9740523569022435E-01 a       717     0    36     1    17
 -3.0710919429393502E-01 a       718     0    36     1    18
  3.9328180483142450E-01 a       719     0    36     1    19
  3.0007442682911512E-01 a       720     0    36     1    20
 -2.3966973517973575E-01 a       721     0    37     1     1
 -1.9929546863704101E-01 a       722     0    37     1     2
 -3.8216587069991176E-01 a       723     0    37     1     3
  3.8886898191762463E-02 a       724     0    37     1     4
 -2.2870564611874694E-01 a       725     0    37     1     5
  2.7032541489846912E-01 a       726     0    37     1     6
  2.7328970622896498E-01 a       727     0    37     1     7
 -2.3524339756636584E-01 a       728     0    37     1     8
 -8.0243333086919000E-02 a       729     0    37     1     9
 -5.7761886250512921E-02 a       730     0    37     1    10
 -2.4915792042472552E-02 a       731     0    37     1    11
  2.0307713111987302E-01 a       732     0    37     1    12
 -7.8014412477139000E-02 a       733     0    37     1    13
 -1.6591895205080814E-01 a       734     0    37     1    14
 -1.4396230148825556E-01 a       735     0    37     1    15
  2.1385687239245502E-01 a       736     0    37     1    16
  2.3473152126609081E-01 a       737     0    37     1    17
  2.2175106623847807E-01 a       738     0    37     1    18
  5.2496777261263627E-01 a       739     0    37     1    19
 -3.0504642578212754E-01 a       740     0    37     1    20
  4.9183323320504463E-01 a       741     0    38     1     1
  7.5657733484354217E-01 a       742     0    38     1     2
 -1.4728306998219318E-01 a       743     0    38     1     3
  8.9443311640642398E-02 a       744     0    38     1     4
  6.4480481505225073E-01 a       745     0    38     1     5
  1.9180392068824378E-01 a       746     0    38     1     6
 -1.2736879098693588E-01 a       747     0    38     1     7
 -3.0466584492011489E-01 a       748     0    38     1     8
 -5.7392876779435287E-01 a       749     0    38     1     9
  2.8896904356139036E-01 a       750     0    38     1    10
  6.2987786147730540E-01 a       751     0    38     1    11
 -2.3005858886113753E-01 a       752     0    38     1    12
  3.0541570258901712E-01 a       753     0    38     1    13
 -5.3142811333834894E-01 a       754     0    38     1    14
  7.5976971209220492E-02 a       755     0    38     1    15
 -2.5829152105353137E-01 a       756     0    38     1    16
  7.3332083202012885E-02 a       757     0    38     1    17
  1.8505210539184874E-01 a       758     0    38     1    18
  1.0280853191592667E-02 a       759     0    38     1    19
  6.8049476148096588E-01 a       760     0    38     1    20
  1.0041317854527475E-01 a       761     0    39     1     1
 -3.0932054899976058E-01 a       762     0    39     1     2
 -2.0047507410211649E-01 a       763     0    39     1     3
 -2.8393425751057422E-01 a       764     0    39     1     4
  3.0289104545554163E-01 a       765     0    39     1     5
  8.3543400906701523E-02 a       766     0    39     1     6
 -8.0166165617010843E-02 a       767     0    39     1     7
 -2.6264982078419674E-01 a       768     0    39     1     8
 -4.4147727590825864E-01 a       769     0    39     1     9
  1.8607391719686728E-01 a       770     0    39     1    10
 -2.3185768907334889E-01 a       771     0    39     1    11
 -4.8453978298056988E-01 a       772     0    39     1    12
 -3.9347965415255884E-02 a       773     0    39     1    13
 -1.9134120322188206E-01 a       774     0    39     1    14
  6.8932171707316555E-03 a       775     0    39     1    15
  4.3157156332903085E-01 a       776     0    39     1    16
  1.2405700173191904E-01 a       777     0    39     1    17
  4.3503552983364069E-01 a       778     0    39     1    18
  4.0561509121709927E-01 a       779     0    39     1    19
  1.0131504426369622E-01 a       780     0    39     1    20
 -9.3163351052043073E-03 a       781     0    40     1     1
  3.6913825288073215E-01 a       782     0    40     1     2
  1.5378703742254834E-01 a       783     0    40     1     3
  5.5203517994635420E-01 a       784     0    40     1     4
 -2.3769522894591899E-01 a       785     0    40     1     5
 -3.9540235782065097E-01 a       786     0    40     1     6
  1.1437391284449738E-01 a       787     0    40     1     7
  1.7197069192017470E-01 a       788     0    40     1     8
 -2.4551738536296161E-01 a       789     0    40     1     9
 -2.7439976264175492E-01 a       790     0    40     1    10
 -4.6888346097457217E-01 a       791     0    40     1    11
 -2.9255552549153691E-01 a       792     0    40     1    12
 -2.9403345021426142E-01 a       793     0    40     1    13
  4.5492673477928874E-01 a       794     0    40     1    14
  8.0644007575421187E-02 a       795     0    40     1    15
 -1.9645988647445889E-01 a       796     0    40     1    16
 -7.5400314602911273E-02 a       797     0    40     1    17
 -4.1336411937460488E-01 a       798     0    40     1    18
 -1.8790487643853176E-01 a       799     0    40     1    19
 -2.6599713017778986E-01 a       800     0    40     1    20
 -2.9769446421715906E-01 a       801     0    41     1     1
 -2.7800091481444811E-01 a       802     0    41     1     2
 -1.1223191933773631E-01 a       803     0    41     1     3
  4.3755788988786883E-02 a       804     0    41     1     4
 -3.1342153681362200E-02 a       805     0    41     1     5
 -6.0434431634054903E-02 a       806     0    41     1     6
  1.7763876015298613E-01 a       807     0    41     1     7
 -3.9521535908599505E-02 a       808     0    41     1     8
  1.1676363501753988E-01 a       809     0    41     1     9
 -2.3795939667957829E-03 a       810     0    41     1    10
 -4.9451842892611189E-02 a       811     0    41     1    11
  9.3641344071296637E-02 a       812     0    41     1    12
  1.0390405450405248E-01 a       813     0    41     1    13
 -4.6197571493880402E-02 a       814     0    41     1    14
  3.7689034240982583E-01 a       815     0    41     1    15
  4.9544712794844549E-02 a       816     0    41     1    16
 -2.2798469596804358E-01 a       817     0    41     1    17
  9.5815676157293443E-04 a       818     0    41     1    18
  1.3362376651396793E-01 a       819     0    41     1    19
  4.3301724649192725E-03 a       820     0    41     1    20
 -8.2101262768331601E-02 a       821     0    42     1     1
 -4.3105630619100090E-02 a       822     0    42     1     2
 -1.5947173708040105E-01 a       823     0    42     1     3
 -2.2840771049676434E-01 a       824     0    42     1     4
  4.0455270788378198E-02 a       825     0    42     1     5
 -6.6737096062407061E-02 a       826     0    42     1     6
  1.2639000654380500E-01 a       827     0    42     1     7
 -3.9114851245881446E-02 a       828     0    42     1     8
  2.1079615983507632E-01 a       829     0    42     1     9
  1.1030372714181871E-01 a       830     0    42     1    10
 -7.3278047147005171E-02 a       831     0    42     1    11
  4.2248757609395754E-02 a       832     0    42     1    12
 -1.8863387428958864E-01 a       833     0    42     1    13
  3.0284395449953389E-01 a       834     0    42     1    14
 -2.4476875080753935E-01 a       835     0    42     1    15
 -9.5456895415209284E-02 a       836     0    42     1    16
  1.7937735520771578E-01 a       837     0    42     1    17
  2.3464186085488556E-01 a       838     0    42     1    18
 -8.7889856869399180E-02 a       839     0    42     1    19
 -2.3911593005413176E-01 a       840     0    42     1    20
  1.5718321065986730E-02 a       841     0    43     1     1
 -5.4225786841565232E-02 a       842     0    43     1     2
  2.2165919709762560E-01 a       843     0    43     1     3
  4.6804061824511724E-02 a       844     0    43     1     4
 -1.2992585976292920E-01 a       845     0    43     1     5
 -7.9200686252443378E-02 a       846     0    43     1     6
  1.1635019317428510E-01 a       847     0    43     1     7
  3.7188434997019328E-02 a       848     0    43     1     8
  2.6831766421773508E-02 a       849     0    43     1     9
 -2.2202785511349113E-01 a       850     0    43     1    10
  2.4802290509606204E-01 a       851     0    43     1    11
  1.3530654386941790E-01 a       852     0    43     1    12
  4.3947695593494429E-02 a       853     0    43     1    13
 -2.0956175160482187E-02 a       854     0    43     1    14
 -4.5495939982865480E-01 a       855     0    43     1    15
 -1.2965331033460226E-01 a       856     0    43     1    16
  1.7614110272106470E-01 a       857     0    43     1    17
  2.5085516281837161E-01 a       858     0    43     1    18
 -2.4773326807497648E-01 a       859     0    43     1    19
  6.1200844017888098E-02 a       860     0    43     1    20
  2.9463838465441261E-01 a       861     0    44     1     1
  5.3545101964842197E-02 a       862     0    44     1     2
  4.2037482485606931E-01 a       863     0    44     1     3
 -1.2514053223123570E-01 a       864     0    44     1     4
  3.0713369147757873E-03 a       865     0    44     1     5
  2.4540545279958675E-01 a       866     0    44     1     6
 -5.8168299993796413E-01 a       867     0    44     1     7
  1.5051516336264459E-01 a       868     0    44     1     8
 -1.6780261826674339E-01 a       869     0    44     1     9
 -2.6296046898301134E-01 a       870     0    44     1    10
  1.6401525441801565E-01 a       871     0    44     1    11
 -2.2016888939509430E-01 a       872     0    44     1    12
  1.9691325806016666E-01 a       873     0    44     1    13
  1.4797659597806964E-01 a       874     0    44     1    14
  2.8190070999888195E-01 a       875     0    44     1    15
  2.0116477903361477E-01 a       876     0    44     1    16
 -3.0265705871276921E-01 a       877     0    44     1    17
 -7.4582238844123905E-01 a       878     0    44     1    18
  3.0437420206729005E-01 a       879     0    44     1    19
  3.7000784393278535E-01 a       880     0    44     1    20
 -5.2952971264891369E-01 a       881     0    45     1     1
 -5.7904388826430853E-01 a       882     0    45     1     2
 -3.0654017181512744E-01 a       883     0    45     1     3
  1.5722712639271616E-01 a       884     0    45     1     4
 -3.1523920069814171E-01 a       885     0    45     1     5
 -4.5998049891445580E-01 a       886     0    45     1     6
  8.8376083559892453E-03 a       887     0    45     1     7
 -1.0580664850017218E-01 a       888     0    45     1     8
 -3.1948024862312664E-02 a       889     0    45     1     9
 -1.7469057764819962E-01 a       890     0    45     1    10
 -3.0462033780247455E-01 a       891     0    45     1    11
 -5.6452662987173496E-01 a       892     0    45     1    12
  3.6601403567531811E-02 a       893     0    45     1    13
  5.9711453607650053E-02 a       894     0    45     1    14
 -1.2579089064053356E-01 a       895     0    45     1    15
  1.9426868085846447E-01 a       896     0    45     1    16
 -1.5050997317538523E-01 a       897     0    45     1    17
  5.4965019366002088E-01 a       898     0    45     1    18
 -3.4001330059296048E-01 a       899     0    45     1    19
  1.0172368059266318E-01 a       900     0    45     1    20
  4.2351577832927845E-01 a       901     0    46     1     1
 -1.3871466277562516E-01 a       902     0    46     1     2
  8.2308778976853653E-02 a       903     0    46     1     3
 -1.9173143056239805E-01 a       904     0    46     1     4
 -2.5724333717305820E-01 a       905     0    46     1     5
  2.6308918052392272E-01 a       906     0    46     1     6
  1.1224321295015219E-02 a       907     0    46     1     7
  7.1849907315977693E-02 a       908     0    46     1     8
 -1.3083969641174023E-01 a       909     0    46     1     9
  1.1403955553130377E-02 a       910     0    46     1    10
  6.3855445912282205E-02 a       911     0    46     1    11
 -1.5107296416338348E-01 a       912     0    46     1    12
 -8.8650124995424462E-02 a       913     0    46     1    13
 -1.4939630275071022E-01 a       914     0    46     1    14
  2.5401592978526966E-01 a       915     0    46     1    15
  5.4113211887633894E-01 a       916     0    46     1    16
 -2.8036206330768604E-01 a       917     0    46     1    17
 -7.6670104644628256E-01 a       918     0    46     1    18
 -4.9014219026194011E-01 a       919     0    46     1    19
  2.0590189310723248E-01 a       920     0    46     1    20
  2.0452249735460202E-02 a       921     0    47     1     1
  1.2506157963171199E-01 a       922     0    47     1     2
  9.5119212618218988E-03 a       923     0    47     1     3
 -1.9747681058063349E-01 a       924     0    47     1     4
  1.0357054968151662E-01 a       925     0    47     1     5
  2.4142254614845898E-01 a       926     0    47     1     6
  1.2784331487772027E-01 a       927     0    47     1     7
  4.3101210019443476E-03 a       928     0    47     1     8
  1.9022606737457093E-01 a       929     0    47     1     9
  5.0370570441199647E-01 a       930     0    47     1    10
  5.9692746189692913E-01 a       931     0    47     1    11
  1.3522130986654915E-01 a       932     0    47     1    12
  2.9055953118602673E-01 a       933     0    47     1    13
 -5.1901504094264173E-01 a       934     0    47     1    14
  2.2087449148673419E-01 a       935     0    47     1    15
  2.5884968901775346E-01 a       936     0    47     1    16
  2.3990344760680904E-01 a       937     0    47     1    17
 -1.8475673270748558E-01 a       938     0    47     1    18
  1.0691592569942424E-01 a       939     0    47     1    19
 -2.8276867727133298E-01 a       940     0    47     1    20
 -1.6168476128056433E-01 a       941     0    48     1     1
  4.3122903728331996E-02 a       942     0    48     1     2
 -7.7748747457582193E-03 a       943     0    48     1     3
  1.6008679593701963E-01 a       944     0    48     1     4
  1.2062411004558345E-01 a       945     0    48     1     5
  1.7093080560629406E-01 a       946     0    48     1     6
  1.3592821421326973E-01 a       947     0    48     1     7
 -4.2243509188991550E-02 a       948     0    48     1     8
  9.0170632748547863E-02 a       949     0    48     1     9
 -1.1305881168204140E-02 a       950     0    48     1    10
 -1.8151324789896761E-01 a       951     0    48     1    11
  7.0855206864542886E-02 a       952     0    48     1    12
  2.2822990238540167E-01 a       953     0    48     1    13
 -3.2384919478404373E-01 a       954     0    48     1    14
 -8.9809907275013132E-02 a       955     0    48     1    15
 -2.0185726939462537E-01 a       956     0    48     1    16
 -4.6273986653932876E-02 a       957     0    48     1    17
  5.5644668989467148E-02 a       958     0    48     1    18
 -9.0397599214670804E-02 a       959     0    48     1    19
  2.2055486851987002E-01 a       960     0    48     1    20
 -1.1210074981815084E+00 a       961     0    49     1     1
 -6.3450072207574604E-01 a       962     0    49     1     2
  3.3841420282047480E-01 a       963     0    49     1     3
  3.0556899006339339E-01 a       964     0    49     1     4
  3.3403501914303919E-02 a       965     0    49     1     5
  1.9522427121537408E-01 a       966     0    49     1     6
  4.8847838770579792E-02 a       967     0    49     1     7
  6.9013235354694016E-02 a       968     0    49     1     8
  3.2864410602470617E-01 a       969     0    49     1     9
 -1.1896353943624560E-01 a       970     0    49     1    10
 -7.5287809741511680E-01 a       971     0    49     1    11
 -3.5820432779105418E-02 a       972     0    49     1    12
 -1.7149954481765772E-02 a       973     0    49     1    13
 -3.2632176704649662E-01 a       974     0    49     1    14
 -9.4653686445268115E-02 a       975     0    49     1    15
  5.7596842809309579E-01 a       976     0    49     1    16
  5.0294429019053444E-01 a       977     0    49     1    17
  6.8971139531581438E-01 a       978     0    49     1    18
  1.4042277002672052E-01 a       979     0    49     1    19
 -1.2465788096213123E-02 a       980     0    49     1    20
  1.3814317812199295E+00 a       981     0    50     1     1
  2.2763504656454117E-02 a       982     0    50     1     2
 -1.3603844560432021E-01 a       983     0    50     1     3
  1.3749283290632230E-01 a       984     0    50     1     4
 -3.8455509700615126E-01 a       985     0    50     1     5
 -9.4563439015504111E-02 a       986     0    50     1     6
 -1.7176115414627921E-01 a       987     0    50     1     7
  2.2992902253530700E-01 a       988     0    50     1     8
 -2.8564564421393579E-01 a       989     0    50     1     9
  2.2662078572640865E-01 a       990     0    50     1    10
  5.3531033765520042E-01 a       991     0    50     1    11
  5.0890046928997479E-01 a       992     0    50     1    12
  1.3093479170925670E-01 a       993     0    50     1    13
 -3.8880011897903100E-01 a       994     0    50     1    14
  6.0740017587967787E-01 a       995     0    50     1    15
 -4.7743284225342636E-01 a       996     0    50     1    16
 -9.3489406425915078E-01 a       997     0    50     1    17
 -3.7365008758561052E-01 a       998     0    50     1    18
 -9.9091420114860065E-02 a       999     0    50     1    19
  1.9515246783474677E-01 a      1000     0    50     1    20
  8.4896082945641396E-02 a      1001     0    51     1     1
  3.7132642455341963E-01 a      1002     0    51     1     2
 -4.8954962358749535E-02 a      1003     0    51     1     3
  1.6490558884380732E-01 a      1004     0    51     1     4
 -1.0946217678288125E-01 a      1005     0    51     1     5
  2.9808378141832334E-02 a      1006     0    51     1     6
 -2.2504331311727330E-01 a      1007     0    51     1     7
  1.0701795502940349E-01 a      1008     0    51     1     8
 -2.8434258515583083E-01 a      1009     0    51     1     9
 -9.8762353520819204E-02 a      1010     0    51     1    10
 -8.1424384542553394E-02 a      1011     0    51     1    11
 -2.7250201016742037E-01 a      1012     0    51     1    12
  3.3747051448001435E-02 a      1013     0    51     1    13
 -3.4632842664408435E-02 a      1014     0    51     1    14
  2.8380653529361196E-02 a      1015     0    51     1    15
  3.1319661559225281E-01 a      1016     0    51     1    16
 -1.4513984530177187E-01 a      1017     0    51     1    17
  5.7169070741234458E-02 a      1018     0    51     1    18
  3.1913000470878153E-02 a      1019     0    51     1    19
  1.6738810816393315E-01 a      1020     0    51     1    20
 -9.2146131286666166E-01 b      1021     1     1
 -7.7450379947953596E-01 b      1022     1     2
  1.4473276099524243E-01 b      1023     1     3
  1.5601145051123380E-01 b      1024     1     4
 -1.6889580422551118E-01 b      1025     1     5
  1.2523809727604112E+00 b      1026     1     6
  2.6633892454696312E-01 b      1027     1     7
 -1.1633988581213839E+00 b      1028     1     8
 -3.6821520401316510E-01 b      1029     1     9
 -7.6687085301162583E-02 b      1030     1    10
  1.4002005419236505E+00 b      1031     1    11
  7.5683668780946500E-01 b      1032     1    12
  5.5891664694183629E-01 b      1033     1    13
 -5.1584752802467537E-01 b      1034     1    14
  1.3945376534599234E+00 b      1035     1    15
  1.0864684951165420E+00 b      1036     1    16
 -1.0896222090667802E+00 b      1037     1    17
 -1.2284736790471058E+00 b      1038     1    18
 -1.2897461840887914E+00 b      1039     1    19
  1.4631902409122357E+00 b      1040     1    20
 -5.3493220302841449E-01 a      1041     1     1     2     1
  4.4523884500562572E-01 a      1042     1     1     2     2
  1.1857314750038847E-01 a      1043     1     1     2     3
  6.4470141756235066E-01 a      1044     1     1     2     4
  4.8825513673065243E-02 a      1045     1     1     2     5
 -7.2253044359103658E-01 a      1046     1     1     2     6
 -7.5145868581075548E-01 a      1047     1     1     2     7
  5.7532200315980475E-01 a      1048     1     1     2     8
  1.8001965607138959E-01 a      1049     1     1     2     9
 -4.2832962259483770E-01 a      1050     1     1     2    10
 -1.5751759151490868E-01 a      1051     1     1     2    11
 -4.0696415108294531E-01 a      1052     1     1     2    12
 -4.1244497663734864E-02 a      1053     1     1     2    13
  9.6674889502028669E-02 a      1054     1     1     2    14
  1.0254124824254435E-01 a      1055     1     1     2    15
 -5.9607692009371538E-01 a      1056     1     1     2    16
  2.5732899688589406E-01 a      1057     1     1     2    17
  5.9944375965035102E-01 a      1058     1     1     2    18
  5.2542612111267506E-01 a      1059     1     1     2    19
 -2.9201823750859435E-01 a      1060     1     1     2    20
  4.6543275748723195E-01 a      1061     1     2     2     1
 -3.5272807580073567E-01 a      1062     1     2     2     2
 -3.7394933728894009E-01 a      1063     1     2     2     3
 -6.4238351440609118E-02 a      1064     1     2     2     4
 -1.8637732380711375E-01 a      1065     1     2     2     5
  4.3311643444260295E-01 a      1066     1     2     2     6
 -9.3938063838849964E-02 a      1067     1     2     2     7
  1.9498718725096290E-01 a      1068     1     2     2     8
 -3.9888142733064055E-02 a      1069     1     2     2     9
 -4.0105923263004406E-01 a      1070     1     2     2    10
  8.8352154232648278E-02 a      1071     1     2     2    11
 -1.2473626939272854E-01 a      1072     1     2     2    12
 -1.6552358093152025E-01 a      1073     1     2     2    13
  4.1593746375314922E-01 a      1074     1     2     2    14
 -5.1869846164740052E-01 a      1075     1     2     2    15
  2.3159592664283452E-01 a      1076     1     2     2    16
  2.1005132759472009E-01 a      1077     1     2     2    17
  2.2259084573121170E-02 a      1078     1     2     2    18
 -4.4265575589774125E-01 a      1079     1     2     2    19
  3.2616566027102500E-01 a      1080     1     2     2    20
  4.8377854285264345E-02 a      1081     1     3     2     1
  3.8214051498794299E-01 a      1082     1     3     2     2
 -1.8768125145965195E-01 a      1083     1     3     2     3
 -2.2147955928424751E-01 a      1084     1     3     2     4
 -2.5181022853466190E-01 a      1085     1     3     2     5
  4.5926097521333170E-01 a      1086     1     3     2     6
 -3.0983946646237304E-01 a      1087     1     3     2     7
 -4.6780584649394119E-01 a      1088     1     3     2     8
 -3.8053830673938943E-01 a      1089     1     3     2     9
 -2.6136312999758776E-01 a      1090     1     3     2    10
  2.4672655147454101E-01 a      1091     1     3     2    11
 -3.9540325325479542E-01 a      1092     1     3     2    12
  5.0889224800711411E-02 a      1093     1     3     2    13
 -3.4208489729863734E-02 a      1094     1     3     2    14
  2.9820774380423919E-02 a      1095     1     3     2    15
  4.6536427071239816E-01 a      1096     1     3     2    16
  6.0351882056211170E-01 a      1097     1     3     2    17
 -6.2662127579449212E-01 a      1098     1     3     2    18
  1.6579575922111806E-01 a      1099     1     3     2    19
 -3.9209093432589082E-01 a      1100     1     3     2    20
  2.3835515760514572E-01 a      1101     1     4     2     1
  7.9970915170257617E-01 a      1102     1     4     2     2
 -5.9046698525407892E-01 a      1103     1     4     2     3
  7.4279150678262171E-02 a      1104     1     4     2     4
 -4.8630822756028164E-01 a      1105     1     4     2     5
 -4.1198491911626911E-01 a      1106     1     4     2     6
  2.8331506975231069E-01 a      1107     1     4     2     7
 -1.8616610228246600E-01 a      1108     1     4     2     8
 -1.8462011305481282E-01 a      1109     1     4     2     9
 -2.7502430721265425E-01 a      1110     1     4     2    10
  5.2817014885497682E-01 a      1111     1     4     2    11
 -3.5689320325006744E-03 a      1112     1     4     2    12
  2.7529878441643657E-01 a      1113     1     4     2    13
 -1.9641262821878799E-01 a      1114     1     4     2    14
 -3.4302907925518661E-01 a      1115     1     4     2    15
 -3.9120235945892101E-01 a      1116     1     4     2    16
  2.2182912019406500E-02 a      1117     1     4     2    17
 -8.4825641517106060E-02 a      1118     1     4     2    18
  8.6906641069707258E-01 a      1119     1     4     2    19
  7.2385286704782420E-02 a      1120     1     4     2    20
 -3.4066952185179461E-01 a      1121     1     5     2     1
  9.7086005861770006E-02 a      1122     1     5     2     2
  4.6512855567273866E-02 a      1123     1     5     2     3
 -2.4814690716621934E-01 a      1124     1     5     2     4
 -7.4395401810780748E-01 a      1125     1     5     2     5
 -3.4764553825434558E-01 a      1126     1     5     2     6
 -5.1556422550239278E-01 a      1127     1     5     2     7
  4.5353984573643119E-01 a      1128     1     5     2     8
  6.4989322074978650E-01 a      1129     1     5     2     9
 -3.8369503993010129E-01 a      1130     1     5     2    10
  4.9439085287313955E-01 a      1131     1     5     2    11
 -9.6389066113863636E-02 a      1132     1     5     2    12
 -2.1597283850769952E-01 a      1133     1     5     2    13
  4.4222235092494377E-01 a      1134     1     5     2    14
  5.6928565857428781E-01 a      1135     1     5     2    15
 -8.2872341877312461E-02 a      1136     1     5     2    16
  8.3454600567909987E-01 a      1137     1     5     2    17
  5.9271890681429273E-01 a      1138     1     5     2    18
  1.9513921114500077E-01 a      1139     1     5     2    19
 -1.9012017068499076E-01 a      1140     1     5     2    20
  4.8323701357886989E-01 a      1141     1     6     2     1
 -6.8159154736622363E-01 a      1142     1     6     2     2
 -9.1789228147056956E-01 a      1143     1     6     2     3
  3.4431095987182725E-01 a      1144     1     6     2     4
  4.8440501807988101E-01 a      1145     1     6     2     5
 -1.3912118845262686E-01 a      1146     1     6     2     6
  2.6618804987826800E-01 a      1147     1     6     2     7
 -6.6593636585666194E-01 a      1148     1     6     2     8
  2.0707978982879546E-01 a      1149     1     6     2     9
  3.0154427317625776E-01 a      1150     1     6     2    10
 -6.7420610481090559E-01 a      1151     1     6     2    11
 -1.2145298283191393E-01 a      1152     1     6     2    12
 -1.0305444953654572E+00 a      1153     1     6     2    13
  2.1020064294825330E-01 a      1154     1     6     2    14
 -2.4530333168621677E-02 a      1155     1     6     2    15
 -9.9628781483513104E-02 a      1156     1     6     2    16
  1.6878313291684352E-01 a      1157     1     6     2    17
 -1.2710443943484187E-01 a      1158     1     6     2    18
  6.3155931454025782E-01 a      1159     1     6     2    19
  2.7627147238966226E-01 a      1160     1     6     2    20
  9.5966779494692525E-02 a      1161     1     7     2     1
 -3.7557708412101365E-01 a      1162     1     7     2     2
 -1.9057473732592792E-01 a      1163     1     7     2     3
 -4.2452726604083024E-01 a      1164     1     7     2     4
  1.1606036720793754E-01 a      1165     1     7     2     5
 -4.6288891743522664E-01 a      1166     1     7     2     6
 -8.7501469906766405E-01 a      1167     1     7     2     7
  4.7320045419276507E-02 a      1168     1     7     2     8
 -1.6371062068754255E-01 a      1169     1     7     2     9
  5.6891691181537951E-01 a      1170     1     7     2    10
  2.7315360659218196E-01 a      1171     1     7     2    11
 -3.8270910776084571E-01 a      1172     1     7     2    12
 -5.9892655621455204E-01 a      1173     1     7     2    13
  3.0376718455859447E-01 a      1174     1     7     2    14
  4.7983901939227619E-01 a      1175     1     7     2    15
  1.6253715000602439E-03 a      1176     1     7     2    16
  6.6701514124312378E-01 a      1177     1     7     2    17
  1.8238042221223055E-01 a      1178     1     7     2    18
  2.0099976876323344E-01 a      1179     1     7     2    19
 -4.1066354948494577E-01 a      1180     1     7     2    20
 -1.8721716182858150E-01 a      1181     1     8     2     1
  6.2004179645354895E-01 a      1182     1     8     2     2
 -4.3538851626503956E-02 a      1183     1     8     2     3
  2.2390044638629020E-01 a      1184     1     8     2     4
  2.2724750202030655E-01 a      1185     1     8     2     5
  4.4921083091021702E-01 a      1186     1     8     2     6
  3.3250122200478455E-01 a      1187     1     8     2     7
 -6.1537930663516649E-01 a      1188     1     8     2     8
  8.1828694619697218E-01 a      1189     1     8     2     9
  1.1671998514834210E-01 a      1190     1     8     2    10
 -1.0791804202559714E-01 a      1191     1     8     2    11
 -7.9418382253934094E-01 a      1192     1     8     2    12
 -9.4967735639598788E-02 a      1193     1     8     2    13
 -4.0663007532839385E-01 a      1194     1     8     2    14
  1.3217506638210428E-03 a      1195     1     8     2    15
  1.6968437861232358E-01 a      1196     1     8     2    16
 -5.2077598794628510E-01 a      1197     1     8     2    17
 -1.0256391000001866E-01 a      1198     1     8     2    18
  7.8986397343453266E-02 a      1199     1     8     2    19
 -4.1335120171407259E-02 a      1200     1     8     2    20
 -4.7652284602450024E-01 a      1201     1     9     2     1
  2.3007988382311800E-01 a      1202     1     9     2     2
 -5.3211253424671902E-02 a      1203     1     9     2     3
 -2.1860185763567383E-01 a      1204     1     9     2     4
  8.1991127836687119E-02 a      1205     1     9     2     5
 -8.1394162180323892E-01 a      1206     1     9     2     6
  1.6203767704671829E-01 a      1207     1     9     2     7
  1.3177208291414627E-01 a      1208     1     9     2     8
 -1.8198472887246095E-01 a      1209     1     9     2     9
  3.1405548772659908E-01 a      1210     1     9     2    10
 -5.1164535604275108E-01 a      1211     1     9     2    11
 -2.0231547178950585E-01 a      1212     1     9     2    12
  3.5742783131272143E-01 a      1213     1     9     2    13
  5.2741318900873507E-03 a      1214     1     9     2    14
  5.2123250855444329E-02 a      1215     1     9     2    15
 -6.6027180835586052E-01 a      1216     1     9     2    16
 -1.6918675076425066E-01 a      1217     1     9     2    17
  8.5741587704957545E-01 a      1218     1     9     2    18
  5.5608221713187822E-01 a      1219     1     9     2    19
  8.8133672654736372E-02 a      1220     1     9     2    20
  5.8363204095234578E-01 a      1221     1    10     2     1
  3.9207310042372095E-01 a      1222     1    10     2     2
  1.4604259341978801E-01 a      1223     1    10     2     3
 -4.0302367281881890E-01 a      1224     1    10     2     4
 -4.5769359514131436E-01 a      1225     1    10     2     5
  2.5486375307815007E-01 a      1226     1    10     2     6
  6.5022535288527927E-01 a      1227     1    10     2     7
 -7.3176228318875691E-01 a      1228     1    10     2     8
 -7.0960450949243170E-01 a      1229     1    10     2     9
  2.6764189928131110E-01 a      1230     1    10     2    10
  2.4772619216564457E-02 a      1231     1    10     2    11
 -3.5135209731647460E-01 a      1232     1    10     2    12
 -4.6568208811542694E-01 a      1233     1    10     2    13
 -6.3081023054364915E-01 a      1234     1    10     2    14
 -3.1674269042031250E-01 a      1235     1    10     2    15
 -2.7840922300173948E-01 a      1236     1    10     2    16
 -2.2099043832976262E-01 a      1237     1    10     2    17
 -2.5912459189571768E-01 a      1238     1    10     2    18
  3.0566247525018592E-01 a      1239     1    10     2    19
  3.1455459943055497E-01 a      1240     1    10     2    20
  1.4278127003494440E-01 a      1241     1    11     2     1
  7.3915737894688499E-02 a      1242     1    11     2     2
 -6.5042322870643288E-01 a      1243     1    11     2     3
 -4.4875093071501293E-01 a      1244     1    11     2     4
  4.6322006428916623E-01 a      1245     1    11     2     5
 -7.6720076430716677E-01 a      1246     1    11     2     6
 -1.2935613560896275E-01 a      1247     1    11     2     7
  9.9228968929826888E-01 a      1248     1    11     2     8
 -3.0027688353168580E-01 a      1249     1    11     2     9
  1.3440104901010594E-01 a      1250     1    11     2    10
 -4.2456577702199744E-01 a      1251     1    11     2    11
  1.9627271740492017E-01 a      1252     1    11     2    12
  2.1960592981355606E-01 a      1253     1    11     2    13
 -8.6116299550259203E-03 a      1254     1    11     2    14
  2.0947056593045155E-01 a      1255     1    11     2    15
  7.3655917894879808E-01 a      1256     1    11     2    16
 -5.9545507461246561E-01 a      1257     1    11     2    17
  4.5110982786453419E-01 a      1258     1    11     2    18
  3.6370182355315189E-01 a      1259     1    11     2    19
 -7.8959390095911108E-01 a      1260     1    11     2    20
 -4.9762061421271341E-02 a      1261     1    12     2     1
 -5.2339944909822766E-01 a      1262     1    12     2     2
 -4.0173031087244682E-01 a      1263     1    12     2     3
  3.5457555553692549E-01 a      1264     1    12     2     4
  7.9260962201149177E-01 a      1265     1    12     2     5
 -1.9704047874751479E-01 a      1266     1    12     2     6
 -9.7163450997655346E-02 a      1267     1    12     2     7
  5.1815684482770930E-01 a      1268     1    12     2     8
  2.8454979186359414E-01 a      1269     1    12     2     9
  4.2036687989621951E-01 a      1270     1    12     2    10
  2.5971383184413027E-01 a      1271     1    12     2    11
  9.0621452183567119E-01 a      1272     1    12     2    12
 -6.7821645488036902E-02 a      1273     1    12     2    13
 -5.5668954442512442E-01 a      1274     1    12     2    14
 -4.4195418280995891E-01 a      1275     1    12     2    15
 -6.7617297779144803E-01 a      1276     1    12     2    16
 -9.0085323916687576E-01 a      1277     1    12     2    17
  3.7343818494358705E-01 a      1278     1    12     2    18
  2.1967250133120861E-01 a      1279     1    12     2    19
  4.0334415901224763E-01 a      1280     1    12     2    20
  1.1298718841895222E-01 a      1281     1    13     2     1
 -1.3419978935673843E-01 a      1282     1    13     2     2
  3.5004018775803120E-01 a      1283     1    13     2     3
 -4.3140372972433116E-01 a      1284     1    13     2     4
 -1.0000870746529628E-01 a      1285     1    13     2     5
  8.9352903724711510E-02 a      1286     1    13     2     6
 -3.9439118972417486E-01 a      1287     1    13     2     7
  3.6991449134797055E-01 a      1288     1    13     2     8
  5.0420115501490037E-01 a      1289     1    13     2     9
  3.4901013752888527E-01 a      1290     1    13     2    10
  1.9566036118772223E-01 a      1291     1    13     2    11
  4.1305080129057170E-01 a      1292     1    13     2    12
 -3.4269798808658103E-01 a      1293     1    13     2    13
 -8.4685206463522356E-01 a      1294     1    13     2    14
  7.3967469463188085E-01 a      1295     1    13     2    15
 -1.0081264485917536E+00 a      1296     1    13     2    16
  3.8535220938502923E-01 a      1297     1    13     2    17
 -1.4206743563786162E-01 a      1298     1    13     2    18
  1.0185041583809897E+00 a      1299     1    13     2    19
 -3.1024846754248936E-01 a      1300     1    13     2    20
  3.4398195558409861E-01 a      1301     1    14     2     1
  2.0465478811564752E-01 a      1302     1    14     2     2
  5.0627775424604404E-01 a      1303     1    14     2     3
 -3.4533420959325772E-01 a      1304     1    14     2     4
 -8.0794083666616912E-01 a      1305     1    14     2     5
 -5.3946552303447477E-02 a      1306     1    14     2     6
  1.5727038124632492E-01 a      1307     1    14     2     7
  1.5739061589793243E-01 a      1308     1    14     2     8
  1.7801795703340167E-01 a      1309     1    14     2     9
  4.4534622802327772E-01 a      1310     1    14     2    10
  3.4559856705229058E-01 a      1311     1    14     2    11
  1.1475971422391346E-01 a      1312     1    14     2    12
 -5.8234236185120880E-01 a      1313     1    14     2    13
 -3.9744031029466720E-01 a      1314     1    14     2    14
  4.1954303860070058E-01 a      1315     1    14     2    15
 -5.4435347603577411E-01 a      1316     1    14     2    16
  5.0471349030920376E-01 a      1317     1    14     2    17
 -1.3025549242906319E-03 a      1318     1    14     2    18
  2.2221300854737688E-01 a      1319     1    14     2    19
  3.6958237244059455E-01 a      1320     1    14     2    20
 -1.9085504923690355E-01 a      1321     1    15     2     1
 -5.3942253002280593E-01 a      1322     1    15     2     2
  1.5214162327899625E-01 a      1323     1    15     2     3
 -4.2577880807861890E-01 a      1324     1    15     2     4
 -4.2199881740038453E-01 a      1325     1    15     2     5
 -8.9935797900967882E-02 a      1326     1    15     2     6
  7.4180164784110758E-01 a      1327     1    15     2     7
 -3.3076521833698670E-02 a      1328     1    15     2     8
  2.8435929091468320E-01 a      1329     1    15     2     9
 -1.7444099466032786E-01 a      1330     1    15     2    10
 -5.8644826286919738E-01 a      1331     1    15     2    11
  4.0475443787480012E-02 a      1332     1    15     2    12
 -7.1631598174654310E-02 a      1333     1    15     2    13
 -8.9714001432908516E-02 a      1334     1    15     2    14
 -4.3387763474261693E-03 a      1335     1    15     2    15
  2.9993683689086909E-01 a      1336     1    15     2    16
 -6.3352875624508620E-01 a      1337     1    15     2    17
 -6.8885196865232076E-02 a      1338     1    15     2    18
 -2.4314057615221840E-01 a      1339     1    15     2    19
  4.1171797758791095E-01 a      1340     1    15     2    20
 -9.1946109017479200E-03 a      1341     1    16     2     1
 -1.5278866384724024E-01 a      1342     1    16     2     2
 -1.4859122343715342E-01 a      1343     1    16     2     3
 -8.6347740705851117E-01 a      1344     1    16     2     4
  8.4948177485438026E-01 a      1345     1    16     2     5
  6.4318928211435200E-01 a      1346     1    16     2     6
 -4.0476825716105724E-01 a      1347     1    16     2     7
 -8.9986838955394527E-02 a      1348     1    16     2     8
  6.3752290342186613E-01 a      1349     1    16     2     9
  6.2513612087666948E-01 a      1350     1    16     2    10
 -8.7256521601240991E-02 a      1351     1    16     2    11
  3.8180644188568669E-01 a      1352     1    16     2    12
 -1.9804857781468554E-01 a      1353     1    16     2    13
  8.3963612073381766E-02 a      1354     1    16     2    14
  4.7592758036985477E-01 a      1355     1    16     2    15
  3.2356560023543918E-01 a      1356     1    16     2    16
  2.6111285383823912E-01 a      1357     1    16     2    17
  3.6531004408849782E-01 a      1358     1    16     2    18
 -5.1455756214760306E-01 a      1359     1    16     2    19
 -1.0864541041094067E+00 a      1360     1    16     2    20
  2.1258530024825206E-01 a      1361     1    17     2     1
 -4.3894061163341616E-02 a      1362     1    17     2     2
  2.3469290284267302E-01 a      1363     1    17     2     3
 -2.8695986472126817E-01 a      1364     1    17     2     4
  4.6277555308990620E-01 a      1365     1    17     2     5
 -8.6971627264823081E-01 a      1366     1    17     2     6
 -4.4728169563969844E-01 a      1367     1    17     2     7
 -2.9462032728154230E-01 a      1368     1    17     2     8
  4.4644562690885015E-01 a      1369     1    17     2     9
  4.5290556330830900E-01 a      1370     1    17     2    10
  4.3018645326229032E-01 a      1371     1    17     2    11
 -5.2918786582939248E-01 a      1372     1    17     2    12
 -2.2654676098319018E-01 a      1373     1    17     2    13
 -2.6348865757265499E-01 a      1374     1    17     2    14
 -7.6364957491481256E-01 a      1375     1    17     2    15
  6.4826614260217602E-03 a      1376     1    17     2    16
  3.5132079558296042E-01 a      1377     1    17     2    17
 -8.8832582485986644E-01 a      1378     1    17     2    18
  3.6034401033155507E-02 a      1379     1    17     2    19
 -3.3148737748720281E-01 a      1380     1    17     2    20
 -6.2622515290053818E-02 a      1381     1    18     2     1
  5.9066393629370650E-01 a      1382     1    18     2     2
  7.6985426775254395E-01 a      1383     1    18     2     3
  5.0311201085334034E-01 a      1384     1    18     2     4
  6.8067002066535195E-02 a      1385     1    18     2     5
  2.8665689268651329E-01 a      1386     1    18     2     6
  4.3659314269580154E-02 a      1387     1    18     2     7
  5.5746297960129909E-01 a      1388     1    18     2     8
 -1.4448364398873675E-02 a      1389     1    18     2     9
 -3.6540639544816839E-01 a      1390     1    18     2    10
 -6.0774632819624319E-01 a      1391     1    18     2    11
  1.1096431626579423E-01 a      1392     1    18     2    12
  2.9813158194515860E-01 a      1393     1    18     2    13
  2.2559347273369257E-01 a      1394     1    18     2    14
  5.3285267815357129E-01 a      1395     1    18     2    15
  5.0842140522312373E-01 a      1396     1    18     2    16
  3.0766390485401596E-01 a      1397     1    18     2    17
  1.1531914574443992E-01 a      1398     1    18     2    18
  4.3481595190689198E-02 a      1399     1    18     2    19
  3.5879036036620654E-02 a      1400     1    18     2    20
 -2.1716369489774848E-01 a      1401     1    19     2     1
  1.2456937300972698E-01 a      1402     1    19     2     2
 -2.1862327607534648E-01 a      1403     1    19     2     3
 -2.9898082699865669E-01 a      1404     1    19     2     4
 -7.9127152280250879E-01 a      1405     1    19     2     5
 -5.4907614012103600E-01 a      1406     1    19     2     6
  4.0801136099889429E-01 a      1407     1    19     2     7
 -3.4232503697454987E-02 a      1408     1    19     2     8
 -2.3862392702813998E-02 a      1409     1    19     2     9
 -7.8210110568996216E-01 a      1410     1    19     2    10
  4.7589634101102002E-01 a      1411     1    19     2    11
 -1.5754644967386522E-01 a      1412     1    19     2    12
  2.8796522562854754E-01 a      1413     1    19     2    13
  4.3068762284663298E-01 a      1414     1    19     2    14
 -3.0419684721001061E-01 a      1415     1    19     2    15
  4.2222180170944157E-01 a      1416     1    19     2    16
  1.1082312328462379E-01 a      1417     1    19     2    17
 -5.9286068790658253E-01 a      1418     1    19     2    18
 -2.1960880019206963E-01 a      1419     1    19     2    19
  2.6245149176195143E-01 a      1420     1    19     2    20
 -4.7767768644065162E-01 a      1421     1    20     2     1
 -8.2595959076466191E-02 a      1422     1    20     2     2
 -7.9973412163814195E-01 a      1423     1    20     2     3
  3.5809014871905812E-02 a      1424     1    20     2     4
 -3.2110119274057369E-01 a      1425     1    20     2     5
 -1.2535743144992781E-01 a      1426     1    20     2     6
  6.7364913578771068E-01 a      1427     1    20     2     7
  1.0273803260555214E+00 a      1428     1    20     2     8
  1.7975615299395270E-01 a      1429     1    20     2     9
  3.9944736385029539E-01 a      1430     1    20     2    10
  2.0228662595091579E-01 a      1431     1    20     2    11
  1.5510094745597752E-01 a      1432     1    20     2    12
  1.0479173256341498E-01 a      1433     1    20     2    13
 -4.5863856372914319E-02 a      1434     1    20     2    14
  5.0281728036217432E-01 a      1435     1    20     2    15
  2.5765055711166290E-01 a      1436     1    20     2    16
 -3.9856884203817511E-01 a      1437     1    20     2    17
  3.1821245299454726E-01 a      1438     1    20     2    18
 -2.3467608805256560E-01 a      1439     1    20     2    19
 -4.9846935817707508E-02 a      1440     1    20     2    20
  1.3478636010493639E+00 b      1441     2     1
 -4.7358810166202508E-01 b      1442     2     2
 -6.1147100477613603E-01 b      1443     2     3
 -1.8079644521393861E+00 b      1444     2     4
 -1.2525646664532057E+00 b      1445     2     5
 -9.4963174916847540E-02 b      1446     2     6
  5.2100359045035172E-01 b      1447     2     7
 -3.8336697726996294E-01 b      1448     2     8
 -1.1590676834483324E+00 b      1449     2     9
  1.1867947371694105E+00 b      1450     2    10
  3.2174833534527431E-01 b      1451     2    11
  1.3164961027057839E-01 b      1452     2    12
 -4.4562492549296218E-01 b      1453     2    13
  1.3283255953003752E+00 b      1454     2    14
  1.6027018849173800E+00 b      1455     2    15
 -2.3089283606937591E-01 b      1456     2    16
 -7.2603517807283113E-01 b      1457     2    17
 -1.2481488454844651E+00 b      1458     2    18
  1.7380705819926283E+00 b      1459     2    19
 -1.3699882712435585E+00 b      1460     2    20
  1.3247063331604911E+00 a      1461     2     1     3     1
 -2.2858181443403232E+00 a      1462     2     2     3     1
 -1.9446613042796026E+00 a      1463     2     3     3     1
 -2.9710797043564225E+00 a      1464     2     4     3     1
  6.9576893844695301E-02 a      1465     2     5     3     1
  2.0770835243770921E-01 a      1466     2     6     3     1
  5.8189266278477403E-01 a      1467     2     7     3     1
  1.1500536815649947E+00 a      1468     2     8     3     1
 -1.6190301984459192E+00 a      1469     2     9     3     1
  2.8630990918927539E+00 a      1470     2    10     3     1
 -4.5420918271363314E-01 a      1471     2    11     3     1
  1.3248053758601761E+00 a      1472     2    12     3     1
 -7.2606739905263673E-01 a      1473     2    13     3     1
  1.3950524578926586E+00 a      1474     2    14     3     1
  1.6914599218312225E+00 a      1475     2    15     3     1
 -9.0064385342106823E-01 a      1476     2    16     3     1
 -1.6746224845906741E+00 a      1477     2    17     3     1
 -5.6651609840138151E-01 a      1478     2    18     3     1
  1.3693512915997599E+00 a      1479     2    19     3     1
 -7.9314035767607727E-01 a      1480     2    20     3     1
  1.7302866876549947E+00 b      1481     3     1
