################################################################################
# Neural network connection values (weights and biases).
################################################################################
# Col  Name       Description
################################################################################
# 1    connection Neural network connection value.
# 2    t          Connection type (a = weight, b = bias).
# 3    index      Index enumerating weights.
# 4    l_s        Starting point layer (end point layer for biases).
# 5    n_s        Starting point neuron in starting layer (end point neuron for biases).
# 6    l_e        End point layer.
# 7    n_e        End point neuron in end layer.
################################################################################
#                      1 2         3     4     5     6     7
#             connection t     index   l_s   n_s   l_e   n_e
############################################################
 -3.7409164490739955E-01 a         1     0     1     1     1
  3.8397940720959928E-01 a         2     0     1     1     2
  2.9296891664482377E-01 a         3     0     1     1     3
  5.8413858208064606E-01 a         4     0     1     1     4
 -5.6553290939470890E-01 a         5     0     1     1     5
 -4.3550976895759036E-01 a         6     0     1     1     6
 -1.2946837895081673E-02 a         7     0     1     1     7
 -5.7320592405887348E-02 a         8     0     1     1     8
  1.1438064248754701E-01 a         9     0     1     1     9
  4.8103781390826506E-01 a        10     0     1     1    10
 -1.8887200911509733E-01 a        11     0     1     1    11
  1.2995630067256603E-01 a        12     0     1     1    12
  2.6973577260680226E-01 a        13     0     1     1    13
  1.4680386681299565E-01 a        14     0     1     1    14
  4.0368795395106898E-02 a        15     0     1     1    15
 -7.5167772671037636E-02 a        16     0     1     1    16
  1.2410618405392192E-01 a        17     0     1     1    17
 -2.2502327874793646E-01 a        18     0     1     1    18
  1.5539957019206788E-01 a        19     0     1     1    19
  8.7657064569034202E-02 a        20     0     1     1    20
 -2.5482729940055647E-02 a        21     0     2     1     1
 -7.5159236610953348E-02 a        22     0     2     1     2
 -1.4236710112755124E-01 a        23     0     2     1     3
  9.9623225681749333E-02 a        24     0     2     1     4
  4.4041400837334446E-02 a        25     0     2     1     5
 -1.0584051005932604E-01 a        26     0     2     1     6
 -2.8543144962223393E-01 a        27     0     2     1     7
 -2.4167297230997906E-01 a        28     0     2     1     8
  1.2071004986640382E-01 a        29     0     2     1     9
  1.6335060856548404E-02 a        30     0     2     1    10
 -5.5063608263359966E-02 a        31     0     2     1    11
  5.1390997045864521E-02 a        32     0     2     1    12
 -2.7248644745811644E-02 a        33     0     2     1    13
  6.1671308733880707E-02 a        34     0     2     1    14
 -1.8141862374234047E-01 a        35     0     2     1    15
  5.1116862186020885E-02 a        36     0     2     1    16
  2.5111279307804851E-01 a        37     0     2     1    17
 -2.8723869827584825E-01 a        38     0     2     1    18
  8.1120205841139575E-04 a        39     0     2     1    19
 -7.8161852438397530E-02 a        40     0     2     1    20
 -6.3202740943019281E-02 a        41     0     3     1     1
 -1.3658515910731661E-01 a        42     0     3     1     2
 -2.2122988675618246E-01 a        43     0     3     1     3
  7.3633703661029323E-02 a        44     0     3     1     4
  7.6370948574712591E-02 a        45     0     3     1     5
  1.2933654543339031E-02 a        46     0     3     1     6
  2.3586062462209056E-01 a        47     0     3     1     7
 -3.2244008201418362E-01 a        48     0     3     1     8
 -8.5209503605425729E-02 a        49     0     3     1     9
 -2.3393595568274732E-02 a        50     0     3     1    10
  4.7631146267890329E-01 a        51     0     3     1    11
 -2.7921361945697387E-01 a        52     0     3     1    12
 -2.5604414528662328E-01 a        53     0     3     1    13
 -4.3481114801908738E-01 a        54     0     3     1    14
 -3.7516180192109352E-02 a        55     0     3     1    15
  4.1535403225991518E-01 a        56     0     3     1    16
 -4.2140764784508106E-01 a        57     0     3     1    17
  1.5688170308094965E-01 a        58     0     3     1    18
 -1.9255245252862641E-02 a        59     0     3     1    19
 -9.2652573539750052E-02 a        60     0     3     1    20
  1.3973385543815298E-01 a        61     0     4     1     1
 -2.3256512703149035E-01 a        62     0     4     1     2
 -2.8518526901974045E-01 a        63     0     4     1     3
  1.4324482311387363E-01 a        64     0     4     1     4
  1.0358099050395311E-01 a        65     0     4     1     5
  3.0851622293285791E-01 a        66     0     4     1     6
  2.1331889454352015E-01 a        67     0     4     1     7
  1.8554403781393672E-01 a        68     0     4     1     8
 -4.7852606743098569E-01 a        69     0     4     1     9
 -4.3764613076054115E-01 a        70     0     4     1    10
  1.0217944544309765E-01 a        71     0     4     1    11
 -5.5781114119694872E-02 a        72     0     4     1    12
 -4.3734475850186905E-01 a        73     0     4     1    13
 -2.5765798135731982E-01 a        74     0     4     1    14
 -1.4930229948038523E-01 a        75     0     4     1    15
  5.1701471100637686E-01 a        76     0     4     1    16
 -2.1383247108497844E-02 a        77     0     4     1    17
 -6.5325617161461860E-02 a        78     0     4     1    18
 -1.6485818639105976E-01 a        79     0     4     1    19
  1.1861710343264466E-01 a        80     0     4     1    20
  3.3316145349792259E-01 a        81     0     5     1     1
  6.1933884824150277E-02 a        82     0     5     1     2
 -9.1771681698661983E-02 a        83     0     5     1     3
 -2.9679031810644829E-01 a        84     0     5     1     4
  3.8768878649073751E-01 a        85     0     5     1     5
  1.6857897004189284E-01 a        86     0     5     1     6
  3.4577642228011574E-01 a        87     0     5     1     7
 -1.1162804422650933E-01 a        88     0     5     1     8
 -1.2399509405440547E-02 a        89     0     5     1     9
  2.1899976801343556E-02 a        90     0     5     1    10
 -1.0545445686654735E-01 a        91     0     5     1    11
  3.6513857177808939E-01 a        92     0     5     1    12
  1.5790258712078797E-01 a        93     0     5     1    13
  2.7925884270090139E-02 a        94     0     5     1    14
 -1.6269489633924342E-01 a        95     0     5     1    15
 -5.4282397228492674E-01 a        96     0     5     1    16
  1.3753683756938609E-01 a        97     0     5     1    17
 -4.2295958278896421E-02 a        98     0     5     1    18
 -4.5438371834314562E-01 a        99     0     5     1    19
  3.1462910270945964E-02 a       100     0     5     1    20
  2.1769474098595093E-01 a       101     0     6     1     1
 -1.9722908084813272E-02 a       102     0     6     1     2
 -3.4274374163618487E-01 a       103     0     6     1     3
 -4.8133581563749439E-01 a       104     0     6     1     4
  4.5925653381795595E-01 a       105     0     6     1     5
 -2.9689500339664131E-02 a       106     0     6     1     6
  3.3344767023266847E-01 a       107     0     6     1     7
  2.1088433152652925E-01 a       108     0     6     1     8
  3.8430161737395796E-01 a       109     0     6     1     9
  1.6398544149582989E-01 a       110     0     6     1    10
  3.4612841598047173E-01 a       111     0     6     1    11
  1.6150726486164521E-01 a       112     0     6     1    12
 -1.9066407586417922E-01 a       113     0     6     1    13
 -1.8240021294968983E-01 a       114     0     6     1    14
 -1.2687332829362444E-01 a       115     0     6     1    15
  1.3551662237176731E-01 a       116     0     6     1    16
 -3.1669441674057203E-01 a       117     0     6     1    17
 -1.4143677387685552E-01 a       118     0     6     1    18
 -4.3625280843316028E-01 a       119     0     6     1    19
 -4.4204255506882106E-01 a       120     0     6     1    20
 -1.8340468512763300E-01 a       121     0     7     1     1
  2.5494616310622314E-01 a       122     0     7     1     2
  4.1907828485261833E-01 a       123     0     7     1     3
 -4.8450066432720713E-02 a       124     0     7     1     4
 -2.2641471854453771E-01 a       125     0     7     1     5
  2.6435084199105474E-01 a       126     0     7     1     6
 -2.8491455666003751E-02 a       127     0     7     1     7
 -4.6815488751648110E-01 a       128     0     7     1     8
  2.2767533093934089E-01 a       129     0     7     1     9
 -2.7764668619740063E-01 a       130     0     7     1    10
  6.3874990712207286E-02 a       131     0     7     1    11
 -1.0748906149633092E-01 a       132     0     7     1    12
 -3.0595595854831936E-01 a       133     0     7     1    13
 -5.0257806974790209E-02 a       134     0     7     1    14
 -1.6201129159905331E-01 a       135     0     7     1    15
 -5.9855781470612247E-02 a       136     0     7     1    16
  3.2759190484443024E-01 a       137     0     7     1    17
  1.1387991350676621E-01 a       138     0     7     1    18
  4.3624570945356339E-01 a       139     0     7     1    19
 -1.5362016198940945E-01 a       140     0     7     1    20
 -2.0400283754409963E-02 a       141     0     8     1     1
 -1.4541815731568325E-01 a       142     0     8     1     2
 -3.4663931932749720E-01 a       143     0     8     1     3
  2.0797975583205774E-01 a       144     0     8     1     4
  8.1841882678431649E-02 a       145     0     8     1     5
 -3.8430390856318081E-01 a       146     0     8     1     6
 -1.3477643125659527E-01 a       147     0     8     1     7
  3.3844782491999359E-01 a       148     0     8     1     8
 -2.9279876163642415E-01 a       149     0     8     1     9
  1.0408027608022256E-01 a       150     0     8     1    10
  2.5696767137033238E-01 a       151     0     8     1    11
 -1.4587423983220296E-01 a       152     0     8     1    12
  6.9273224730192665E-02 a       153     0     8     1    13
  1.5968158414662048E-01 a       154     0     8     1    14
  1.3852876696564764E-01 a       155     0     8     1    15
  1.4320317570610472E-01 a       156     0     8     1    16
 -9.1184659888666003E-02 a       157     0     8     1    17
 -2.2158900558618111E-01 a       158     0     8     1    18
  1.6934515361502758E-01 a       159     0     8     1    19
 -1.4603326350807353E-02 a       160     0     8     1    20
  6.1420562223236652E-01 a       161     0     9     1     1
  1.1230352728818924E-01 a       162     0     9     1     2
 -2.4277599867298202E-01 a       163     0     9     1     3
 -7.2816675381863727E-01 a       164     0     9     1     4
  4.5168055099134286E-01 a       165     0     9     1     5
 -2.8013362960157073E-01 a       166     0     9     1     6
  4.0809870232367212E-01 a       167     0     9     1     7
 -2.0503202473217494E-01 a       168     0     9     1     8
 -3.2852890158866194E-01 a       169     0     9     1     9
 -1.9232915753746044E-01 a       170     0     9     1    10
  1.5394327715678071E+00 a       171     0     9     1    11
 -6.1613596766509926E-01 a       172     0     9     1    12
 -1.0361593214868119E+00 a       173     0     9     1    13
 -1.3259888277071870E+00 a       174     0     9     1    14
 -4.7698427828132323E-01 a       175     0     9     1    15
  6.1612911050637587E-01 a       176     0     9     1    16
 -1.3951475773251712E-01 a       177     0     9     1    17
  1.2673956068299503E-02 a       178     0     9     1    18
 -1.5718957118138244E-01 a       179     0     9     1    19
 -1.7300214106862874E-01 a       180     0     9     1    20
 -1.2478326746141053E+00 a       181     0    10     1     1
  3.6475309300957229E-02 a       182     0    10     1     2
 -2.6264662895529112E-01 a       183     0    10     1     3
  3.1088907869278626E-01 a       184     0    10     1     4
 -5.0459100028028925E-01 a       185     0    10     1     5
  4.8726890802153350E-01 a       186     0    10     1     6
 -4.0448728443882209E-01 a       187     0    10     1     7
 -2.8873192472996562E-01 a       188     0    10     1     8
  9.2632894125228737E-02 a       189     0    10     1     9
 -2.7067836954093938E-01 a       190     0    10     1    10
 -1.6684179399394474E+00 a       191     0    10     1    11
  4.8835793618621515E-01 a       192     0    10     1    12
  9.6981948403635854E-01 a       193     0    10     1    13
  1.0822924050026117E+00 a       194     0    10     1    14
 -2.3304762786359848E-01 a       195     0    10     1    15
 -1.3278880185803021E+00 a       196     0    10     1    16
  6.0722842592192317E-01 a       197     0    10     1    17
 -1.6210912907603606E-01 a       198     0    10     1    18
 -6.5491194277219045E-01 a       199     0    10     1    19
 -6.8471022715960103E-02 a       200     0    10     1    20
  3.6277090974561427E-01 a       201     0    11     1     1
  3.0538818170141668E-01 a       202     0    11     1     2
  2.2424870793877200E-01 a       203     0    11     1     3
 -2.7433543618652027E-02 a       204     0    11     1     4
 -6.5468463670252408E-01 a       205     0    11     1     5
 -3.6172317436686952E-01 a       206     0    11     1     6
  2.0476539505975760E-01 a       207     0    11     1     7
 -5.6702997525969225E-02 a       208     0    11     1     8
  5.2498718370723796E-01 a       209     0    11     1     9
 -2.9055195342366086E-01 a       210     0    11     1    10
 -3.8436326139712979E-01 a       211     0    11     1    11
  1.5786796949713508E-01 a       212     0    11     1    12
 -9.4938906510767737E-02 a       213     0    11     1    13
 -1.5882319213000051E-01 a       214     0    11     1    14
 -1.8707142064988896E-01 a       215     0    11     1    15
 -2.6456056399611932E-01 a       216     0    11     1    16
 -2.8316126925800367E-01 a       217     0    11     1    17
 -8.9104902730426344E-02 a       218     0    11     1    18
  8.0158881475205612E-02 a       219     0    11     1    19
  8.3044239497629929E-02 a       220     0    11     1    20
  7.5828710714945979E-01 a       221     0    12     1     1
 -5.5615460679673034E-01 a       222     0    12     1     2
  2.3465902841307068E-01 a       223     0    12     1     3
 -8.0441428299413129E-02 a       224     0    12     1     4
  4.2650503467302775E-01 a       225     0    12     1     5
  7.1209232808787876E-03 a       226     0    12     1     6
  6.0059931414805624E-02 a       227     0    12     1     7
  4.8319612179065530E-01 a       228     0    12     1     8
 -5.4881252353389420E-01 a       229     0    12     1     9
  4.6425083452421184E-01 a       230     0    12     1    10
  9.4490320157056451E-01 a       231     0    12     1    11
 -3.6917442387310562E-01 a       232     0    12     1    12
 -1.3011068033411943E-01 a       233     0    12     1    13
 -1.1514250712308624E-01 a       234     0    12     1    14
  1.4256392099469486E-01 a       235     0    12     1    15
  4.2307836800110932E-01 a       236     0    12     1    16
 -3.3869982971379070E-01 a       237     0    12     1    17
 -9.1007805075999246E-02 a       238     0    12     1    18
  5.4000566278549511E-01 a       239     0    12     1    19
  1.8172207537080726E-01 a       240     0    12     1    20
 -1.9497916165976067E-01 a       241     0    13     1     1
  5.1117290656550396E-01 a       242     0    13     1     2
  9.7076249302610450E-03 a       243     0    13     1     3
 -5.2728558345510990E-02 a       244     0    13     1     4
 -1.9538747235425055E-01 a       245     0    13     1     5
  2.3177483262239595E-01 a       246     0    13     1     6
  1.9744146256735190E-01 a       247     0    13     1     7
 -1.7826167474205584E-01 a       248     0    13     1     8
  6.0850395490821541E-01 a       249     0    13     1     9
  3.2850982864931072E-01 a       250     0    13     1    10
  7.8471798202058407E-02 a       251     0    13     1    11
  3.7730709787814420E-01 a       252     0    13     1    12
 -3.3808575838121624E-01 a       253     0    13     1    13
  5.0328206361567829E-01 a       254     0    13     1    14
 -5.6056820144834818E-01 a       255     0    13     1    15
 -8.7564945279853132E-02 a       256     0    13     1    16
  1.4559493582455932E-01 a       257     0    13     1    17
  1.8797533227412061E-01 a       258     0    13     1    18
  3.3098995359440342E-01 a       259     0    13     1    19
  2.4340273969833418E-01 a       260     0    13     1    20
  8.9753977717914449E-02 a       261     0    14     1     1
  5.8708503873123186E-01 a       262     0    14     1     2
 -3.6288612919670310E-01 a       263     0    14     1     3
  2.1631444231310884E-01 a       264     0    14     1     4
  4.1169507413614703E-01 a       265     0    14     1     5
 -7.8868315234440628E-02 a       266     0    14     1     6
  1.1252859620135533E-01 a       267     0    14     1     7
 -2.5566660851404338E-01 a       268     0    14     1     8
 -1.5661756391508869E-01 a       269     0    14     1     9
  1.8219279013000067E-01 a       270     0    14     1    10
  2.8984219351566248E-01 a       271     0    14     1    11
 -4.6123699743880903E-01 a       272     0    14     1    12
 -2.8303000030221426E-01 a       273     0    14     1    13
 -4.7825602506452258E-01 a       274     0    14     1    14
  1.3706723020949907E-01 a       275     0    14     1    15
  1.6857499087283009E-01 a       276     0    14     1    16
 -4.4360827952469428E-02 a       277     0    14     1    17
  1.5036925869993237E-01 a       278     0    14     1    18
  3.8121217150825126E-01 a       279     0    14     1    19
  1.6682456364194218E-01 a       280     0    14     1    20
 -2.8687431771840705E-01 a       281     0    15     1     1
  3.6150459055271317E-01 a       282     0    15     1     2
 -2.8008532859972396E-01 a       283     0    15     1     3
 -7.3046364098587500E-03 a       284     0    15     1     4
  3.2910868403185897E-02 a       285     0    15     1     5
  1.4701102960056359E-01 a       286     0    15     1     6
  2.9530343054486202E-01 a       287     0    15     1     7
 -3.8935255286576542E-01 a       288     0    15     1     8
 -3.2846777187190718E-01 a       289     0    15     1     9
  2.4521965098777973E-01 a       290     0    15     1    10
 -2.5770972262007735E-01 a       291     0    15     1    11
  7.2843564590113485E-02 a       292     0    15     1    12
  3.8041110796795903E-02 a       293     0    15     1    13
  4.8548592347462255E-02 a       294     0    15     1    14
  3.8533006527522462E-01 a       295     0    15     1    15
  3.6400175287823378E-01 a       296     0    15     1    16
 -1.9387589437530778E-01 a       297     0    15     1    17
  5.3370750640804161E-02 a       298     0    15     1    18
 -2.3393826076537619E-01 a       299     0    15     1    19
 -3.2886416134661520E-02 a       300     0    15     1    20
  3.8828902008519184E-01 a       301     0    16     1     1
  1.8486060102443760E-01 a       302     0    16     1     2
 -3.6329440905490368E-01 a       303     0    16     1     3
 -4.1567383376809230E-01 a       304     0    16     1     4
 -1.6077056706985951E-01 a       305     0    16     1     5
  6.8656647598063919E-02 a       306     0    16     1     6
 -3.2853714942435813E-01 a       307     0    16     1     7
 -2.9431933712022273E-01 a       308     0    16     1     8
  1.2563646095966155E-01 a       309     0    16     1     9
  2.0874347361985310E-01 a       310     0    16     1    10
  3.5670439230595835E-01 a       311     0    16     1    11
  1.6106092108279468E-01 a       312     0    16     1    12
  3.1812114195935111E-02 a       313     0    16     1    13
 -1.4765323584175258E-01 a       314     0    16     1    14
 -2.4710476330218828E-01 a       315     0    16     1    15
  7.4238651922476984E-01 a       316     0    16     1    16
 -1.9705041860259137E-01 a       317     0    16     1    17
  9.6965006966922104E-02 a       318     0    16     1    18
 -6.0921521496662112E-01 a       319     0    16     1    19
 -9.8023532238040445E-02 a       320     0    16     1    20
  7.0945933109926099E-02 a       321     0    17     1     1
  6.3080359378861128E-01 a       322     0    17     1     2
 -1.5435277122994653E-01 a       323     0    17     1     3
  1.8170494927945278E-02 a       324     0    17     1     4
 -2.8537012796698402E-01 a       325     0    17     1     5
 -1.4907342286494987E-01 a       326     0    17     1     6
 -2.1705111939454641E-01 a       327     0    17     1     7
 -7.9165638170328647E-03 a       328     0    17     1     8
  9.9917158513462848E-02 a       329     0    17     1     9
 -2.3120521702073119E-01 a       330     0    17     1    10
 -6.2424778582939688E-01 a       331     0    17     1    11
  9.4682239974697824E-02 a       332     0    17     1    12
 -6.9073962560108920E-02 a       333     0    17     1    13
  2.9578777685296603E-01 a       334     0    17     1    14
  1.0381412410626717E-01 a       335     0    17     1    15
 -3.5967293715714005E-01 a       336     0    17     1    16
  2.4418229280575507E-02 a       337     0    17     1    17
 -3.4566002959613579E-01 a       338     0    17     1    18
 -2.0449712569158160E-01 a       339     0    17     1    19
 -1.9750415505915855E-01 a       340     0    17     1    20
  2.1637958752947306E-01 a       341     0    18     1     1
 -3.7341032985826778E-01 a       342     0    18     1     2
  1.1580549571702442E-01 a       343     0    18     1     3
 -4.5131274286955930E-01 a       344     0    18     1     4
 -3.2608042425099543E-01 a       345     0    18     1     5
 -3.0621978165734282E-01 a       346     0    18     1     6
 -1.5504673005670386E-01 a       347     0    18     1     7
  6.4834167268968901E-02 a       348     0    18     1     8
 -2.0101747709735407E-01 a       349     0    18     1     9
  2.6548450316658440E-01 a       350     0    18     1    10
  6.6136834347687334E-01 a       351     0    18     1    11
 -5.9911239463352561E-01 a       352     0    18     1    12
 -7.2797237478363763E-01 a       353     0    18     1    13
 -6.4410004481253069E-01 a       354     0    18     1    14
  3.0845589730092554E-01 a       355     0    18     1    15
  1.5245644033261452E-01 a       356     0    18     1    16
 -8.4558979121034564E-02 a       357     0    18     1    17
  4.4155540481463207E-01 a       358     0    18     1    18
 -2.6144621297436577E-01 a       359     0    18     1    19
 -1.3303964391698392E-01 a       360     0    18     1    20
 -1.3874482625208437E-01 a       361     0    19     1     1
 -7.1547417796467339E-01 a       362     0    19     1     2
 -4.6701898210016468E-01 a       363     0    19     1     3
  5.0712959799073191E-02 a       364     0    19     1     4
  1.6962637734380398E-01 a       365     0    19     1     5
  1.5462227124959968E-01 a       366     0    19     1     6
 -7.8685402013065633E-02 a       367     0    19     1     7
  1.5489179037320683E-01 a       368     0    19     1     8
 -2.2552328863837229E-01 a       369     0    19     1     9
 -1.4795156639086007E-01 a       370     0    19     1    10
 -2.1478495301015160E-01 a       371     0    19     1    11
 -9.2758847492189947E-02 a       372     0    19     1    12
 -3.7816895009124840E-01 a       373     0    19     1    13
  2.5760765091886245E-01 a       374     0    19     1    14
  2.7545544001518674E-01 a       375     0    19     1    15
 -1.8060072823258444E-02 a       376     0    19     1    16
 -3.6410068977191684E-01 a       377     0    19     1    17
 -4.0205089615535136E-02 a       378     0    19     1    18
 -4.9709254500356775E-01 a       379     0    19     1    19
 -1.6559160726255473E-01 a       380     0    19     1    20
 -3.0455369434901881E-02 a       381     0    20     1     1
 -2.0484576204551404E-02 a       382     0    20     1     2
 -1.1354242822065390E-01 a       383     0    20     1     3
  1.8123240115630768E-02 a       384     0    20     1     4
  2.9360377243336300E-01 a       385     0    20     1     5
  1.2650470596130467E-01 a       386     0    20     1     6
  8.3836003366857273E-02 a       387     0    20     1     7
 -3.3058025254235124E-02 a       388     0    20     1     8
 -1.5118631915515490E-01 a       389     0    20     1     9
  1.2407779908766067E-01 a       390     0    20     1    10
 -1.2654173413188397E-01 a       391     0    20     1    11
  2.8708269995900459E-01 a       392     0    20     1    12
  2.5956414130774608E-01 a       393     0    20     1    13
 -1.9469336114382274E-01 a       394     0    20     1    14
  1.6536188900623366E-01 a       395     0    20     1    15
 -1.9032005777506247E-01 a       396     0    20     1    16
  2.1425117349596656E-01 a       397     0    20     1    17
  2.6649720267670113E-01 a       398     0    20     1    18
  2.1926257160761883E-01 a       399     0    20     1    19
 -6.3208905065924206E-02 a       400     0    20     1    20
 -1.2980505157975350E-01 a       401     0    21     1     1
  1.7892265733137533E-01 a       402     0    21     1     2
  1.1353865440582400E-01 a       403     0    21     1     3
  1.0766063751932714E-01 a       404     0    21     1     4
 -1.0172776948459560E-01 a       405     0    21     1     5
  4.0110127547508900E-01 a       406     0    21     1     6
 -1.9249846032018036E-01 a       407     0    21     1     7
  3.2912713667742138E-01 a       408     0    21     1     8
 -1.9059111196329509E-01 a       409     0    21     1     9
  5.5051151010063371E-01 a       410     0    21     1    10
 -4.2946580376225771E-02 a       411     0    21     1    11
  9.5691828145428814E-02 a       412     0    21     1    12
  1.5197915122595018E-01 a       413     0    21     1    13
 -1.5615524232355965E-01 a       414     0    21     1    14
  2.3604737614319377E-01 a       415     0    21     1    15
 -5.5495430273723145E-01 a       416     0    21     1    16
 -1.2437537702899419E-01 a       417     0    21     1    17
  9.7063942818004928E-02 a       418     0    21     1    18
  1.6661973439809433E-01 a       419     0    21     1    19
  4.0983089844345738E-01 a       420     0    21     1    20
  1.0886242494863942E-01 a       421     0    22     1     1
  2.3227764508554669E-01 a       422     0    22     1     2
  3.7564814316859381E-02 a       423     0    22     1     3
 -3.0458908093407050E-01 a       424     0    22     1     4
 -1.7386938067128338E-01 a       425     0    22     1     5
  6.7460838552290923E-03 a       426     0    22     1     6
 -1.0646890824420484E-01 a       427     0    22     1     7
  4.6453871397108132E-02 a       428     0    22     1     8
  1.6707393916965425E-02 a       429     0    22     1     9
 -4.7845143813400076E-01 a       430     0    22     1    10
 -8.3347745820268049E-01 a       431     0    22     1    11
 -2.3853788503053583E-01 a       432     0    22     1    12
  2.3184930338421189E-01 a       433     0    22     1    13
  6.3329609563914468E-01 a       434     0    22     1    14
  1.7911583539914180E-01 a       435     0    22     1    15
 -3.2830064330882186E-01 a       436     0    22     1    16
  1.9376831569031494E-01 a       437     0    22     1    17
  8.5332552246512580E-02 a       438     0    22     1    18
 -6.4098772712436747E-02 a       439     0    22     1    19
  2.4017101414663244E-01 a       440     0    22     1    20
 -4.1041768492560043E-01 a       441     0    23     1     1
 -6.0543783395753614E-01 a       442     0    23     1     2
  2.8099109065647598E-01 a       443     0    23     1     3
  1.7275769998462442E-01 a       444     0    23     1     4
  7.6198056602759037E-02 a       445     0    23     1     5
  2.9803851155302569E-01 a       446     0    23     1     6
  3.5180532529346265E-01 a       447     0    23     1     7
 -4.6072235257122579E-01 a       448     0    23     1     8
 -2.1591636350569393E-01 a       449     0    23     1     9
  9.0506248491926913E-02 a       450     0    23     1    10
  2.9447254288116670E-01 a       451     0    23     1    11
 -1.1983347384609515E-01 a       452     0    23     1    12
  4.2883625433768259E-02 a       453     0    23     1    13
 -2.8509576876418741E-01 a       454     0    23     1    14
  2.2104823149970240E-01 a       455     0    23     1    15
  4.1765436797512062E-01 a       456     0    23     1    16
  1.5624744807006494E-01 a       457     0    23     1    17
  4.0314152942530895E-01 a       458     0    23     1    18
 -1.0243022269087216E+00 a       459     0    23     1    19
 -5.8363949747190835E-01 a       460     0    23     1    20
 -4.1616869205630547E-01 a       461     0    24     1     1
 -5.3694248350054685E-01 a       462     0    24     1     2
  2.7451462618904104E-01 a       463     0    24     1     3
 -1.8491672870032980E-01 a       464     0    24     1     4
 -1.2692321736180048E-01 a       465     0    24     1     5
  4.1185473808117423E-01 a       466     0    24     1     6
 -8.1968157553960641E-02 a       467     0    24     1     7
 -2.1740771571410220E-01 a       468     0    24     1     8
 -4.9934903415472263E-02 a       469     0    24     1     9
 -5.2921248308152347E-01 a       470     0    24     1    10
  2.4190198464442825E-01 a       471     0    24     1    11
 -3.5945515497825758E-01 a       472     0    24     1    12
 -2.8575158547219087E-01 a       473     0    24     1    13
  8.6285860981002840E-02 a       474     0    24     1    14
 -1.8258180395921708E-01 a       475     0    24     1    15
  1.8613336410298199E-02 a       476     0    24     1    16
  4.3084081168051858E-01 a       477     0    24     1    17
  7.6314867561253941E-02 a       478     0    24     1    18
 -8.9288233118444041E-02 a       479     0    24     1    19
  2.7904774306445823E-01 a       480     0    24     1    20
  9.2201225703448331E-01 a       481     0    25     1     1
 -5.6997309757029124E-01 a       482     0    25     1     2
  5.7039263353348538E-02 a       483     0    25     1     3
  8.0231542563813762E-01 a       484     0    25     1     4
  2.5122370671890032E-01 a       485     0    25     1     5
 -5.0851141895114083E-01 a       486     0    25     1     6
 -3.0125313383330354E-01 a       487     0    25     1     7
  1.4300436068029554E-01 a       488     0    25     1     8
  3.7838531787604773E-01 a       489     0    25     1     9
  1.4344383365334526E-01 a       490     0    25     1    10
 -4.0880370420534967E-01 a       491     0    25     1    11
 -1.1178373963745637E-01 a       492     0    25     1    12
  3.0560392975226247E-01 a       493     0    25     1    13
  6.2172383857467461E-01 a       494     0    25     1    14
 -1.8317032928117244E-01 a       495     0    25     1    15
  7.3212589216506321E-02 a       496     0    25     1    16
 -9.4058593648963545E-02 a       497     0    25     1    17
 -4.6087452593423273E-01 a       498     0    25     1    18
 -1.4708714896553972E+00 a       499     0    25     1    19
 -5.4176620739702162E-02 a       500     0    25     1    20
  4.6074991887474182E-01 a       501     0    26     1     1
 -1.4787482396621445E-02 a       502     0    26     1     2
  1.8710688099384912E-01 a       503     0    26     1     3
  2.1804042271551885E-01 a       504     0    26     1     4
  2.5386306680756515E-01 a       505     0    26     1     5
 -2.5464684992185233E-01 a       506     0    26     1     6
  2.4349129691360809E-02 a       507     0    26     1     7
 -7.2272245018823136E-02 a       508     0    26     1     8
  7.1021862930621474E-02 a       509     0    26     1     9
  1.1406904274954492E-02 a       510     0    26     1    10
 -1.7332583180200956E-01 a       511     0    26     1    11
  1.5175503586016523E-01 a       512     0    26     1    12
  1.9448281575600276E-01 a       513     0    26     1    13
 -1.4303796860095835E-01 a       514     0    26     1    14
 -2.1014330239057563E-01 a       515     0    26     1    15
 -1.5577888819056357E-01 a       516     0    26     1    16
 -1.8467860968048150E-01 a       517     0    26     1    17
 -1.9308055557514625E-01 a       518     0    26     1    18
 -3.9944706551903075E-01 a       519     0    26     1    19
  5.5214295908178904E-02 a       520     0    26     1    20
 -8.9689216484133327E-01 a       521     0    27     1     1
  1.9543845302213283E-02 a       522     0    27     1     2
 -2.9056660604311890E-01 a       523     0    27     1     3
 -4.7960009090695416E-01 a       524     0    27     1     4
 -1.4807242717561914E-01 a       525     0    27     1     5
  9.3347539530004597E-01 a       526     0    27     1     6
 -2.0450754791209386E-01 a       527     0    27     1     7
  6.7184397036359000E-01 a       528     0    27     1     8
 -2.2887152033378191E-01 a       529     0    27     1     9
 -1.7251454191046900E-01 a       530     0    27     1    10
  2.9170337241093425E-01 a       531     0    27     1    11
  1.2363687565167018E-01 a       532     0    27     1    12
 -9.4287111476096375E-01 a       533     0    27     1    13
 -1.5696818579417363E-02 a       534     0    27     1    14
  1.0095489985150129E-01 a       535     0    27     1    15
  2.3395118783109389E-01 a       536     0    27     1    16
  6.3068949073790614E-01 a       537     0    27     1    17
 -4.9131766818814593E-01 a       538     0    27     1    18
  5.3469463560077024E-01 a       539     0    27     1    19
  2.7366636846071846E-01 a       540     0    27     1    20
  2.3388842308789015E-01 a       541     0    28     1     1
  1.0427577041323787E-02 a       542     0    28     1     2
 -9.8866899478013692E-02 a       543     0    28     1     3
 -6.7196215003107379E-02 a       544     0    28     1     4
 -1.3236415505752094E-01 a       545     0    28     1     5
 -2.5370875191218945E-01 a       546     0    28     1     6
 -1.5933527305483799E-01 a       547     0    28     1     7
  2.5917284389921796E-01 a       548     0    28     1     8
 -1.9482136401129604E-01 a       549     0    28     1     9
  3.4091233715480763E-02 a       550     0    28     1    10
  5.1492667785827062E-01 a       551     0    28     1    11
  2.0199767879624178E-01 a       552     0    28     1    12
 -5.9216185350363097E-02 a       553     0    28     1    13
  5.8864767306050149E-02 a       554     0    28     1    14
  1.5198436871935470E-01 a       555     0    28     1    15
 -1.1537666698373412E-01 a       556     0    28     1    16
  3.3804314192787144E-01 a       557     0    28     1    17
 -7.9523458499534683E-02 a       558     0    28     1    18
  2.9814457376632325E-01 a       559     0    28     1    19
  9.1060098546457080E-02 a       560     0    28     1    20
  3.9072099820871514E-01 a       561     0    29     1     1
  3.4264642613487062E-01 a       562     0    29     1     2
 -2.3357202813129596E-01 a       563     0    29     1     3
  3.4686422205836724E-02 a       564     0    29     1     4
 -7.1599146503897870E-03 a       565     0    29     1     5
  9.0062377406810654E-02 a       566     0    29     1     6
  6.9370298870757408E-02 a       567     0    29     1     7
 -1.3576343820207326E-01 a       568     0    29     1     8
 -5.9575723243525678E-03 a       569     0    29     1     9
  4.1101341844349099E-01 a       570     0    29     1    10
  3.4184334234844566E-01 a       571     0    29     1    11
 -2.8393007901173051E-01 a       572     0    29     1    12
 -2.6538436178119823E-01 a       573     0    29     1    13
 -3.9207817412741659E-02 a       574     0    29     1    14
  1.5683267427994280E-01 a       575     0    29     1    15
  7.1351895385778949E-02 a       576     0    29     1    16
 -1.9978893004117101E-01 a       577     0    29     1    17
 -7.0358471367103007E-02 a       578     0    29     1    18
  2.2368142800299026E-01 a       579     0    29     1    19
  2.0442962423606825E-01 a       580     0    29     1    20
  1.4847835665177192E-01 a       581     0    30     1     1
  7.8635707747051187E-01 a       582     0    30     1     2
  5.1554509734742196E-02 a       583     0    30     1     3
  5.4548845240322802E-02 a       584     0    30     1     4
  2.2833773157149059E-01 a       585     0    30     1     5
 -5.3025589558653186E-01 a       586     0    30     1     6
  1.8657917286087677E-01 a       587     0    30     1     7
 -5.5308127984097732E-01 a       588     0    30     1     8
  3.4897268247401647E-01 a       589     0    30     1     9
 -8.8405910881569391E-02 a       590     0    30     1    10
  2.9063340970777209E-02 a       591     0    30     1    11
 -2.6248839403176971E-01 a       592     0    30     1    12
  5.3050532463719102E-02 a       593     0    30     1    13
  2.7804813401972528E-01 a       594     0    30     1    14
  6.9287619311591345E-02 a       595     0    30     1    15
 -1.3844787494326952E-02 a       596     0    30     1    16
 -1.9459657654835047E-01 a       597     0    30     1    17
  3.4408539458435128E-01 a       598     0    30     1    18
  2.1282162436262414E-01 a       599     0    30     1    19
 -4.7285280471130779E-02 a       600     0    30     1    20
 -1.3309263488816878E-01 a       601     0    31     1     1
  6.3607857347642915E-01 a       602     0    31     1     2
 -1.0210296508691903E-01 a       603     0    31     1     3
 -4.6222477599288586E-01 a       604     0    31     1     4
 -4.3410431597665972E-02 a       605     0    31     1     5
 -5.9218884429153396E-01 a       606     0    31     1     6
  4.3495482570172439E-01 a       607     0    31     1     7
 -9.4091445218879979E-02 a       608     0    31     1     8
  1.7461275758565545E-01 a       609     0    31     1     9
 -7.9558117616000349E-03 a       610     0    31     1    10
 -2.5261605391996789E-01 a       611     0    31     1    11
 -3.7260826675820713E-01 a       612     0    31     1    12
  1.1533118363593421E-01 a       613     0    31     1    13
  3.1410296446607616E-01 a       614     0    31     1    14
  2.1440288273507421E-01 a       615     0    31     1    15
  3.2222820578018996E-01 a       616     0    31     1    16
 -2.4401446694862883E-01 a       617     0    31     1    17
  2.8415425775378000E-01 a       618     0    31     1    18
 -1.4250657784717810E-01 a       619     0    31     1    19
  8.9015801503257927E-02 a       620     0    31     1    20
  3.8418771838454585E-01 a       621     0    32     1     1
 -4.5723127808200405E-02 a       622     0    32     1     2
  1.6904357701913506E-01 a       623     0    32     1     3
 -1.1289998779531325E+00 a       624     0    32     1     4
 -3.9916833175871391E-01 a       625     0    32     1     5
 -3.9969179122626747E-01 a       626     0    32     1     6
  3.7770807664973488E-01 a       627     0    32     1     7
 -5.1961340688411439E-01 a       628     0    32     1     8
 -2.6188146455925820E-01 a       629     0    32     1     9
 -3.7880485424218513E-01 a       630     0    32     1    10
  8.9821474539104426E-02 a       631     0    32     1    11
 -1.4013187612026817E-01 a       632     0    32     1    12
  3.8327836374688545E-01 a       633     0    32     1    13
 -1.8933693906334051E-01 a       634     0    32     1    14
 -1.6752678960003745E-01 a       635     0    32     1    15
 -3.0497104601742975E-01 a       636     0    32     1    16
 -1.0442007431389615E-01 a       637     0    32     1    17
 -1.3385461813704244E-01 a       638     0    32     1    18
  7.4088833382652386E-01 a       639     0    32     1    19
 -3.1046617861241010E-01 a       640     0    32     1    20
  2.0277429982011286E-01 a       641     0    33     1     1
  2.0462859383675588E-01 a       642     0    33     1     2
 -2.2307028470264145E-01 a       643     0    33     1     3
 -6.9687674571462555E-01 a       644     0    33     1     4
 -3.6489805791411040E-01 a       645     0    33     1     5
 -1.2752168926933000E-02 a       646     0    33     1     6
  6.6037834203939993E-02 a       647     0    33     1     7
 -1.0955812608914785E-01 a       648     0    33     1     8
  8.8332995892128660E-02 a       649     0    33     1     9
 -1.5103682226379386E-01 a       650     0    33     1    10
 -2.0474443984613258E-01 a       651     0    33     1    11
 -3.0664841378426355E-01 a       652     0    33     1    12
 -6.2877230458728806E-01 a       653     0    33     1    13
 -1.5954641480931239E-01 a       654     0    33     1    14
 -1.7815603786503681E-01 a       655     0    33     1    15
 -1.4956111168150898E-01 a       656     0    33     1    16
 -1.7730073979162725E-01 a       657     0    33     1    17
 -6.9574317582978551E-01 a       658     0    33     1    18
 -5.3382305655831797E-01 a       659     0    33     1    19
  1.4978201115653961E-01 a       660     0    33     1    20
 -2.2003254085399246E-01 a       661     0    34     1     1
 -5.0291393671062146E-01 a       662     0    34     1     2
  5.6394589419968921E-01 a       663     0    34     1     3
  3.5467864975414970E-01 a       664     0    34     1     4
  2.4854279474118285E-01 a       665     0    34     1     5
  2.6824147530511372E-01 a       666     0    34     1     6
 -3.6382187971403174E-01 a       667     0    34     1     7
  2.0964401277684871E-01 a       668     0    34     1     8
 -1.7635830535574781E-01 a       669     0    34     1     9
  7.4562244927267929E-02 a       670     0    34     1    10
  8.2091654892818930E-02 a       671     0    34     1    11
  1.6756263906612398E-01 a       672     0    34     1    12
  2.6222538586891231E-01 a       673     0    34     1    13
  3.8481542313515088E-01 a       674     0    34     1    14
 -5.6041242936933744E-01 a       675     0    34     1    15
  1.4167648655442538E-01 a       676     0    34     1    16
 -2.1112408602420543E-01 a       677     0    34     1    17
  5.0988343394389923E-01 a       678     0    34     1    18
 -1.6639976107715276E-01 a       679     0    34     1    19
 -7.9414665156232939E-02 a       680     0    34     1    20
 -7.8342637474353649E-01 a       681     0    35     1     1
  9.6140898783637185E-02 a       682     0    35     1     2
 -5.1386798270545202E-02 a       683     0    35     1     3
  6.0340925437748250E-01 a       684     0    35     1     4
  2.8966504563331064E-01 a       685     0    35     1     5
  9.9930852469663142E-02 a       686     0    35     1     6
  4.4450480423629812E-02 a       687     0    35     1     7
  4.6034419321088677E-01 a       688     0    35     1     8
 -5.8636073297656710E-01 a       689     0    35     1     9
 -1.1714439544541302E-01 a       690     0    35     1    10
 -2.5912893434736528E-01 a       691     0    35     1    11
 -1.9546010254628199E-01 a       692     0    35     1    12
  2.5754075313017216E-01 a       693     0    35     1    13
  3.3127898164697295E-01 a       694     0    35     1    14
  6.8023062267702328E-01 a       695     0    35     1    15
 -7.8215083229283888E-01 a       696     0    35     1    16
 -6.4246778285813422E-01 a       697     0    35     1    17
  3.5929420056792871E-01 a       698     0    35     1    18
 -7.0467948791419488E-01 a       699     0    35     1    19
 -1.0803215803141564E-01 a       700     0    35     1    20
  1.5564815467776977E-01 a       701     0    36     1     1
 -3.4079526354583733E-01 a       702     0    36     1     2
  4.9129098263829435E-01 a       703     0    36     1     3
 -5.6438410701975950E-01 a       704     0    36     1     4
  9.9050595049358522E-02 a       705     0    36     1     5
 -1.9258234569964552E-01 a       706     0    36     1     6
 -1.3387922781870543E-01 a       707     0    36     1     7
 -3.3357297972287142E-01 a       708     0    36     1     8
  1.3294270697396324E-01 a       709     0    36     1     9
 -1.2485421376992993E-01 a       710     0    36     1    10
  3.6367366442737518E-02 a       711     0    36     1    11
 -3.0241824262208930E-03 a       712     0    36     1    12
 -3.1740220030949695E-01 a       713     0    36     1    13
 -1.5931334012613102E-01 a       714     0    36     1    14
 -2.5799897953647860E-01 a       715     0    36     1    15
 -5.4813657596744524E-02 a       716     0    36     1    16
  2.0745078449976306E-01 a       717     0    36     1    17
  1.1447893845798769E-01 a       718     0    36     1    18
  1.8140752412994379E-01 a       719     0    36     1    19
  7.5476293327552971E-02 a       720     0    36     1    20
 -1.2699849209122238E-01 a       721     0    37     1     1
  2.2739600880747063E-01 a       722     0    37     1     2
  3.7352243020629852E-02 a       723     0    37     1     3
  1.0560494793454405E+00 a       724     0    37     1     4
  3.8881828643882349E-01 a       725     0    37     1     5
  4.8047380241068888E-02 a       726     0    37     1     6
  4.4880459707173005E-02 a       727     0    37     1     7
  2.4928368575901264E-01 a       728     0    37     1     8
 -7.8882308700937015E-02 a       729     0    37     1     9
  2.2498656424645055E-01 a       730     0    37     1    10
  1.9941161907511032E-01 a       731     0    37     1    11
  2.6466726174380639E-01 a       732     0    37     1    12
  2.9633469400240203E-01 a       733     0    37     1    13
  9.4972189205158153E-02 a       734     0    37     1    14
  1.5199360565184777E-01 a       735     0    37     1    15
  1.8841810271358356E-01 a       736     0    37     1    16
  2.8206539637679901E-03 a       737     0    37     1    17
  3.8127801592001720E-01 a       738     0    37     1    18
  1.1053983505537388E-01 a       739     0    37     1    19
  4.7091796199199891E-02 a       740     0    37     1    20
  8.8986805573484096E-02 a       741     0    38     1     1
 -5.2525016512987022E-01 a       742     0    38     1     2
 -1.6180536625389447E-01 a       743     0    38     1     3
  2.4165491371855677E-01 a       744     0    38     1     4
 -1.2520502524340341E-02 a       745     0    38     1     5
  2.0147868599034258E-01 a       746     0    38     1     6
 -2.5326343947646934E-01 a       747     0    38     1     7
 -1.3507364878600345E-01 a       748     0    38     1     8
 -4.0937897417688618E-01 a       749     0    38     1     9
  1.8542909361642951E-02 a       750     0    38     1    10
 -1.2425893147076841E-01 a       751     0    38     1    11
  1.8131733564436403E-01 a       752     0    38     1    12
  9.3027062955860829E-02 a       753     0    38     1    13
  3.2474230838520812E-01 a       754     0    38     1    14
  2.0698347840623563E-01 a       755     0    38     1    15
  1.9928962899291455E-01 a       756     0    38     1    16
  5.9188545810280747E-02 a       757     0    38     1    17
 -2.3537696771134753E-01 a       758     0    38     1    18
  2.5775611361548663E-02 a       759     0    38     1    19
 -1.4069567139810149E-01 a       760     0    38     1    20
 -6.0437796297947610E-01 a       761     0    39     1     1
 -8.8887166805889928E-01 a       762     0    39     1     2
  2.6541163906500148E-01 a       763     0    39     1     3
 -1.1766389301942223E-01 a       764     0    39     1     4
  1.3664738212939576E-01 a       765     0    39     1     5
  5.3597051299842335E-01 a       766     0    39     1     6
  1.5615003521776302E-01 a       767     0    39     1     7
  4.6448885502580894E-01 a       768     0    39     1     8
 -3.4624326160182634E-01 a       769     0    39     1     9
 -1.5614014113112093E-01 a       770     0    39     1    10
  4.8158721907673573E-03 a       771     0    39     1    11
 -2.1995770591845490E-01 a       772     0    39     1    12
 -7.3194314345892880E-02 a       773     0    39     1    13
 -5.8992065393350612E-01 a       774     0    39     1    14
  2.1051244023431281E-01 a       775     0    39     1    15
  1.6900867749121282E-01 a       776     0    39     1    16
  4.3514579706243078E-01 a       777     0    39     1    17
 -3.3707885976780894E-01 a       778     0    39     1    18
 -5.3912495627445189E-01 a       779     0    39     1    19
 -9.4908226667167681E-02 a       780     0    39     1    20
  2.5428817329139697E-01 a       781     0    40     1     1
 -4.5708904850415888E-01 a       782     0    40     1     2
 -1.9417647702420125E-02 a       783     0    40     1     3
  1.2338621936825959E-01 a       784     0    40     1     4
 -2.7025491722858758E-01 a       785     0    40     1     5
 -1.2746739279520275E-01 a       786     0    40     1     6
  5.4718079248178808E-01 a       787     0    40     1     7
 -1.2351741640149484E-01 a       788     0    40     1     8
  2.6933880765023110E-01 a       789     0    40     1     9
 -3.1162435595179244E-01 a       790     0    40     1    10
 -1.8461123770188478E-01 a       791     0    40     1    11
  2.0456048847346067E-01 a       792     0    40     1    12
  8.8888856442355035E-01 a       793     0    40     1    13
  5.1904471240847849E-01 a       794     0    40     1    14
 -7.7519749873491162E-01 a       795     0    40     1    15
 -1.4778223744363622E-01 a       796     0    40     1    16
  5.5440746110440209E-01 a       797     0    40     1    17
 -5.9722578890304012E-01 a       798     0    40     1    18
  5.9702466846120295E-01 a       799     0    40     1    19
  1.2256399828364140E-01 a       800     0    40     1    20
 -1.7746403721903459E-01 a       801     0    41     1     1
 -1.8913576138422472E-01 a       802     0    41     1     2
  2.4602399418136103E-01 a       803     0    41     1     3
 -5.8508956638256310E-02 a       804     0    41     1     4
  1.7921174871548784E-01 a       805     0    41     1     5
 -1.7597159686734973E-01 a       806     0    41     1     6
 -1.6286540328532637E-02 a       807     0    41     1     7
  6.7122969917312203E-01 a       808     0    41     1     8
 -2.0519995206077868E-01 a       809     0    41     1     9
  9.5364029457308319E-02 a       810     0    41     1    10
  9.3422433869364812E-03 a       811     0    41     1    11
  1.5438835040726059E-01 a       812     0    41     1    12
  1.2783258187640695E-01 a       813     0    41     1    13
  1.8929128266676237E-01 a       814     0    41     1    14
  1.5650500462232905E-01 a       815     0    41     1    15
 -2.4343290384621336E-01 a       816     0    41     1    16
 -6.6902185738091424E-01 a       817     0    41     1    17
  5.6302280674139782E-01 a       818     0    41     1    18
  4.2690956762880700E-01 a       819     0    41     1    19
  4.3853050947099292E-02 a       820     0    41     1    20
  2.1082033193965383E-01 a       821     0    42     1     1
 -4.5169888021573995E-01 a       822     0    42     1     2
  1.0997336931149173E-02 a       823     0    42     1     3
 -1.5541164058571402E-01 a       824     0    42     1     4
 -3.4975371516632364E-01 a       825     0    42     1     5
  4.0736145241138645E-02 a       826     0    42     1     6
 -5.1973027089404565E-02 a       827     0    42     1     7
  2.2667791899712975E-01 a       828     0    42     1     8
 -1.0495025790231766E-01 a       829     0    42     1     9
 -3.0880628101329247E-02 a       830     0    42     1    10
 -2.1572433777102437E-01 a       831     0    42     1    11
 -1.0083592248733915E-01 a       832     0    42     1    12
  3.3481170523578380E-01 a       833     0    42     1    13
 -3.6110342136635049E-01 a       834     0    42     1    14
  4.0038900564388663E-01 a       835     0    42     1    15
 -5.4846790038356699E-02 a       836     0    42     1    16
 -7.0936050987550573E-03 a       837     0    42     1    17
  3.2963197264102184E-01 a       838     0    42     1    18
  3.1555243279067430E-01 a       839     0    42     1    19
 -2.9012213084668326E-01 a       840     0    42     1    20
 -4.9312228557275428E-01 a       841     0    43     1     1
  7.0305549222988795E-01 a       842     0    43     1     2
 -2.2588275475619296E-01 a       843     0    43     1     3
 -8.1697571692951221E-02 a       844     0    43     1     4
  5.9056728732351160E-01 a       845     0    43     1     5
  2.0337947662186387E-01 a       846     0    43     1     6
 -3.9089143880720806E-01 a       847     0    43     1     7
  2.6362507254465262E-01 a       848     0    43     1     8
  7.0710086564902730E-01 a       849     0    43     1     9
 -1.9477300747710199E-01 a       850     0    43     1    10
 -3.6508576905046225E-01 a       851     0    43     1    11
 -9.3617889023873899E-03 a       852     0    43     1    12
  5.8215225764508853E-03 a       853     0    43     1    13
 -8.7482129122756672E-02 a       854     0    43     1    14
 -2.7024755106051606E-02 a       855     0    43     1    15
 -4.5570422434283841E-03 a       856     0    43     1    16
  6.6201735201951804E-03 a       857     0    43     1    17
 -7.4706042720103782E-01 a       858     0    43     1    18
 -3.0016499774237787E-01 a       859     0    43     1    19
  2.1304172881498257E-01 a       860     0    43     1    20
  2.0946708394462779E-01 a       861     0    44     1     1
 -3.7187185750160578E-01 a       862     0    44     1     2
 -9.7750607111879259E-02 a       863     0    44     1     3
 -1.0094874535864945E-01 a       864     0    44     1     4
 -8.3121354634914629E-02 a       865     0    44     1     5
 -1.2154911949989557E-01 a       866     0    44     1     6
  2.9092366705741207E-01 a       867     0    44     1     7
 -6.0205307971499322E-01 a       868     0    44     1     8
  1.4156251868287629E-02 a       869     0    44     1     9
  5.5684121140827783E-02 a       870     0    44     1    10
  1.0813389674370684E-02 a       871     0    44     1    11
  1.3560560101991445E-01 a       872     0    44     1    12
 -1.7383679916928901E-01 a       873     0    44     1    13
 -2.5189198382521261E-01 a       874     0    44     1    14
 -1.2055397400444144E-01 a       875     0    44     1    15
  1.5887340695625660E-01 a       876     0    44     1    16
  4.7787207505720941E-01 a       877     0    44     1    17
  5.3756594179026403E-02 a       878     0    44     1    18
  7.6671938627602770E-02 a       879     0    44     1    19
 -2.9306655699197992E-01 a       880     0    44     1    20
 -1.4852851240180401E-01 a       881     0    45     1     1
  1.2444244496988306E-01 a       882     0    45     1     2
 -1.8892743642007662E-04 a       883     0    45     1     3
  3.6755690047198242E-01 a       884     0    45     1     4
 -1.3758109779219216E-01 a       885     0    45     1     5
  1.4704868991109224E-01 a       886     0    45     1     6
 -4.7351229462856947E-01 a       887     0    45     1     7
  1.9498431673005026E-01 a       888     0    45     1     8
  2.7601052514451746E-01 a       889     0    45     1     9
 -1.0376400861322804E-01 a       890     0    45     1    10
 -5.8108952871354447E-01 a       891     0    45     1    11
  2.3701389145791150E-02 a       892     0    45     1    12
 -2.1048106289920659E-01 a       893     0    45     1    13
 -2.1983845336078080E-02 a       894     0    45     1    14
 -1.6907001890018059E-01 a       895     0    45     1    15
 -3.6741555550539667E-01 a       896     0    45     1    16
 -2.1423016331299349E-01 a       897     0    45     1    17
  1.0985319425544111E-01 a       898     0    45     1    18
 -1.5930432172577361E-01 a       899     0    45     1    19
  6.6995593897417671E-01 a       900     0    45     1    20
 -1.0954051755193130E-01 a       901     0    46     1     1
  7.3319283763133070E-01 a       902     0    46     1     2
 -2.3578075432150913E-01 a       903     0    46     1     3
 -1.9482705844101769E-01 a       904     0    46     1     4
 -1.3668670248212017E-01 a       905     0    46     1     5
  3.0985935611031721E-02 a       906     0    46     1     6
 -2.1722603076322369E-01 a       907     0    46     1     7
  6.0474404948137314E-02 a       908     0    46     1     8
 -1.9618020726730234E-01 a       909     0    46     1     9
  9.1773359755766212E-02 a       910     0    46     1    10
  3.7032487537066039E-01 a       911     0    46     1    11
  4.3690569063678897E-01 a       912     0    46     1    12
 -6.7963733225807321E-01 a       913     0    46     1    13
  6.0865303615832067E-03 a       914     0    46     1    14
 -2.0375204015733051E-03 a       915     0    46     1    15
 -3.8455435919330061E-01 a       916     0    46     1    16
  2.8610986503319599E-02 a       917     0    46     1    17
 -5.7287490450408318E-01 a       918     0    46     1    18
  6.4291471069469097E-01 a       919     0    46     1    19
 -4.4481614162509153E-01 a       920     0    46     1    20
 -3.8393135974378947E-02 b       921     1     1
 -8.8214977274149542E-01 b       922     1     2
  4.7598499772217062E-01 b       923     1     3
 -1.3193581429855643E+00 b       924     1     4
 -5.8247231117615017E-01 b       925     1     5
  1.1423092351371145E+00 b       926     1     6
 -6.5621015044455477E-01 b       927     1     7
 -1.1792093495673639E+00 b       928     1     8
 -2.8932737176840184E-01 b       929     1     9
  8.0372071147470608E-02 b       930     1    10
 -7.4071568478324945E-01 b       931     1    11
  1.6755137758757491E-01 b       932     1    12
 -1.0709494072054697E+00 b       933     1    13
 -1.2009483262506666E+00 b       934     1    14
  1.3605883650210517E+00 b       935     1    15
  2.6668165138854888E-01 b       936     1    16
 -8.7316744572453509E-01 b       937     1    17
  7.1787548860596939E-01 b       938     1    18
 -1.5224479108644156E+00 b       939     1    19
 -8.4129030313916731E-01 b       940     1    20
 -6.7427601546237903E-01 a       941     1     1     2     1
 -2.1910474066524990E-01 a       942     1     1     2     2
 -7.8457227429557841E-01 a       943     1     1     2     3
  5.5307454381314780E-01 a       944     1     1     2     4
  5.5219894716184292E-01 a       945     1     1     2     5
  3.5797226315106101E-01 a       946     1     1     2     6
  7.7832081838243500E-02 a       947     1     1     2     7
 -5.7853573079012377E-01 a       948     1     1     2     8
 -2.8215977775681961E-01 a       949     1     1     2     9
  2.0351233242982630E-01 a       950     1     1     2    10
  1.1360280778589306E-02 a       951     1     1     2    11
  4.4220455703460593E-01 a       952     1     1     2    12
  7.6670468842099182E-01 a       953     1     1     2    13
  5.0957328984113381E-01 a       954     1     1     2    14
 -2.4449062349501738E-01 a       955     1     1     2    15
  1.0272644777309493E-01 a       956     1     1     2    16
 -6.0609914573896952E-02 a       957     1     1     2    17
 -5.4883638386198685E-01 a       958     1     1     2    18
  4.0932312424046696E-01 a       959     1     1     2    19
 -1.9921772437018717E-01 a       960     1     1     2    20
  2.5446632017777410E-01 a       961     1     2     2     1
 -1.4330465756863275E-01 a       962     1     2     2     2
  8.7847029065848192E-01 a       963     1     2     2     3
 -4.3337749452704671E-01 a       964     1     2     2     4
 -1.9530614551612238E-01 a       965     1     2     2     5
 -6.1332841082372958E-01 a       966     1     2     2     6
 -4.0194822754275739E-01 a       967     1     2     2     7
 -4.8582838180903204E-01 a       968     1     2     2     8
  1.6634319923250240E-01 a       969     1     2     2     9
  3.5353296179305205E-01 a       970     1     2     2    10
  3.0723654379697352E-01 a       971     1     2     2    11
 -3.3009601116996473E-01 a       972     1     2     2    12
  1.4871973948232650E-01 a       973     1     2     2    13
 -2.1154450941901184E-02 a       974     1     2     2    14
  4.0072850757830153E-01 a       975     1     2     2    15
 -7.7593667035853478E-02 a       976     1     2     2    16
 -7.8234778891185075E-01 a       977     1     2     2    17
  2.2190587568823958E-01 a       978     1     2     2    18
 -5.7062205647204334E-01 a       979     1     2     2    19
  8.6974967438658346E-01 a       980     1     2     2    20
 -3.1888238863328927E-01 a       981     1     3     2     1
  3.9892234797496218E-01 a       982     1     3     2     2
  3.2295121518739578E-01 a       983     1     3     2     3
  1.9188454563326557E-01 a       984     1     3     2     4
 -5.4511432559060158E-01 a       985     1     3     2     5
  4.3030717054323694E-02 a       986     1     3     2     6
  1.0899251593987290E-01 a       987     1     3     2     7
  3.7606006600685032E-01 a       988     1     3     2     8
 -1.5382829226160916E-01 a       989     1     3     2     9
  5.5079078412127813E-01 a       990     1     3     2    10
 -1.5976736516646611E-01 a       991     1     3     2    11
  4.3538256224565308E-01 a       992     1     3     2    12
  1.8449633011339488E-02 a       993     1     3     2    13
 -4.9029519574487140E-01 a       994     1     3     2    14
  1.5943136418002962E-01 a       995     1     3     2    15
  1.5547807628038640E-02 a       996     1     3     2    16
 -7.6788701778904156E-01 a       997     1     3     2    17
 -3.3892618170067912E-01 a       998     1     3     2    18
  1.5336512929288096E-01 a       999     1     3     2    19
 -1.6526544422566153E-02 a      1000     1     3     2    20
 -7.2519234439347513E-01 a      1001     1     4     2     1
  1.1245118688893306E-01 a      1002     1     4     2     2
  4.9404768275979649E-01 a      1003     1     4     2     3
 -2.5229396507854818E-01 a      1004     1     4     2     4
 -4.5772233381671140E-01 a      1005     1     4     2     5
 -5.1556099304100522E-01 a      1006     1     4     2     6
  1.8304792267092546E-02 a      1007     1     4     2     7
  2.0132234231990978E-01 a      1008     1     4     2     8
 -1.9181678306736025E-01 a      1009     1     4     2     9
  3.5620056656232008E-01 a      1010     1     4     2    10
 -3.9916736471547715E-01 a      1011     1     4     2    11
 -1.4953729614000205E-01 a      1012     1     4     2    12
 -1.8908087877835340E-02 a      1013     1     4     2    13
 -5.6557595751451761E-01 a      1014     1     4     2    14
 -6.4453375320786921E-01 a      1015     1     4     2    15
 -8.3310458228616033E-02 a      1016     1     4     2    16
 -5.3139781360612637E-01 a      1017     1     4     2    17
  8.0296079077592608E-01 a      1018     1     4     2    18
 -4.5660356041363581E-01 a      1019     1     4     2    19
 -7.5072902190386814E-01 a      1020     1     4     2    20
  1.1588466354865130E-01 a      1021     1     5     2     1
  3.3429751779537198E-01 a      1022     1     5     2     2
 -4.2159077319453125E-01 a      1023     1     5     2     3
  5.5018414997421627E-01 a      1024     1     5     2     4
 -6.4209494013852664E-01 a      1025     1     5     2     5
  7.8114052750154650E-01 a      1026     1     5     2     6
  1.5933450335710118E-02 a      1027     1     5     2     7
  2.5208561018509135E-01 a      1028     1     5     2     8
 -8.1863774396597019E-02 a      1029     1     5     2     9
 -6.9799908375299591E-01 a      1030     1     5     2    10
  5.1625854164026030E-01 a      1031     1     5     2    11
  2.7130675206326804E-01 a      1032     1     5     2    12
  4.8207826089632477E-02 a      1033     1     5     2    13
 -3.4974281289184206E-01 a      1034     1     5     2    14
  6.7746661757651025E-02 a      1035     1     5     2    15
 -4.5645712138454786E-01 a      1036     1     5     2    16
  2.6357421874472570E-01 a      1037     1     5     2    17
 -5.0168560307243881E-01 a      1038     1     5     2    18
 -4.7157871076022845E-02 a      1039     1     5     2    19
 -2.5558439595061105E-01 a      1040     1     5     2    20
 -4.6572820425928324E-01 a      1041     1     6     2     1
  1.5528913379534409E-01 a      1042     1     6     2     2
  7.0026614409887056E-01 a      1043     1     6     2     3
 -8.0706075682831713E-01 a      1044     1     6     2     4
 -2.5073922491429601E-01 a      1045     1     6     2     5
 -3.9256961335602181E-01 a      1046     1     6     2     6
  2.5036569586367058E-01 a      1047     1     6     2     7
  5.7586637890160175E-01 a      1048     1     6     2     8
 -2.6342805979510453E-01 a      1049     1     6     2     9
 -6.6555098219925099E-02 a      1050     1     6     2    10
  1.6499055981359009E-01 a      1051     1     6     2    11
 -2.0119679003242333E-01 a      1052     1     6     2    12
 -5.1024783119639705E-01 a      1053     1     6     2    13
 -5.3950961106291739E-01 a      1054     1     6     2    14
 -4.1419465102282094E-01 a      1055     1     6     2    15
 -3.7909293452766196E-01 a      1056     1     6     2    16
  1.9944992290719998E-01 a      1057     1     6     2    17
  6.2916384655966628E-01 a      1058     1     6     2    18
  7.8273882152501784E-01 a      1059     1     6     2    19
 -4.7114946027136412E-01 a      1060     1     6     2    20
 -9.4774007852827122E-02 a      1061     1     7     2     1
 -3.2535490075330503E-01 a      1062     1     7     2     2
 -2.4082480068583711E-01 a      1063     1     7     2     3
  1.2044995155800047E+00 a      1064     1     7     2     4
 -2.7232636058062487E-01 a      1065     1     7     2     5
  2.1726447995282486E-01 a      1066     1     7     2     6
  4.6345454727552682E-01 a      1067     1     7     2     7
  2.0644266881869219E-01 a      1068     1     7     2     8
  5.4292066604657563E-01 a      1069     1     7     2     9
  2.4482984148665785E-01 a      1070     1     7     2    10
 -4.2153309022094815E-01 a      1071     1     7     2    11
  2.8965526398306340E-01 a      1072     1     7     2    12
 -3.4467688806333968E-01 a      1073     1     7     2    13
 -3.7548799184503601E-01 a      1074     1     7     2    14
 -2.7479795406150564E-01 a      1075     1     7     2    15
 -6.1823010898212116E-01 a      1076     1     7     2    16
  9.3007010362182008E-02 a      1077     1     7     2    17
 -4.2686166542979381E-01 a      1078     1     7     2    18
 -2.1853163724688190E-01 a      1079     1     7     2    19
  2.9038074400021213E-01 a      1080     1     7     2    20
  6.0826623563488547E-01 a      1081     1     8     2     1
 -9.1741863929047918E-01 a      1082     1     8     2     2
 -9.3782205746778702E-02 a      1083     1     8     2     3
 -3.1175882041135317E-01 a      1084     1     8     2     4
  1.9600462641060086E-02 a      1085     1     8     2     5
  1.7051944756951765E-01 a      1086     1     8     2     6
 -4.8819564646860142E-01 a      1087     1     8     2     7
 -4.2921726240895142E-01 a      1088     1     8     2     8
 -5.6509049521804600E-01 a      1089     1     8     2     9
 -2.9029938340687050E-01 a      1090     1     8     2    10
 -6.2225554638294389E-01 a      1091     1     8     2    11
  3.7188784714123346E-01 a      1092     1     8     2    12
  5.8075834942047677E-01 a      1093     1     8     2    13
 -1.6232186067005408E-01 a      1094     1     8     2    14
 -2.1046977119635485E-01 a      1095     1     8     2    15
 -2.7180261191314909E-02 a      1096     1     8     2    16
  8.5415781815784086E-01 a      1097     1     8     2    17
  3.7512932361668472E-01 a      1098     1     8     2    18
  3.9450772495210930E-02 a      1099     1     8     2    19
 -7.4253907422824825E-02 a      1100     1     8     2    20
 -3.7058313572754498E-01 a      1101     1     9     2     1
  2.1126690512697457E-01 a      1102     1     9     2     2
 -4.5009179478663724E-01 a      1103     1     9     2     3
 -4.8664931740612588E-01 a      1104     1     9     2     4
 -1.2803369858837824E-01 a      1105     1     9     2     5
  8.7588693114761668E-02 a      1106     1     9     2     6
 -1.2764980172330620E-01 a      1107     1     9     2     7
 -3.9035070873313465E-01 a      1108     1     9     2     8
 -2.9632794032901883E-02 a      1109     1     9     2     9
 -3.2999758760798875E-01 a      1110     1     9     2    10
 -4.7094354473474653E-01 a      1111     1     9     2    11
  1.0203343710126553E+00 a      1112     1     9     2    12
  2.4113046808214603E-01 a      1113     1     9     2    13
  5.3966752834205012E-01 a      1114     1     9     2    14
  2.3993902752486534E-01 a      1115     1     9     2    15
 -3.6254109168914674E-02 a      1116     1     9     2    16
  5.4185827737288639E-01 a      1117     1     9     2    17
 -5.0730816631838560E-01 a      1118     1     9     2    18
 -3.4591962808046983E-01 a      1119     1     9     2    19
  1.2535092546582743E-01 a      1120     1     9     2    20
 -1.7319900908070146E-01 a      1121     1    10     2     1
  8.1828593225192897E-02 a      1122     1    10     2     2
 -2.1189481004174132E-01 a      1123     1    10     2     3
 -2.0228257604486272E-01 a      1124     1    10     2     4
  4.8405449641713630E-02 a      1125     1    10     2     5
 -5.6386541513629415E-02 a      1126     1    10     2     6
  3.0104832600215881E-01 a      1127     1    10     2     7
 -3.7665347065864957E-03 a      1128     1    10     2     8
 -3.4978994540238180E-02 a      1129     1    10     2     9
  5.0054174397845230E-01 a      1130     1    10     2    10
  7.2819537492510491E-04 a      1131     1    10     2    11
 -2.7249220473568286E-01 a      1132     1    10     2    12
  2.8109499450939196E-01 a      1133     1    10     2    13
  6.8817588731186019E-01 a      1134     1    10     2    14
  3.1151766457728441E-01 a      1135     1    10     2    15
 -6.6280280782821532E-01 a      1136     1    10     2    16
  6.3382084996133647E-01 a      1137     1    10     2    17
 -1.6844880156796793E-01 a      1138     1    10     2    18
  6.1263074406266060E-01 a      1139     1    10     2    19
 -5.0581287347280934E-01 a      1140     1    10     2    20
 -2.6753111004409535E-01 a      1141     1    11     2     1
  1.0451467217025534E-01 a      1142     1    11     2     2
 -8.5588689581145447E-02 a      1143     1    11     2     3
  7.4860821982409531E-01 a      1144     1    11     2     4
  1.2970983472659460E-02 a      1145     1    11     2     5
 -3.9693845520948806E-01 a      1146     1    11     2     6
 -6.1107116589932775E-01 a      1147     1    11     2     7
 -4.1593659101294289E-01 a      1148     1    11     2     8
  8.8469218120063897E-01 a      1149     1    11     2     9
 -2.1314488459483810E-01 a      1150     1    11     2    10
  6.7898153036231590E-01 a      1151     1    11     2    11
 -7.8049508217803942E-01 a      1152     1    11     2    12
 -4.3673105313358490E-01 a      1153     1    11     2    13
  4.1397510265323256E-01 a      1154     1    11     2    14
  3.5353806600649779E-01 a      1155     1    11     2    15
 -6.1313452593373818E-01 a      1156     1    11     2    16
  3.0539952028971090E-01 a      1157     1    11     2    17
 -1.0669037118845796E-01 a      1158     1    11     2    18
 -6.2645674127892903E-02 a      1159     1    11     2    19
  4.2752834059924066E-01 a      1160     1    11     2    20
 -2.7412513541025790E-01 a      1161     1    12     2     1
  2.0030083882499919E-01 a      1162     1    12     2     2
  5.3430043761133483E-01 a      1163     1    12     2     3
 -3.1127215012089876E-01 a      1164     1    12     2     4
  3.2646527903252964E-01 a      1165     1    12     2     5
 -1.7305736446628545E-01 a      1166     1    12     2     6
  5.2717556854587531E-02 a      1167     1    12     2     7
 -4.1439856504454919E-01 a      1168     1    12     2     8
 -4.7921741186907924E-01 a      1169     1    12     2     9
 -3.8586735513175591E-01 a      1170     1    12     2    10
  5.2826398099775118E-01 a      1171     1    12     2    11
  8.8755000388752697E-02 a      1172     1    12     2    12
 -4.8083225449213202E-01 a      1173     1    12     2    13
 -1.5213219279092327E-01 a      1174     1    12     2    14
  5.2576484414548730E-01 a      1175     1    12     2    15
 -1.7124598555913005E-05 a      1176     1    12     2    16
  4.3138182751396387E-01 a      1177     1    12     2    17
 -4.6531009785172101E-01 a      1178     1    12     2    18
  7.1765413687348886E-02 a      1179     1    12     2    19
  1.4987067186581832E-01 a      1180     1    12     2    20
 -2.0590657323003553E-01 a      1181     1    13     2     1
  6.5260119075556777E-01 a      1182     1    13     2     2
  4.5499535488561127E-01 a      1183     1    13     2     3
 -6.2473619684616999E-01 a      1184     1    13     2     4
  8.6408533750597663E-02 a      1185     1    13     2     5
 -4.9011958332147526E-01 a      1186     1    13     2     6
  5.6681495216206002E-01 a      1187     1    13     2     7
 -3.4421177489958893E-01 a      1188     1    13     2     8
  5.3290849475522406E-01 a      1189     1    13     2     9
  8.2049959781037840E-01 a      1190     1    13     2    10
  4.6412675147550525E-01 a      1191     1    13     2    11
  2.7391883997906663E-01 a      1192     1    13     2    12
  1.6582874245116089E-01 a      1193     1    13     2    13
 -1.0662408246981538E+00 a      1194     1    13     2    14
  4.1541079388265895E-01 a      1195     1    13     2    15
 -4.2643528628510602E-01 a      1196     1    13     2    16
  1.3345257843934019E-01 a      1197     1    13     2    17
 -4.0740140240068323E-01 a      1198     1    13     2    18
  2.4629165162579156E-01 a      1199     1    13     2    19
  1.2022643338807291E-01 a      1200     1    13     2    20
 -1.7248662288891679E-02 a      1201     1    14     2     1
 -4.4528439093310079E-01 a      1202     1    14     2     2
  1.8360341691065304E-02 a      1203     1    14     2     3
 -1.0906645747988621E+00 a      1204     1    14     2     4
  4.9509950503434796E-01 a      1205     1    14     2     5
 -8.7695712158178207E-01 a      1206     1    14     2     6
 -7.5544168126903288E-01 a      1207     1    14     2     7
  4.1479770148725015E-01 a      1208     1    14     2     8
  6.9907928240879347E-01 a      1209     1    14     2     9
  1.5542815699463314E-01 a      1210     1    14     2    10
  1.6218374318042225E-01 a      1211     1    14     2    11
 -3.4928279733844303E-01 a      1212     1    14     2    12
  3.4524017729505019E-01 a      1213     1    14     2    13
 -7.5829336974079919E-01 a      1214     1    14     2    14
  1.4764214073483753E-01 a      1215     1    14     2    15
 -5.9836000833390934E-01 a      1216     1    14     2    16
  7.0060980554905639E-01 a      1217     1    14     2    17
  6.8180465493408920E-02 a      1218     1    14     2    18
 -4.2203431755092752E-01 a      1219     1    14     2    19
  4.5206972262087514E-01 a      1220     1    14     2    20
  4.4091317050566831E-01 a      1221     1    15     2     1
 -4.7079928950034178E-01 a      1222     1    15     2     2
  1.4356265211762478E-01 a      1223     1    15     2     3
 -5.5971220774207653E-01 a      1224     1    15     2     4
  2.6808289711831013E-01 a      1225     1    15     2     5
 -1.0696297640926596E-01 a      1226     1    15     2     6
  6.5063893219642921E-01 a      1227     1    15     2     7
  3.8562860272460942E-01 a      1228     1    15     2     8
 -5.2692591163371016E-01 a      1229     1    15     2     9
 -7.8300187391740272E-01 a      1230     1    15     2    10
 -1.0547115729941544E-02 a      1231     1    15     2    11
 -3.0485078004119920E-01 a      1232     1    15     2    12
  1.8888459041264052E-01 a      1233     1    15     2    13
  8.5550697163574080E-02 a      1234     1    15     2    14
  4.8384755109831684E-01 a      1235     1    15     2    15
  5.3215601836515580E-01 a      1236     1    15     2    16
 -1.3340895014140750E-01 a      1237     1    15     2    17
 -6.5832395155355924E-02 a      1238     1    15     2    18
 -4.0591754935310242E-01 a      1239     1    15     2    19
  2.0177378425328668E-01 a      1240     1    15     2    20
  5.2540302004675110E-01 a      1241     1    16     2     1
 -3.8216958618441688E-01 a      1242     1    16     2     2
 -4.2395247333971048E-01 a      1243     1    16     2     3
  8.2209943983619738E-01 a      1244     1    16     2     4
 -1.9104471080460922E-01 a      1245     1    16     2     5
  7.1366851837237910E-01 a      1246     1    16     2     6
 -3.0959379252554091E-02 a      1247     1    16     2     7
  1.3098312290332370E-01 a      1248     1    16     2     8
  1.8793631569160282E-01 a      1249     1    16     2     9
 -4.1599282942282406E-01 a      1250     1    16     2    10
 -3.9379247050300770E-01 a      1251     1    16     2    11
 -1.9192569931234202E-01 a      1252     1    16     2    12
 -5.5524937736730773E-01 a      1253     1    16     2    13
 -9.4301050940322012E-02 a      1254     1    16     2    14
 -4.3906571125947813E-01 a      1255     1    16     2    15
 -5.0662987443496688E-01 a      1256     1    16     2    16
  6.0636218110431261E-01 a      1257     1    16     2    17
  5.6206104692150802E-02 a      1258     1    16     2    18
 -4.1604010308832107E-01 a      1259     1    16     2    19
 -3.3527116679592864E-02 a      1260     1    16     2    20
 -5.6462641068911157E-01 a      1261     1    17     2     1
  1.2185104066082780E-01 a      1262     1    17     2     2
  4.6415055819257384E-01 a      1263     1    17     2     3
 -3.6681895402873943E-01 a      1264     1    17     2     4
 -2.8904389598077262E-01 a      1265     1    17     2     5
 -5.8435447391457743E-02 a      1266     1    17     2     6
  6.2773834119489680E-01 a      1267     1    17     2     7
  2.2888373688892247E-01 a      1268     1    17     2     8
  4.0688044749166580E-01 a      1269     1    17     2     9
  1.7909080641902528E-01 a      1270     1    17     2    10
 -2.1065626057456285E-01 a      1271     1    17     2    11
 -5.2433607748423883E-01 a      1272     1    17     2    12
 -1.8546178888935974E-01 a      1273     1    17     2    13
 -6.0172563854460759E-01 a      1274     1    17     2    14
 -2.0581750557793096E-01 a      1275     1    17     2    15
  3.3989528041318773E-01 a      1276     1    17     2    16
  2.5516467923118319E-01 a      1277     1    17     2    17
  4.3002411682129321E-01 a      1278     1    17     2    18
 -2.8749043863485018E-02 a      1279     1    17     2    19
 -2.8576375509068863E-01 a      1280     1    17     2    20
  6.9920121063976115E-01 a      1281     1    18     2     1
 -5.8283375453756270E-01 a      1282     1    18     2     2
  1.9485770226719373E-01 a      1283     1    18     2     3
  1.8577347768848235E-01 a      1284     1    18     2     4
  2.1350282641380264E-01 a      1285     1    18     2     5
 -2.3871424248071499E-01 a      1286     1    18     2     6
 -3.4437677274047079E-01 a      1287     1    18     2     7
 -3.8187069960994219E-01 a      1288     1    18     2     8
  5.0128317397447375E-01 a      1289     1    18     2     9
  4.5918788369102936E-01 a      1290     1    18     2    10
 -3.9267761951906088E-01 a      1291     1    18     2    11
 -2.3328311002873475E-01 a      1292     1    18     2    12
 -3.1337647736074287E-01 a      1293     1    18     2    13
 -6.0580183250096820E-01 a      1294     1    18     2    14
  2.6639786574063057E-01 a      1295     1    18     2    15
  1.1795159795158119E-01 a      1296     1    18     2    16
  9.8627964367721879E-02 a      1297     1    18     2    17
  2.1492103509421207E-01 a      1298     1    18     2    18
  1.4376844179697669E-03 a      1299     1    18     2    19
 -1.1159175746040545E-01 a      1300     1    18     2    20
  2.2860806976994863E-01 a      1301     1    19     2     1
 -6.0294343748462442E-01 a      1302     1    19     2     2
  5.5695309311566921E-01 a      1303     1    19     2     3
  8.0446190381703142E-01 a      1304     1    19     2     4
 -7.9112991624041129E-01 a      1305     1    19     2     5
  6.9381126195098924E-02 a      1306     1    19     2     6
 -3.5042705955446024E-01 a      1307     1    19     2     7
 -2.1806097095798577E-01 a      1308     1    19     2     8
 -8.4437620834539473E-01 a      1309     1    19     2     9
 -1.4887294876142132E-01 a      1310     1    19     2    10
  3.2103783933371079E-02 a      1311     1    19     2    11
 -2.4650890934454917E-01 a      1312     1    19     2    12
  6.0594733865529458E-04 a      1313     1    19     2    13
  5.5593201780761359E-01 a      1314     1    19     2    14
  8.6100886399687868E-02 a      1315     1    19     2    15
  2.7906303758788966E-02 a      1316     1    19     2    16
 -3.9205642048034242E-02 a      1317     1    19     2    17
 -6.3560447655174723E-01 a      1318     1    19     2    18
 -8.1288073370509462E-03 a      1319     1    19     2    19
 -9.3397783440823379E-01 a      1320     1    19     2    20
  5.8140683400896331E-01 a      1321     1    20     2     1
 -2.5071899354184540E-01 a      1322     1    20     2     2
 -1.7148936305868523E-01 a      1323     1    20     2     3
  2.5467409252609080E-01 a      1324     1    20     2     4
  3.5973054991857906E-01 a      1325     1    20     2     5
  6.1723334331325763E-01 a      1326     1    20     2     6
  4.4739375684520477E-01 a      1327     1    20     2     7
  6.5936398294139650E-02 a      1328     1    20     2     8
  7.1944164097123176E-01 a      1329     1    20     2     9
  3.1793973137506626E-01 a      1330     1    20     2    10
 -2.1895021274052059E-01 a      1331     1    20     2    11
  3.9757831251813786E-01 a      1332     1    20     2    12
 -5.0346046409776612E-01 a      1333     1    20     2    13
  5.6546406916544789E-01 a      1334     1    20     2    14
 -4.0601522820192977E-02 a      1335     1    20     2    15
 -1.7413424503418048E-01 a      1336     1    20     2    16
 -1.3808167469386423E-01 a      1337     1    20     2    17
  2.3234121205313589E-02 a      1338     1    20     2    18
 -3.0838735384753613E-01 a      1339     1    20     2    19
 -1.0722340198803610E+00 a      1340     1    20     2    20
 -4.6485433687837224E-01 b      1341     2     1
  6.6353703446630163E-01 b      1342     2     2
  8.1128250893242360E-01 b      1343     2     3
  1.7464386632014645E-01 b      1344     2     4
 -1.1273450288814451E+00 b      1345     2     5
 -7.0899981532071477E-01 b      1346     2     6
  1.2698074358096287E+00 b      1347     2     7
  1.6944075492326049E+00 b      1348     2     8
  4.2337345770275048E-01 b      1349     2     9
 -8.2604861372264060E-01 b      1350     2    10
  1.3422626586491930E+00 b      1351     2    11
  8.7241854414056019E-01 b      1352     2    12
 -1.4896835462728197E+00 b      1353     2    13
 -3.3226451174470983E-01 b      1354     2    14
  3.8351350118775934E-01 b      1355     2    15
 -3.1749696859471649E-01 b      1356     2    16
  6.4564949590263243E-01 b      1357     2    17
 -4.8274617824192345E-02 b      1358     2    18
  7.4033354937504525E-01 b      1359     2    19
  6.6669695210202373E-01 b      1360     2    20
 -1.8087435797027115E-01 a      1361     2     1     3     1
  3.8952334967875524E-01 a      1362     2     2     3     1
 -8.7701186083967930E-01 a      1363     2     3     3     1
  1.8104561221966414E-01 a      1364     2     4     3     1
 -1.0197522598416549E+00 a      1365     2     5     3     1
 -1.0817277487186736E+00 a      1366     2     6     3     1
  1.5556640668302224E+00 a      1367     2     7     3     1
  6.4077846840504560E-01 a      1368     2     8     3     1
 -1.3302585105547722E+00 a      1369     2     9     3     1
 -1.8741337942953227E+00 a      1370     2    10     3     1
  1.1570073137003405E+00 a      1371     2    11     3     1
 -3.0244432395180260E-01 a      1372     2    12     3     1
 -1.6041093376451738E+00 a      1373     2    13     3     1
  1.2632415348785306E-01 a      1374     2    14     3     1
  4.2095541403776782E-01 a      1375     2    15     3     1
  8.2707052805429948E-01 a      1376     2    16     3     1
  1.9858277384058012E-01 a      1377     2    17     3     1
  3.2034208932962255E-01 a      1378     2    18     3     1
  1.6264687256796642E+00 a      1379     2    19     3     1
  9.5902294567238833E-01 a      1380     2    20     3     1
 -1.0003827956371554E-01 b      1381     3     1
