################################################################################
# Neural network connection values (weights and biases).
################################################################################
# Col  Name       Description
################################################################################
# 1    connection Neural network connection value.
# 2    t          Connection type (a = weight, b = bias).
# 3    index      Index enumerating weights.
# 4    l_s        Starting point layer (end point layer for biases).
# 5    n_s        Starting point neuron in starting layer (end point neuron for biases).
# 6    l_e        End point layer.
# 7    n_e        End point neuron in end layer.
################################################################################
#                      1 2         3     4     5     6     7
#             connection t     index   l_s   n_s   l_e   n_e
############################################################
 -1.3365064111197894E-01 a         1     0     1     1     1
 -2.0718730292023105E-02 a         2     0     1     1     2
  5.4901239719237958E-02 a         3     0     1     1     3
 -1.6941923586366114E-01 a         4     0     1     1     4
  1.2557796825325726E-01 a         5     0     1     1     5
  7.0743754109470480E-02 a         6     0     1     1     6
  1.6532169987119316E-01 a         7     0     1     1     7
 -3.4782473147465875E-01 a         8     0     1     1     8
 -4.7448675954845372E-02 a         9     0     1     1     9
  2.7564967516959998E-01 a        10     0     1     1    10
 -9.0186881429833457E-02 a        11     0     1     1    11
  2.5779703289036653E-03 a        12     0     1     1    12
 -3.0509851905940338E-01 a        13     0     1     1    13
  1.3592390187506767E-01 a        14     0     1     1    14
  2.4499872283577781E-01 a        15     0     1     1    15
 -1.3560371085700271E-01 a        16     0     1     1    16
  1.9573241085182355E-01 a        17     0     1     1    17
 -1.5327324799475986E-01 a        18     0     1     1    18
 -1.4380406559300084E-02 a        19     0     1     1    19
 -8.6799552646300043E-02 a        20     0     1     1    20
 -5.6823236031824986E-02 a        21     0     2     1     1
  1.3769947845986091E-01 a        22     0     2     1     2
 -1.0116098727963115E-01 a        23     0     2     1     3
  1.0409685428154981E-01 a        24     0     2     1     4
 -4.0882318955771224E-01 a        25     0     2     1     5
  2.4031650862568321E-01 a        26     0     2     1     6
  2.2244861121033413E-01 a        27     0     2     1     7
  4.6341342512101466E-02 a        28     0     2     1     8
 -2.5216803383708253E-01 a        29     0     2     1     9
 -1.4533229024128952E-01 a        30     0     2     1    10
 -3.0864011696066074E-01 a        31     0     2     1    11
  2.4177099316657369E-01 a        32     0     2     1    12
 -4.2674943297905658E-02 a        33     0     2     1    13
  1.0415152743444411E-02 a        34     0     2     1    14
  1.9988758998867953E-01 a        35     0     2     1    15
 -9.3774966088965697E-02 a        36     0     2     1    16
  1.6950698425289187E-01 a        37     0     2     1    17
 -3.7645984155252998E-01 a        38     0     2     1    18
  4.3596132530810366E-01 a        39     0     2     1    19
  2.9939081670527895E-01 a        40     0     2     1    20
  1.0683126215318448E-01 a        41     0     3     1     1
  1.7264084582941600E-01 a        42     0     3     1     2
  2.5874817739378142E-01 a        43     0     3     1     3
  1.5632624934337774E-01 a        44     0     3     1     4
 -2.8333506406316659E-02 a        45     0     3     1     5
 -7.3474518864656196E-02 a        46     0     3     1     6
  2.7033565530408993E-01 a        47     0     3     1     7
 -2.0388401197723249E-01 a        48     0     3     1     8
  1.6616354029067007E-01 a        49     0     3     1     9
  2.9400136389453430E-01 a        50     0     3     1    10
  3.6951193890308326E-01 a        51     0     3     1    11
 -4.3916167300096003E-02 a        52     0     3     1    12
  5.0081493479801863E-02 a        53     0     3     1    13
 -3.9629270756374173E-02 a        54     0     3     1    14
  1.1507681436528902E-01 a        55     0     3     1    15
  2.0900474663530516E-01 a        56     0     3     1    16
  1.0970401103305963E-01 a        57     0     3     1    17
 -1.5511339388636924E-01 a        58     0     3     1    18
 -2.0454247764762571E-02 a        59     0     3     1    19
  2.9237936574536584E-02 a        60     0     3     1    20
  4.0598290951762211E-01 a        61     0     4     1     1
  4.1513018255583345E-01 a        62     0     4     1     2
 -2.9739445757920556E-02 a        63     0     4     1     3
 -6.0842521171358263E-03 a        64     0     4     1     4
 -1.8701471482182994E-01 a        65     0     4     1     5
 -1.8895122390604244E-01 a        66     0     4     1     6
 -3.8884695256359264E-01 a        67     0     4     1     7
  4.1085502422182951E-01 a        68     0     4     1     8
  7.3848896451266299E-02 a        69     0     4     1     9
  2.0280052826010326E-02 a        70     0     4     1    10
  5.8481379518171039E-01 a        71     0     4     1    11
 -1.1260003382777292E-01 a        72     0     4     1    12
 -2.5097180346813752E-01 a        73     0     4     1    13
  4.8758397400195046E-02 a        74     0     4     1    14
 -2.8314303614109548E-01 a        75     0     4     1    15
 -6.5921685861787871E-02 a        76     0     4     1    16
 -1.8445487274453654E-01 a        77     0     4     1    17
  6.9614072607756969E-02 a        78     0     4     1    18
  1.7522511703897990E-02 a        79     0     4     1    19
 -1.5365222853548965E-01 a        80     0     4     1    20
 -7.0115677727366460E-02 a        81     0     5     1     1
 -2.5828836341097533E-01 a        82     0     5     1     2
 -1.9511490798317369E-01 a        83     0     5     1     3
 -6.6565054903036699E-02 a        84     0     5     1     4
  2.8538908228236365E-01 a        85     0     5     1     5
  5.2089033920205741E-01 a        86     0     5     1     6
 -4.8678329293538031E-01 a        87     0     5     1     7
 -1.0746007133037763E-01 a        88     0     5     1     8
  2.2811092767423249E-01 a        89     0     5     1     9
 -3.7020635145767500E-01 a        90     0     5     1    10
 -1.2625653588827060E-01 a        91     0     5     1    11
 -1.8696388473889904E-02 a        92     0     5     1    12
 -1.3565552849592500E-02 a        93     0     5     1    13
 -2.7910129882089435E-01 a        94     0     5     1    14
 -5.4626480099420427E-01 a        95     0     5     1    15
  7.7187265141826067E-01 a        96     0     5     1    16
 -3.1247449996174132E-03 a        97     0     5     1    17
  5.0635176212568279E-02 a        98     0     5     1    18
 -1.0167933960247250E-01 a        99     0     5     1    19
  9.8850136656604637E-02 a       100     0     5     1    20
 -2.6223183850029363E-01 a       101     0     6     1     1
 -1.9175873588800757E-01 a       102     0     6     1     2
 -2.8360230376565210E-01 a       103     0     6     1     3
  1.0623576469685869E-01 a       104     0     6     1     4
  6.9072388121799599E-01 a       105     0     6     1     5
 -1.9020060116620829E-01 a       106     0     6     1     6
 -4.2639836194926117E-01 a       107     0     6     1     7
 -1.0269910411212429E-02 a       108     0     6     1     8
 -1.8691919194662998E-01 a       109     0     6     1     9
 -8.2604382749047415E-03 a       110     0     6     1    10
  1.4610588499138760E-01 a       111     0     6     1    11
 -1.0134815356573884E-01 a       112     0     6     1    12
  4.0695133273132794E-01 a       113     0     6     1    13
  5.9108353315567047E-02 a       114     0     6     1    14
 -6.6587680035155666E-02 a       115     0     6     1    15
  8.1092933985798343E-01 a       116     0     6     1    16
 -4.0273446589482614E-01 a       117     0     6     1    17
  7.4553099156279182E-02 a       118     0     6     1    18
  2.2385144892271691E-01 a       119     0     6     1    19
 -2.5812499097410985E-01 a       120     0     6     1    20
 -1.4731287838056445E-01 a       121     0     7     1     1
 -2.0463398234602220E-01 a       122     0     7     1     2
 -3.0524770682553062E-02 a       123     0     7     1     3
  1.5910582123222319E-01 a       124     0     7     1     4
 -2.1510689983665753E-02 a       125     0     7     1     5
  2.2672428710549866E-01 a       126     0     7     1     6
 -2.2233359963974061E-02 a       127     0     7     1     7
 -1.3947289098885360E-01 a       128     0     7     1     8
  1.2021390787768078E-01 a       129     0     7     1     9
  2.9850562920408687E-02 a       130     0     7     1    10
 -9.7900924848462537E-03 a       131     0     7     1    11
 -2.3017629077656840E-01 a       132     0     7     1    12
 -7.4547342522780127E-02 a       133     0     7     1    13
 -6.8037773311007976E-01 a       134     0     7     1    14
 -1.1900446178928234E-01 a       135     0     7     1    15
  1.7950322737510715E-01 a       136     0     7     1    16
 -3.4023651612003147E-01 a       137     0     7     1    17
 -1.4216334513000221E-02 a       138     0     7     1    18
  2.5820328445374052E-01 a       139     0     7     1    19
  2.5799208384877309E-01 a       140     0     7     1    20
  1.2610438217848477E-01 a       141     0     8     1     1
  5.2317258162665559E-01 a       142     0     8     1     2
  1.9417609193184515E-01 a       143     0     8     1     3
 -1.2040712603504521E-01 a       144     0     8     1     4
 -6.3640866723089706E-01 a       145     0     8     1     5
 -3.7295104164100412E-01 a       146     0     8     1     6
  2.8690765305925947E-01 a       147     0     8     1     7
  3.4177675147577780E-01 a       148     0     8     1     8
 -1.6358918531415200E-02 a       149     0     8     1     9
 -1.5445886808501719E-01 a       150     0     8     1    10
  2.5481510798137458E-01 a       151     0     8     1    11
  2.4500418414174274E-01 a       152     0     8     1    12
 -1.4781576846434132E-02 a       153     0     8     1    13
  1.5518605056351684E-01 a       154     0     8     1    14
  6.4851124523835624E-02 a       155     0     8     1    15
 -6.8439243043939779E-02 a       156     0     8     1    16
  1.0846507123031074E-01 a       157     0     8     1    17
 -1.6590834057464091E-01 a       158     0     8     1    18
  2.0609703746485519E-01 a       159     0     8     1    19
 -2.0118024565010573E-01 a       160     0     8     1    20
 -1.6064296060752917E-01 a       161     0     9     1     1
  4.0990224373049139E-01 a       162     0     9     1     2
  1.0001440291383856E-01 a       163     0     9     1     3
  1.5907386340888136E-01 a       164     0     9     1     4
  1.1571316017578183E-01 a       165     0     9     1     5
  2.4249044376337953E-01 a       166     0     9     1     6
 -2.1951878358038016E-01 a       167     0     9     1     7
 -1.1377035562578248E-01 a       168     0     9     1     8
  1.2342323938096020E-01 a       169     0     9     1     9
  3.8943556429140935E-02 a       170     0     9     1    10
 -1.8382008126309396E-01 a       171     0     9     1    11
 -6.2359557183826064E-01 a       172     0     9     1    12
  1.2922900020167946E-01 a       173     0     9     1    13
 -1.6004279697619705E-01 a       174     0     9     1    14
 -1.3392768432231228E-01 a       175     0     9     1    15
  2.5942332472873691E-01 a       176     0     9     1    16
  4.5681730563949857E-01 a       177     0     9     1    17
 -3.8486092881903189E-02 a       178     0     9     1    18
 -3.5678549274282212E-01 a       179     0     9     1    19
 -1.2640235945296174E-01 a       180     0     9     1    20
  1.3153625425143065E-01 a       181     0    10     1     1
  4.6114131677753972E-01 a       182     0    10     1     2
  3.8224852605790799E-01 a       183     0    10     1     3
 -2.1590149501476036E-01 a       184     0    10     1     4
  1.9128427623528987E-01 a       185     0    10     1     5
 -3.9171137983881221E-01 a       186     0    10     1     6
 -4.6450154741500227E-01 a       187     0    10     1     7
  3.8816313612747660E-01 a       188     0    10     1     8
 -7.9711447141724817E-02 a       189     0    10     1     9
  2.2747220703966373E-01 a       190     0    10     1    10
  1.8547249021134782E-01 a       191     0    10     1    11
 -2.9991271174168105E-01 a       192     0    10     1    12
 -1.1085183513542407E-01 a       193     0    10     1    13
  1.0567745259421386E-01 a       194     0    10     1    14
  2.8418306433434881E-01 a       195     0    10     1    15
  2.7318476838570943E-01 a       196     0    10     1    16
 -1.1431967353520189E-01 a       197     0    10     1    17
 -2.8001571010471371E-01 a       198     0    10     1    18
  1.2029795688847439E-01 a       199     0    10     1    19
 -2.6913726258149623E-01 a       200     0    10     1    20
  1.9872388704787100E-01 a       201     0    11     1     1
 -1.8993859669891883E-01 a       202     0    11     1     2
 -2.1329319077282474E-01 a       203     0    11     1     3
 -1.2033172803496756E-01 a       204     0    11     1     4
  9.7528092363040345E-02 a       205     0    11     1     5
 -1.0946779825597441E-01 a       206     0    11     1     6
  3.1375855916048945E-01 a       207     0    11     1     7
 -1.8119852743577530E-01 a       208     0    11     1     8
  7.0623040547661858E-02 a       209     0    11     1     9
  6.3784746232581652E-02 a       210     0    11     1    10
  3.9287256603747289E-01 a       211     0    11     1    11
  3.8105521975385553E-01 a       212     0    11     1    12
 -6.0297421330699874E-01 a       213     0    11     1    13
  4.4555514291655406E-02 a       214     0    11     1    14
 -3.0440268187957670E-01 a       215     0    11     1    15
  6.9739922845778402E-02 a       216     0    11     1    16
 -4.0437135549573738E-01 a       217     0    11     1    17
 -3.3817407621769335E-01 a       218     0    11     1    18
  7.0280692925214786E-02 a       219     0    11     1    19
  3.2977041871306245E-01 a       220     0    11     1    20
  2.0782034801048746E-02 a       221     0    12     1     1
 -6.4675175824553899E-01 a       222     0    12     1     2
 -1.4671234783130177E-01 a       223     0    12     1     3
  8.5391608612498920E-02 a       224     0    12     1     4
 -1.0208943972599992E-01 a       225     0    12     1     5
  1.0531839935641550E-01 a       226     0    12     1     6
 -1.0489183946099961E-01 a       227     0    12     1     7
 -5.9625063433105918E-02 a       228     0    12     1     8
 -2.1978152468102391E-02 a       229     0    12     1     9
  3.1148427476847498E-02 a       230     0    12     1    10
 -7.0430817344083782E-02 a       231     0    12     1    11
  1.9367104760411902E-01 a       232     0    12     1    12
 -3.8694788216013054E-01 a       233     0    12     1    13
 -8.2848336903169811E-02 a       234     0    12     1    14
  8.0116612598120598E-02 a       235     0    12     1    15
  8.6480903194040032E-02 a       236     0    12     1    16
  9.8945936797677700E-03 a       237     0    12     1    17
 -8.0564934981419173E-02 a       238     0    12     1    18
 -3.8056444655521227E-01 a       239     0    12     1    19
  5.0122649167008426E-01 a       240     0    12     1    20
 -4.2787834360263635E-02 a       241     0    13     1     1
 -1.9458835766912627E-01 a       242     0    13     1     2
 -2.3672941647539334E-02 a       243     0    13     1     3
  2.0048987854996222E-01 a       244     0    13     1     4
  3.9508953590064855E-01 a       245     0    13     1     5
  2.0710364114076585E-01 a       246     0    13     1     6
 -1.6636652651675046E-01 a       247     0    13     1     7
 -1.0071941293303383E-01 a       248     0    13     1     8
 -2.7471309185363407E-01 a       249     0    13     1     9
 -1.0906731040383577E-01 a       250     0    13     1    10
 -6.1731771458662321E-02 a       251     0    13     1    11
  1.5958444908977163E-02 a       252     0    13     1    12
  2.5869917859757799E-02 a       253     0    13     1    13
 -1.6254070819688546E-01 a       254     0    13     1    14
 -6.2005633180432097E-02 a       255     0    13     1    15
  5.1902398590011535E-02 a       256     0    13     1    16
 -6.7056579933225613E-01 a       257     0    13     1    17
 -1.5791636437481496E-01 a       258     0    13     1    18
 -8.7999393879248947E-02 a       259     0    13     1    19
 -1.5424518098680240E-01 a       260     0    13     1    20
  2.1915009364654697E-01 a       261     0    14     1     1
  1.0726774422822942E-01 a       262     0    14     1     2
 -1.6245024876660516E-01 a       263     0    14     1     3
 -7.8740759276681893E-02 a       264     0    14     1     4
 -4.6251562188714221E-02 a       265     0    14     1     5
 -2.9276347696544042E-01 a       266     0    14     1     6
 -1.7592713845974031E-01 a       267     0    14     1     7
  1.8429765216569589E-02 a       268     0    14     1     8
  2.5131877769838296E-01 a       269     0    14     1     9
  1.8190122217961324E-01 a       270     0    14     1    10
  6.5132410506839289E-01 a       271     0    14     1    11
  1.5970275910987189E-01 a       272     0    14     1    12
  3.6863247243790298E-01 a       273     0    14     1    13
  2.8214820216853675E-01 a       274     0    14     1    14
 -1.3955823956999996E-01 a       275     0    14     1    15
  4.5598759113985105E-01 a       276     0    14     1    16
 -2.6407130386118999E-01 a       277     0    14     1    17
 -3.3711078826896779E-01 a       278     0    14     1    18
 -3.3648778086362624E-01 a       279     0    14     1    19
  3.0339637086362703E-01 a       280     0    14     1    20
 -2.7844268286178536E-01 a       281     0    15     1     1
 -1.8376819606606334E-01 a       282     0    15     1     2
 -1.3903243504894836E-01 a       283     0    15     1     3
 -9.6538968358148028E-02 a       284     0    15     1     4
  4.9778840442377947E-01 a       285     0    15     1     5
 -2.0382796513891779E-01 a       286     0    15     1     6
  2.4179061380815425E-01 a       287     0    15     1     7
 -3.9639347560396568E-02 a       288     0    15     1     8
  1.9633765154966415E-01 a       289     0    15     1     9
  1.6768539018883963E-01 a       290     0    15     1    10
  1.5259275210760101E-01 a       291     0    15     1    11
  3.1430374050981286E-01 a       292     0    15     1    12
  1.9484451735349168E-01 a       293     0    15     1    13
  3.1277612143991801E-01 a       294     0    15     1    14
 -7.8425471668188848E-02 a       295     0    15     1    15
 -1.3519718632352819E-02 a       296     0    15     1    16
 -1.7225144973778993E-02 a       297     0    15     1    17
 -3.4882266355927886E-02 a       298     0    15     1    18
  1.5883141863562908E-01 a       299     0    15     1    19
 -4.1147334913837441E-01 a       300     0    15     1    20
 -9.6246268774725849E-03 a       301     0    16     1     1
  2.2509558103454530E-01 a       302     0    16     1     2
  1.6302859719224633E-01 a       303     0    16     1     3
 -7.0703244783416053E-01 a       304     0    16     1     4
 -2.1117935106580712E-01 a       305     0    16     1     5
 -3.9163121542704390E-02 a       306     0    16     1     6
  2.0129480435713443E-01 a       307     0    16     1     7
 -3.4608590474201589E-01 a       308     0    16     1     8
 -2.9220495713689704E-01 a       309     0    16     1     9
 -2.2496954333273644E-01 a       310     0    16     1    10
 -5.6887667897102134E-01 a       311     0    16     1    11
 -1.8171814637752778E-01 a       312     0    16     1    12
 -1.6144341183278893E-01 a       313     0    16     1    13
 -1.4635266060628163E-01 a       314     0    16     1    14
 -9.3193138432902653E-02 a       315     0    16     1    15
 -2.8528811536744242E-01 a       316     0    16     1    16
 -2.8008484222007962E-01 a       317     0    16     1    17
  2.3498669313557302E-01 a       318     0    16     1    18
  1.3226184357925135E+00 a       319     0    16     1    19
  1.1423224912653667E+00 a       320     0    16     1    20
 -5.9788013339612212E-01 a       321     0    17     1     1
 -1.9678114614536726E-01 a       322     0    17     1     2
 -4.0883611140213764E-02 a       323     0    17     1     3
  2.9096803382241193E-01 a       324     0    17     1     4
 -1.0424336722819460E-02 a       325     0    17     1     5
 -6.7326895925472016E-02 a       326     0    17     1     6
 -1.3177532462629957E-01 a       327     0    17     1     7
  3.9805206444168578E-01 a       328     0    17     1     8
 -5.0049020053388946E-02 a       329     0    17     1     9
  6.6754728302348382E-02 a       330     0    17     1    10
  9.0089714312749791E-01 a       331     0    17     1    11
 -3.3681665064025368E-01 a       332     0    17     1    12
  2.9450083584040079E-02 a       333     0    17     1    13
  1.7425241309292308E-01 a       334     0    17     1    14
  2.1203599013603769E-01 a       335     0    17     1    15
 -3.5647251511472483E-01 a       336     0    17     1    16
  2.0605172355694931E-01 a       337     0    17     1    17
  2.9395138863407655E-01 a       338     0    17     1    18
 -1.1565379949469610E+00 a       339     0    17     1    19
 -9.2001198111464677E-01 a       340     0    17     1    20
  2.8969661684885389E-01 a       341     0    18     1     1
  5.1831018743162671E-01 a       342     0    18     1     2
  6.7937322992628196E-02 a       343     0    18     1     3
 -9.2961880028405268E-03 a       344     0    18     1     4
  2.3748378923229274E-01 a       345     0    18     1     5
 -2.6645405152282720E-01 a       346     0    18     1     6
  2.4290447073400590E-01 a       347     0    18     1     7
 -9.0269356563377878E-03 a       348     0    18     1     8
  2.0886767125939966E-03 a       349     0    18     1     9
  5.7658070503455006E-01 a       350     0    18     1    10
  4.2722592316654061E-02 a       351     0    18     1    11
 -1.9486919980204492E-01 a       352     0    18     1    12
  8.8840282953879079E-01 a       353     0    18     1    13
  5.4688835296734191E-02 a       354     0    18     1    14
  5.2320047369162082E-01 a       355     0    18     1    15
  4.1574156786901967E-01 a       356     0    18     1    16
  3.6421258765241316E-01 a       357     0    18     1    17
 -3.7480523142098177E-01 a       358     0    18     1    18
  1.0015122711941059E-01 a       359     0    18     1    19
 -2.9940852557693909E-01 a       360     0    18     1    20
 -8.5323146659196950E-02 a       361     0    19     1     1
  2.4264971020759203E-02 a       362     0    19     1     2
 -3.6088265863106733E-01 a       363     0    19     1     3
  3.3551999846969127E-01 a       364     0    19     1     4
  3.4428066829836276E-02 a       365     0    19     1     5
  3.9311383397761157E-01 a       366     0    19     1     6
 -6.6911590301060775E-01 a       367     0    19     1     7
  7.6748153676704164E-02 a       368     0    19     1     8
  2.2676889833629374E-01 a       369     0    19     1     9
 -4.4665239962128367E-01 a       370     0    19     1    10
 -4.4641318252692774E-01 a       371     0    19     1    11
  1.3436060660710450E-01 a       372     0    19     1    12
 -8.3339961248564320E-01 a       373     0    19     1    13
 -2.6297356382877951E-01 a       374     0    19     1    14
  1.2414084475926142E-01 a       375     0    19     1    15
 -3.4652320577772500E-01 a       376     0    19     1    16
 -4.5393274145955442E-01 a       377     0    19     1    17
 -8.7022088380818807E-01 a       378     0    19     1    18
  9.4369905509497906E-02 a       379     0    19     1    19
  2.5840893318547453E-01 a       380     0    19     1    20
  6.3463415951695204E-02 a       381     0    20     1     1
 -3.6918176063368197E-01 a       382     0    20     1     2
  3.3437816843875395E-01 a       383     0    20     1     3
  3.1187918314638879E-01 a       384     0    20     1     4
 -2.8163657799113262E-01 a       385     0    20     1     5
 -5.0294720309612839E-01 a       386     0    20     1     6
  6.3376438749195707E-01 a       387     0    20     1     7
 -9.5258239661134211E-02 a       388     0    20     1     8
  4.3504678544777070E-01 a       389     0    20     1     9
  4.7789135251999271E-01 a       390     0    20     1    10
  6.6477676914769046E-01 a       391     0    20     1    11
  6.0583386390692669E-02 a       392     0    20     1    12
 -1.1676659441025858E-01 a       393     0    20     1    13
 -9.2024657313186084E-02 a       394     0    20     1    14
 -2.2789316968651660E-01 a       395     0    20     1    15
  5.3487443056044781E-01 a       396     0    20     1    16
  4.8226621897675920E-01 a       397     0    20     1    17
 -3.9773789395630249E-01 a       398     0    20     1    18
 -5.2814273831897895E-01 a       399     0    20     1    19
 -8.2492781473200646E-02 a       400     0    20     1    20
  3.7292326800697745E-01 a       401     0    21     1     1
 -1.8364857010197524E-01 a       402     0    21     1     2
 -1.8965774886874738E-02 a       403     0    21     1     3
 -1.8042591080634027E-01 a       404     0    21     1     4
  1.3300022341988346E-01 a       405     0    21     1     5
 -9.3213256713062548E-02 a       406     0    21     1     6
 -2.9629555845800309E-01 a       407     0    21     1     7
  5.3774901166142342E-01 a       408     0    21     1     8
 -4.4647660018374731E-02 a       409     0    21     1     9
  6.0790457949528157E-02 a       410     0    21     1    10
 -5.9501256749312359E-01 a       411     0    21     1    11
  3.5467688912798535E-02 a       412     0    21     1    12
  3.3567476652526557E-01 a       413     0    21     1    13
  5.5546942360481222E-01 a       414     0    21     1    14
 -2.4020594955970262E-01 a       415     0    21     1    15
  1.8197158158813909E-01 a       416     0    21     1    16
 -3.5296209516695337E-01 a       417     0    21     1    17
 -1.2634233626797584E-01 a       418     0    21     1    18
  1.4054161937647891E-01 a       419     0    21     1    19
  3.2224319478239855E-01 a       420     0    21     1    20
  2.4334543794750346E-01 a       421     0    22     1     1
 -2.3833243114832853E-01 a       422     0    22     1     2
  5.0799670431716598E-02 a       423     0    22     1     3
 -2.1389739652493509E-01 a       424     0    22     1     4
  2.6721669001017373E-01 a       425     0    22     1     5
  4.4126835837746714E-01 a       426     0    22     1     6
 -5.3286971559677498E-01 a       427     0    22     1     7
 -2.8673097166959427E-01 a       428     0    22     1     8
  2.3830026561377227E-01 a       429     0    22     1     9
 -2.0637300715631715E-01 a       430     0    22     1    10
  1.7338221220796469E-02 a       431     0    22     1    11
  2.3046441790459890E-01 a       432     0    22     1    12
 -3.9111605013892570E-01 a       433     0    22     1    13
 -2.0508542923273018E-01 a       434     0    22     1    14
 -8.7918023431648493E-02 a       435     0    22     1    15
 -4.3755790553617696E-02 a       436     0    22     1    16
  4.2434149966159862E-01 a       437     0    22     1    17
 -2.6467239134958030E-03 a       438     0    22     1    18
 -1.1603758179703980E-01 a       439     0    22     1    19
  4.2464328703429088E-01 a       440     0    22     1    20
 -3.8411905806391494E-01 a       441     0    23     1     1
 -3.4593031514090861E-01 a       442     0    23     1     2
 -1.4927442307668551E-01 a       443     0    23     1     3
 -1.0028448604873313E-01 a       444     0    23     1     4
 -2.7836275245904046E-01 a       445     0    23     1     5
 -1.2941489759190344E-01 a       446     0    23     1     6
 -4.8670398342284477E-01 a       447     0    23     1     7
 -5.5035302420294552E-01 a       448     0    23     1     8
 -4.6545794179741018E-01 a       449     0    23     1     9
 -8.3225292936679213E-02 a       450     0    23     1    10
  2.4656049088005855E-04 a       451     0    23     1    11
  1.4734907003834813E-01 a       452     0    23     1    12
  4.7684253945132543E-01 a       453     0    23     1    13
  1.2842886877624521E-01 a       454     0    23     1    14
 -1.6689871065173975E-01 a       455     0    23     1    15
  4.2178299603344196E-02 a       456     0    23     1    16
  3.8807307389681289E-01 a       457     0    23     1    17
  3.0586224859266048E-01 a       458     0    23     1    18
 -4.1337015393771370E-01 a       459     0    23     1    19
 -3.4911486689989157E-01 a       460     0    23     1    20
 -2.2516540755553682E-01 a       461     0    24     1     1
  2.7086045798951036E-01 a       462     0    24     1     2
 -2.9161584495612797E-01 a       463     0    24     1     3
 -6.9298304574133357E-02 a       464     0    24     1     4
 -1.4125199052053553E-01 a       465     0    24     1     5
 -6.3608646759690884E-02 a       466     0    24     1     6
 -1.0530441746440126E-01 a       467     0    24     1     7
 -5.6945352481188968E-02 a       468     0    24     1     8
  1.2991537045047349E-01 a       469     0    24     1     9
 -1.4827857095680594E-01 a       470     0    24     1    10
  2.5131687141705444E-01 a       471     0    24     1    11
  3.3219491041853633E-01 a       472     0    24     1    12
  2.6364198092889791E-02 a       473     0    24     1    13
  3.4485668538057783E-02 a       474     0    24     1    14
 -3.6188736767440949E-01 a       475     0    24     1    15
  3.0831264161644018E-01 a       476     0    24     1    16
  1.7380694467958976E-02 a       477     0    24     1    17
 -1.0318477910804731E-01 a       478     0    24     1    18
  3.6424261572247152E-02 a       479     0    24     1    19
  2.2766293678776275E-01 a       480     0    24     1    20
 -1.7250084407868893E-01 a       481     0    25     1     1
 -7.6369875367548945E-01 a       482     0    25     1     2
  4.0250376841608093E-01 a       483     0    25     1     3
 -2.2285465792282441E-01 a       484     0    25     1     4
  9.1524655233724717E-01 a       485     0    25     1     5
 -1.1083356935235509E+00 a       486     0    25     1     6
  3.8097674025024481E-01 a       487     0    25     1     7
 -5.2622984464060707E-01 a       488     0    25     1     8
  2.3125382387469548E-01 a       489     0    25     1     9
 -1.2794066646210710E-02 a       490     0    25     1    10
 -4.3749006464742868E-01 a       491     0    25     1    11
  4.3407920921615545E-01 a       492     0    25     1    12
  3.0675789610567833E-01 a       493     0    25     1    13
  2.4215333050482549E-01 a       494     0    25     1    14
 -3.4622158604991810E-01 a       495     0    25     1    15
 -1.8774821519202181E-01 a       496     0    25     1    16
  2.1000818088935960E-01 a       497     0    25     1    17
  5.7587094178724396E-01 a       498     0    25     1    18
 -2.7667173458870892E-01 a       499     0    25     1    19
  1.1278053155811599E-01 a       500     0    25     1    20
 -1.8906527494078357E-01 a       501     0    26     1     1
  4.9070298983356253E-01 a       502     0    26     1     2
  2.5907960574109928E-01 a       503     0    26     1     3
 -2.2847524483708381E-01 a       504     0    26     1     4
  2.4864449002991723E-01 a       505     0    26     1     5
 -4.0163515434647462E-01 a       506     0    26     1     6
  2.7157488059244073E-01 a       507     0    26     1     7
 -1.7440811170741141E-01 a       508     0    26     1     8
  1.9105573528936518E-01 a       509     0    26     1     9
 -4.1933095187125913E-01 a       510     0    26     1    10
 -2.4755842629112379E-01 a       511     0    26     1    11
  4.4942261573952168E-02 a       512     0    26     1    12
  1.6661914126763593E-02 a       513     0    26     1    13
  1.7921130485315462E-01 a       514     0    26     1    14
  9.9307977628800018E-02 a       515     0    26     1    15
  1.1947026447630402E-01 a       516     0    26     1    16
  1.6773733044187009E-01 a       517     0    26     1    17
 -4.7786480113095019E-02 a       518     0    26     1    18
  3.1980619121799968E-03 a       519     0    26     1    19
 -3.4180494441945730E-01 a       520     0    26     1    20
 -1.4434661795377599E-02 a       521     0    27     1     1
 -4.2379086283101858E-02 a       522     0    27     1     2
 -4.0706907503024453E-01 a       523     0    27     1     3
  2.2563929426484711E-01 a       524     0    27     1     4
 -2.3357906598216464E-02 a       525     0    27     1     5
  7.2677393081927899E-01 a       526     0    27     1     6
 -2.7439989729724856E-01 a       527     0    27     1     7
 -4.6393012662790140E-01 a       528     0    27     1     8
  1.9150728914972218E-01 a       529     0    27     1     9
  1.7206704932392514E-01 a       530     0    27     1    10
  1.4906995287210123E-01 a       531     0    27     1    11
  2.3627659170134069E-01 a       532     0    27     1    12
 -1.2717053545870214E-02 a       533     0    27     1    13
  9.7261071904629348E-02 a       534     0    27     1    14
 -1.8998939747486354E-01 a       535     0    27     1    15
 -5.7405725506707761E-01 a       536     0    27     1    16
 -6.7146592319626913E-02 a       537     0    27     1    17
 -1.3703263098080692E-01 a       538     0    27     1    18
 -4.0928722010387336E-01 a       539     0    27     1    19
 -3.4539753926267575E-01 a       540     0    27     1    20
 -1.8557331062789473E-01 a       541     0    28     1     1
 -7.4818560596098052E-02 a       542     0    28     1     2
 -2.3090363531411695E-02 a       543     0    28     1     3
  8.6433782401483694E-02 a       544     0    28     1     4
  1.0872591123097786E-01 a       545     0    28     1     5
  4.5659674994627648E-02 a       546     0    28     1     6
 -6.3883692199459705E-02 a       547     0    28     1     7
  2.5267833439532628E-01 a       548     0    28     1     8
 -8.4657174912023736E-02 a       549     0    28     1     9
 -2.8269373954757371E-01 a       550     0    28     1    10
 -1.7092121977332828E-01 a       551     0    28     1    11
  1.7455567440977014E-02 a       552     0    28     1    12
 -2.5490185561783185E-01 a       553     0    28     1    13
 -9.4610470511388073E-02 a       554     0    28     1    14
 -6.0917537340416696E-02 a       555     0    28     1    15
  2.1764405421968464E-01 a       556     0    28     1    16
 -3.1700132047490592E-01 a       557     0    28     1    17
  4.7189188419303435E-01 a       558     0    28     1    18
  4.0044162804803794E-02 a       559     0    28     1    19
  1.1693420620450547E-01 a       560     0    28     1    20
 -3.7638738740967397E-02 a       561     0    29     1     1
  3.2413915493970902E-01 a       562     0    29     1     2
 -8.1702408763403095E-02 a       563     0    29     1     3
 -1.6868910931528178E-01 a       564     0    29     1     4
  6.2317503904727756E-01 a       565     0    29     1     5
  3.2368106699694743E-01 a       566     0    29     1     6
 -3.7270483427448375E-01 a       567     0    29     1     7
  1.4174204859366421E-01 a       568     0    29     1     8
 -2.4001315680367113E-01 a       569     0    29     1     9
 -7.1558776267951832E-02 a       570     0    29     1    10
  1.6415164098211801E-01 a       571     0    29     1    11
 -5.5621063298868267E-01 a       572     0    29     1    12
  3.9758298987659013E-01 a       573     0    29     1    13
  7.8265932762660839E-01 a       574     0    29     1    14
  3.3155945725128377E-01 a       575     0    29     1    15
  7.8427781435636029E-02 a       576     0    29     1    16
  8.6310093530844512E-02 a       577     0    29     1    17
 -5.0549905291282185E-02 a       578     0    29     1    18
 -3.0035426909462465E-01 a       579     0    29     1    19
  5.1371083751882463E-01 a       580     0    29     1    20
  3.3157024099256016E-01 a       581     0    30     1     1
 -1.5841499388752508E-02 a       582     0    30     1     2
 -2.3050699479334635E-01 a       583     0    30     1     3
 -1.5684104225768497E-01 a       584     0    30     1     4
 -2.1076574489675132E-01 a       585     0    30     1     5
  1.9043754050184714E-02 a       586     0    30     1     6
  4.3202048942350080E-01 a       587     0    30     1     7
  1.0615581625927614E-01 a       588     0    30     1     8
 -1.6796714919964364E-01 a       589     0    30     1     9
  1.4329954809427414E-03 a       590     0    30     1    10
  2.4762159783445370E-02 a       591     0    30     1    11
 -1.3082338563901430E-01 a       592     0    30     1    12
 -4.6328997963987395E-01 a       593     0    30     1    13
 -2.7586742848661078E-01 a       594     0    30     1    14
 -3.0559427388918339E-02 a       595     0    30     1    15
 -1.8579973748496911E-01 a       596     0    30     1    16
  1.2788890072221576E-01 a       597     0    30     1    17
  1.3538420321126626E-01 a       598     0    30     1    18
 -1.7170388985261656E-01 a       599     0    30     1    19
  2.6034877987603299E-02 a       600     0    30     1    20
  2.6828580590611689E-02 a       601     0    31     1     1
  1.1044134127353346E-01 a       602     0    31     1     2
  1.1784329326946542E-01 a       603     0    31     1     3
  7.2720037629724690E-02 a       604     0    31     1     4
 -7.0333300904860196E-01 a       605     0    31     1     5
 -2.5182200732239746E-01 a       606     0    31     1     6
  2.6641310744990676E-01 a       607     0    31     1     7
  2.7398038324125690E-01 a       608     0    31     1     8
  4.1622731774936456E-01 a       609     0    31     1     9
  1.8522214519312574E-01 a       610     0    31     1    10
 -2.0809136157107166E-01 a       611     0    31     1    11
 -1.0022561979697037E-01 a       612     0    31     1    12
 -1.2252663639824676E-01 a       613     0    31     1    13
 -1.1004498342027724E-01 a       614     0    31     1    14
 -4.9991494011097837E-01 a       615     0    31     1    15
  2.9408890951145999E-01 a       616     0    31     1    16
  4.9305458729000817E-01 a       617     0    31     1    17
  1.2014444781991414E-01 a       618     0    31     1    18
  1.7045536152239985E-01 a       619     0    31     1    19
 -1.0330014633361877E-01 a       620     0    31     1    20
 -4.5416980935969864E-01 a       621     0    32     1     1
  2.3251000881945658E-01 a       622     0    32     1     2
  9.6498199567325582E-02 a       623     0    32     1     3
 -3.7197715717922247E-01 a       624     0    32     1     4
 -7.3875299244480150E-02 a       625     0    32     1     5
  1.1789569860830129E-02 a       626     0    32     1     6
  3.6856866830617847E-02 a       627     0    32     1     7
 -3.1185809817449894E-02 a       628     0    32     1     8
 -8.9946828881696597E-02 a       629     0    32     1     9
  1.7128433895580034E-01 a       630     0    32     1    10
 -4.5491003415202913E-01 a       631     0    32     1    11
 -5.9562954896333238E-02 a       632     0    32     1    12
 -1.5264106816954900E-01 a       633     0    32     1    13
  1.3899096064588806E-01 a       634     0    32     1    14
 -1.6133088466396381E-01 a       635     0    32     1    15
 -1.6404602013956746E-01 a       636     0    32     1    16
  5.7772772543996753E-01 a       637     0    32     1    17
 -9.7989482025987160E-02 a       638     0    32     1    18
  8.1454004944321784E-02 a       639     0    32     1    19
 -5.2073706125621877E-01 a       640     0    32     1    20
 -1.3215809191231959E-01 a       641     0    33     1     1
  1.1976766254215276E-01 a       642     0    33     1     2
 -3.2531094117807619E-01 a       643     0    33     1     3
 -2.6263881981926357E-01 a       644     0    33     1     4
  2.2609682245649582E-01 a       645     0    33     1     5
 -4.7135007962491295E-02 a       646     0    33     1     6
  2.5086946507346114E-01 a       647     0    33     1     7
 -2.6487337510321807E-01 a       648     0    33     1     8
 -1.4592917368513686E-01 a       649     0    33     1     9
 -1.7885564361412559E-01 a       650     0    33     1    10
 -2.2205696240542411E-01 a       651     0    33     1    11
  2.0089063762629250E-01 a       652     0    33     1    12
 -3.0116411780448116E-01 a       653     0    33     1    13
 -2.8002103351553598E-01 a       654     0    33     1    14
  8.2026710833405703E-01 a       655     0    33     1    15
  9.1249098124782907E-02 a       656     0    33     1    16
  1.5545588201972776E-01 a       657     0    33     1    17
  2.0026088207745074E-01 a       658     0    33     1    18
  2.2023208717595225E-01 a       659     0    33     1    19
  2.6167722869995752E-01 a       660     0    33     1    20
  1.3826890276433920E-01 a       661     0    34     1     1
  2.8006130780508576E-01 a       662     0    34     1     2
 -6.3082797009093722E-02 a       663     0    34     1     3
 -6.4084689175157694E-02 a       664     0    34     1     4
  4.8493059877043623E-02 a       665     0    34     1     5
 -3.4746932399686056E-02 a       666     0    34     1     6
 -3.9202066322272432E-02 a       667     0    34     1     7
 -5.3534730584946377E-01 a       668     0    34     1     8
 -5.3458021615620044E-01 a       669     0    34     1     9
 -1.3845266304846665E-01 a       670     0    34     1    10
  2.3127870592013883E-01 a       671     0    34     1    11
 -8.6557489298429865E-02 a       672     0    34     1    12
 -1.9823940409986524E-01 a       673     0    34     1    13
  6.8404631743949851E-01 a       674     0    34     1    14
  2.8225834761820706E-01 a       675     0    34     1    15
 -2.9484145358906261E-01 a       676     0    34     1    16
  1.0002675701753024E-01 a       677     0    34     1    17
 -5.1822983065606266E-02 a       678     0    34     1    18
 -9.3273603062528132E-02 a       679     0    34     1    19
 -5.0410390741201960E-01 a       680     0    34     1    20
 -1.3184804569573244E-01 a       681     0    35     1     1
  5.3227155253019831E-01 a       682     0    35     1     2
  2.6640734550610290E-01 a       683     0    35     1     3
  6.0750535261530370E-01 a       684     0    35     1     4
 -2.6635797580451953E-01 a       685     0    35     1     5
 -1.7887597659231666E-01 a       686     0    35     1     6
 -3.5555136091016781E-01 a       687     0    35     1     7
  2.9336623085853225E-01 a       688     0    35     1     8
 -2.3990464962801272E-01 a       689     0    35     1     9
  3.1904424794098668E-01 a       690     0    35     1    10
 -2.3597714160732627E-01 a       691     0    35     1    11
 -2.2476096413981397E-01 a       692     0    35     1    12
 -3.2277594319293840E-01 a       693     0    35     1    13
 -3.0183557979368392E-01 a       694     0    35     1    14
  9.5460129779232517E-02 a       695     0    35     1    15
  2.3475022774764964E-01 a       696     0    35     1    16
  2.0911744892259909E-01 a       697     0    35     1    17
  1.4575491383051001E-01 a       698     0    35     1    18
 -1.7875705856377058E-01 a       699     0    35     1    19
  4.2047171331203048E-01 a       700     0    35     1    20
 -4.0106214678054292E-01 a       701     0    36     1     1
  1.3881319224153496E-01 a       702     0    36     1     2
  3.8991778165774531E-02 a       703     0    36     1     3
  1.5592690217975430E-01 a       704     0    36     1     4
 -8.1439151041424768E-02 a       705     0    36     1     5
  3.6858625284110358E-01 a       706     0    36     1     6
 -2.7683766367909196E-01 a       707     0    36     1     7
 -1.2518367088410268E-01 a       708     0    36     1     8
 -1.8732614728532238E-01 a       709     0    36     1     9
 -2.0305488625001278E-01 a       710     0    36     1    10
 -1.1042465770594634E-01 a       711     0    36     1    11
 -2.0688311218074705E-02 a       712     0    36     1    12
  3.3959610095428465E-02 a       713     0    36     1    13
 -1.4535076189020088E-01 a       714     0    36     1    14
 -4.9203027451955089E-01 a       715     0    36     1    15
  1.8213607304064941E-01 a       716     0    36     1    16
 -5.1763863463065929E-01 a       717     0    36     1    17
  3.7486658621801977E-01 a       718     0    36     1    18
  4.9643294987029990E-02 a       719     0    36     1    19
 -1.3567844909231240E-02 a       720     0    36     1    20
 -7.9296527053446461E-02 a       721     0    37     1     1
  7.7708976333655169E-03 a       722     0    37     1     2
 -6.0774359674952469E-02 a       723     0    37     1     3
 -1.6202256707624824E-01 a       724     0    37     1     4
  2.1781144351548004E-01 a       725     0    37     1     5
  1.8743797193863632E-01 a       726     0    37     1     6
 -1.1397623042460880E-01 a       727     0    37     1     7
  1.9448162322460330E-01 a       728     0    37     1     8
 -2.7986330932690184E-01 a       729     0    37     1     9
 -3.2067666064142103E-01 a       730     0    37     1    10
 -3.8633348886491953E-01 a       731     0    37     1    11
 -1.5838289783189685E-01 a       732     0    37     1    12
  3.3847800258798677E-01 a       733     0    37     1    13
  2.2853876355693506E-01 a       734     0    37     1    14
 -4.7578396870764555E-01 a       735     0    37     1    15
  7.1300923150612081E-02 a       736     0    37     1    16
 -3.3503543055747431E-01 a       737     0    37     1    17
 -1.8973694507746611E-01 a       738     0    37     1    18
 -3.1790588049243040E-01 a       739     0    37     1    19
 -1.6491259491805441E-01 a       740     0    37     1    20
 -4.1118340276398085E-01 a       741     0    38     1     1
 -4.4457843011368908E-01 a       742     0    38     1     2
  8.0285265191629507E-01 a       743     0    38     1     3
 -1.1669087130642157E-01 a       744     0    38     1     4
 -4.5369223787605001E-01 a       745     0    38     1     5
  2.4845811142377955E-03 a       746     0    38     1     6
  3.1351121921099628E-01 a       747     0    38     1     7
 -4.5757014340160412E-01 a       748     0    38     1     8
  3.8214452645754682E-01 a       749     0    38     1     9
  2.5138008550377045E-01 a       750     0    38     1    10
  1.1805831332416340E-01 a       751     0    38     1    11
 -1.0157574251438774E-01 a       752     0    38     1    12
 -1.1985631866297505E-01 a       753     0    38     1    13
  1.7289219085994256E-01 a       754     0    38     1    14
 -4.8246836242196728E-01 a       755     0    38     1    15
  3.2379102450853176E-01 a       756     0    38     1    16
 -8.0562658654669134E-02 a       757     0    38     1    17
  6.6064774807591500E-02 a       758     0    38     1    18
  6.3308994275156139E-01 a       759     0    38     1    19
  4.3224150150391877E-01 a       760     0    38     1    20
  1.3239816173616040E-01 a       761     0    39     1     1
 -5.4218683492132325E-01 a       762     0    39     1     2
 -1.2180571313657389E-01 a       763     0    39     1     3
  2.3157711612492660E-01 a       764     0    39     1     4
 -2.1674782640900842E-01 a       765     0    39     1     5
 -5.7593153134933524E-02 a       766     0    39     1     6
  9.6794135997765901E-02 a       767     0    39     1     7
  3.1455322999808810E-01 a       768     0    39     1     8
  1.3543952227407710E-01 a       769     0    39     1     9
 -1.3550370002430361E-02 a       770     0    39     1    10
  1.9101998151611316E-01 a       771     0    39     1    11
 -2.4663780752565748E-01 a       772     0    39     1    12
 -1.4640905356142478E-03 a       773     0    39     1    13
  4.2860437408937263E-01 a       774     0    39     1    14
  3.4180438973072852E-01 a       775     0    39     1    15
 -1.2384777528466842E-01 a       776     0    39     1    16
 -1.2685930053723465E-01 a       777     0    39     1    17
 -1.9592393406590408E-01 a       778     0    39     1    18
  5.8656777949682264E-02 a       779     0    39     1    19
 -5.2459756678787350E-01 a       780     0    39     1    20
  1.9580202388122861E-01 a       781     0    40     1     1
 -3.1673989658608159E-01 a       782     0    40     1     2
 -1.6033369583198259E-01 a       783     0    40     1     3
  2.6045681548385929E-01 a       784     0    40     1     4
 -3.0010495197955167E-01 a       785     0    40     1     5
 -3.0898484468491549E-01 a       786     0    40     1     6
  4.2324920601092236E-01 a       787     0    40     1     7
  1.2344939374425259E-01 a       788     0    40     1     8
  3.3327663438027905E-01 a       789     0    40     1     9
  1.8992126366362197E-01 a       790     0    40     1    10
  5.0910525025904685E-01 a       791     0    40     1    11
  1.5229342335712262E-01 a       792     0    40     1    12
  1.4207448030374326E-01 a       793     0    40     1    13
  9.5446435566282933E-02 a       794     0    40     1    14
  1.7264681986636660E-01 a       795     0    40     1    15
 -2.2139187191678798E-03 a       796     0    40     1    16
  2.0088331013599378E-01 a       797     0    40     1    17
  2.3851128676908998E-01 a       798     0    40     1    18
  4.4475844834043970E-01 a       799     0    40     1    19
  4.3315385426422398E-01 a       800     0    40     1    20
  2.0842691302107771E-01 a       801     0    41     1     1
  8.3162089119616880E-02 a       802     0    41     1     2
  2.1505856788120351E-01 a       803     0    41     1     3
 -3.4450593599013056E-02 a       804     0    41     1     4
  4.0863673648404225E-01 a       805     0    41     1     5
  8.8677834800253139E-02 a       806     0    41     1     6
 -6.5242667469809007E-03 a       807     0    41     1     7
  2.2846572475917606E-01 a       808     0    41     1     8
  7.4649145951611318E-02 a       809     0    41     1     9
 -1.6893466397344875E-01 a       810     0    41     1    10
  2.5673771386196248E-01 a       811     0    41     1    11
  1.4777726259791249E-02 a       812     0    41     1    12
 -2.2694064541550674E-01 a       813     0    41     1    13
 -1.7603143263588220E-01 a       814     0    41     1    14
 -1.3008158100257125E-01 a       815     0    41     1    15
  2.7901833319548156E-02 a       816     0    41     1    16
 -5.0241637133818941E-02 a       817     0    41     1    17
 -2.6361095697707898E-01 a       818     0    41     1    18
 -3.3603543499180621E-01 a       819     0    41     1    19
 -6.3738598904288790E-02 a       820     0    41     1    20
 -1.6504602544205510E-01 a       821     0    42     1     1
 -2.7853622790847482E-01 a       822     0    42     1     2
 -9.8493898531502762E-03 a       823     0    42     1     3
 -1.0633916180493743E-02 a       824     0    42     1     4
  6.9618419170089096E-02 a       825     0    42     1     5
  6.3753871641215126E-02 a       826     0    42     1     6
  1.1508643137814741E-01 a       827     0    42     1     7
 -9.2635747279299546E-02 a       828     0    42     1     8
  1.6987393275695190E-01 a       829     0    42     1     9
 -1.5744525476203444E-01 a       830     0    42     1    10
  1.8718986516313107E-02 a       831     0    42     1    11
  3.3763827332264629E-01 a       832     0    42     1    12
 -2.1397617510750275E-01 a       833     0    42     1    13
  2.2512548565997595E-01 a       834     0    42     1    14
 -1.7133444685648153E-01 a       835     0    42     1    15
  1.8212281672206759E-01 a       836     0    42     1    16
 -1.1498254465677248E-01 a       837     0    42     1    17
  2.3866101765224079E-02 a       838     0    42     1    18
 -1.4443554564080102E-01 a       839     0    42     1    19
 -7.5108609089677592E-01 a       840     0    42     1    20
  1.0787833355005895E-01 a       841     0    43     1     1
  3.4149819159419822E-02 a       842     0    43     1     2
 -1.6787562717697282E-01 a       843     0    43     1     3
  7.4321677316776080E-02 a       844     0    43     1     4
 -2.3031917981825256E-01 a       845     0    43     1     5
 -1.3941359429839131E-01 a       846     0    43     1     6
 -1.1737769352862945E-01 a       847     0    43     1     7
  3.2441964434273149E-02 a       848     0    43     1     8
  2.5154087884314013E-02 a       849     0    43     1     9
  1.4461037423486875E-01 a       850     0    43     1    10
 -9.7880429164209387E-02 a       851     0    43     1    11
 -1.3356090614844096E-01 a       852     0    43     1    12
  6.5909169668341540E-03 a       853     0    43     1    13
  6.5409720779827277E-02 a       854     0    43     1    14
  3.6108098073413940E-02 a       855     0    43     1    15
 -1.9124034313154153E-01 a       856     0    43     1    16
 -1.4605277884242387E-01 a       857     0    43     1    17
 -2.5245855806566478E-02 a       858     0    43     1    18
 -2.7678094181653574E-02 a       859     0    43     1    19
  8.2664900057208123E-03 a       860     0    43     1    20
 -1.6445326403933505E-01 a       861     0    44     1     1
  5.5294963606969083E-01 a       862     0    44     1     2
  1.9006064376653559E-01 a       863     0    44     1     3
 -1.0294405488984380E-01 a       864     0    44     1     4
 -1.2263587557351611E-01 a       865     0    44     1     5
  5.8651559984625457E-01 a       866     0    44     1     6
 -3.5257514543125125E-02 a       867     0    44     1     7
 -1.5831967431862698E-01 a       868     0    44     1     8
 -6.0441707703739267E-01 a       869     0    44     1     9
 -1.0337448187038284E-01 a       870     0    44     1    10
  1.7085085999356225E-01 a       871     0    44     1    11
  1.4240494280334917E-01 a       872     0    44     1    12
  2.1169372529662570E-01 a       873     0    44     1    13
 -1.5481799829837911E-01 a       874     0    44     1    14
 -2.4213555821315990E-03 a       875     0    44     1    15
  2.6805973817635548E-01 a       876     0    44     1    16
 -1.3246481817061320E-01 a       877     0    44     1    17
 -2.2792977087022302E-03 a       878     0    44     1    18
  7.0129085571572547E-01 a       879     0    44     1    19
  8.0179902071233067E-01 a       880     0    44     1    20
  3.3689421169459915E-01 a       881     0    45     1     1
 -1.7118362739867185E-01 a       882     0    45     1     2
 -6.9843309790430619E-01 a       883     0    45     1     3
  9.5790410746783017E-02 a       884     0    45     1     4
 -2.0923222530534305E-01 a       885     0    45     1     5
 -2.1887713184726373E-02 a       886     0    45     1     6
  1.2695382205023534E-01 a       887     0    45     1     7
 -5.3475641338824410E-02 a       888     0    45     1     8
 -4.9027688427800545E-02 a       889     0    45     1     9
  2.1872799107128447E-02 a       890     0    45     1    10
 -3.8526922293281918E-02 a       891     0    45     1    11
 -4.7000115399007947E-02 a       892     0    45     1    12
  4.0333113216327758E-02 a       893     0    45     1    13
 -1.8645770344984142E-01 a       894     0    45     1    14
  1.8159968482668665E-01 a       895     0    45     1    15
 -8.2690683595328107E-01 a       896     0    45     1    16
  1.2695329414933407E-01 a       897     0    45     1    17
  3.2440169010475178E-01 a       898     0    45     1    18
 -1.8141673911153020E-01 a       899     0    45     1    19
 -7.7732868103660069E-01 a       900     0    45     1    20
 -1.8226937268798937E-01 a       901     0    46     1     1
  5.6671523193959250E-01 a       902     0    46     1     2
 -3.0694748168896219E-01 a       903     0    46     1     3
 -3.1283392662610726E-01 a       904     0    46     1     4
 -8.8732952109248669E-02 a       905     0    46     1     5
 -1.4265961142518391E-01 a       906     0    46     1     6
 -6.1207390350308498E-02 a       907     0    46     1     7
  5.8216592423458113E-01 a       908     0    46     1     8
 -7.9568963952624278E-02 a       909     0    46     1     9
 -2.3335612298045869E-01 a       910     0    46     1    10
  3.6920370191120475E-02 a       911     0    46     1    11
 -3.4679322547459474E-01 a       912     0    46     1    12
 -1.9866638221505062E-01 a       913     0    46     1    13
  2.8207925571803766E-02 a       914     0    46     1    14
  2.6478721125654026E-01 a       915     0    46     1    15
  7.3660576851414727E-01 a       916     0    46     1    16
  7.4569769102645914E-02 a       917     0    46     1    17
 -5.2166414817681184E-01 a       918     0    46     1    18
  2.6364956963792274E-01 a       919     0    46     1    19
  5.8536318111296692E-01 a       920     0    46     1    20
 -1.4477183427569153E-02 a       921     0    47     1     1
  2.9569957031629190E-01 a       922     0    47     1     2
  5.5719603978766397E-01 a       923     0    47     1     3
  1.1887378621624692E-01 a       924     0    47     1     4
  2.5113817295100802E-02 a       925     0    47     1     5
 -7.0513333229700914E-01 a       926     0    47     1     6
  6.3745712390017972E-02 a       927     0    47     1     7
  6.4886708868319834E-02 a       928     0    47     1     8
 -2.0668688503505858E-01 a       929     0    47     1     9
  6.3059532013016201E-02 a       930     0    47     1    10
 -3.2679115039753837E-01 a       931     0    47     1    11
 -2.3186629115953240E-02 a       932     0    47     1    12
 -2.4935531447485335E-01 a       933     0    47     1    13
  1.6507002559235537E-01 a       934     0    47     1    14
 -1.6070547564132939E-02 a       935     0    47     1    15
  3.0986571104486316E-01 a       936     0    47     1    16
 -4.8305570921770868E-01 a       937     0    47     1    17
  5.2431851984851863E-01 a       938     0    47     1    18
 -2.6602778217677570E-01 a       939     0    47     1    19
  3.6793323946298179E-01 a       940     0    47     1    20
 -1.5599435087517322E-01 a       941     0    48     1     1
 -3.6409108576678939E-01 a       942     0    48     1     2
  4.0997097240633334E-01 a       943     0    48     1     3
  2.8869531689339234E-01 a       944     0    48     1     4
  1.9319511641904102E-01 a       945     0    48     1     5
  5.9600578318948293E-02 a       946     0    48     1     6
  8.5969303401034355E-02 a       947     0    48     1     7
 -3.0964845344362546E-01 a       948     0    48     1     8
  4.2600804284205190E-01 a       949     0    48     1     9
  2.8616297483506806E-02 a       950     0    48     1    10
  4.9452754172287461E-01 a       951     0    48     1    11
 -4.8862096481730233E-01 a       952     0    48     1    12
  1.3302179319258522E-01 a       953     0    48     1    13
 -2.0494409294715496E-01 a       954     0    48     1    14
  1.0397781439522420E-01 a       955     0    48     1    15
 -7.5292821439420066E-01 a       956     0    48     1    16
 -6.9441612498156557E-02 a       957     0    48     1    17
  2.2658763546200507E-02 a       958     0    48     1    18
  3.1909469230286769E-01 a       959     0    48     1    19
  4.4041921196380084E-02 a       960     0    48     1    20
 -2.2190143430767434E-01 a       961     0    49     1     1
 -3.1434473889728931E-01 a       962     0    49     1     2
 -3.4786082644210009E-01 a       963     0    49     1     3
  3.0008808277706334E-01 a       964     0    49     1     4
  6.3421567491735331E-02 a       965     0    49     1     5
  4.6514680248358536E-01 a       966     0    49     1     6
 -7.4424328675068110E-02 a       967     0    49     1     7
  3.9417261032699635E-01 a       968     0    49     1     8
 -9.0222744844310510E-01 a       969     0    49     1     9
  3.8501508209893798E-01 a       970     0    49     1    10
  5.6285915979066869E-01 a       971     0    49     1    11
  2.8629126067529559E-01 a       972     0    49     1    12
  1.3304565609746730E-01 a       973     0    49     1    13
  6.2735156185966912E-01 a       974     0    49     1    14
  1.1200992345440481E+00 a       975     0    49     1    15
 -6.1320809670022836E-01 a       976     0    49     1    16
  7.3104491227130725E-02 a       977     0    49     1    17
 -4.4024841062191782E-02 a       978     0    49     1    18
 -1.0834275632095221E-01 a       979     0    49     1    19
 -7.8410984790981186E-01 a       980     0    49     1    20
  3.6379926612061697E-01 a       981     0    50     1     1
  5.0750228819554866E-01 a       982     0    50     1     2
  2.0047574994533642E-02 a       983     0    50     1     3
 -5.9078379804402747E-01 a       984     0    50     1     4
  3.8227001018499573E-01 a       985     0    50     1     5
  4.0239860854993192E-01 a       986     0    50     1     6
  6.0730869641250940E-01 a       987     0    50     1     7
 -3.6791205839212582E-01 a       988     0    50     1     8
  1.8216180958294681E-01 a       989     0    50     1     9
  1.3043477121292486E-02 a       990     0    50     1    10
 -5.7871237481607185E-01 a       991     0    50     1    11
  5.9104741632320557E-01 a       992     0    50     1    12
  7.9340524163566725E-02 a       993     0    50     1    13
 -1.2411332357144600E+00 a       994     0    50     1    14
  3.0361119016993329E-02 a       995     0    50     1    15
  3.5480148158820873E-01 a       996     0    50     1    16
 -3.7845159764540814E-01 a       997     0    50     1    17
 -8.4058733011938350E-02 a       998     0    50     1    18
  6.7962642121155081E-01 a       999     0    50     1    19
  9.5955646319090826E-01 a      1000     0    50     1    20
  2.1567347942166121E-01 a      1001     0    51     1     1
 -9.2262890678455903E-02 a      1002     0    51     1     2
  2.6550681228202316E-01 a      1003     0    51     1     3
 -3.6244067692599198E-02 a      1004     0    51     1     4
 -6.7141842862548123E-02 a      1005     0    51     1     5
  1.8486020608494624E-01 a      1006     0    51     1     6
  1.3788644015051277E-01 a      1007     0    51     1     7
 -8.8708437402914300E-02 a      1008     0    51     1     8
  2.6661662849120438E-01 a      1009     0    51     1     9
  5.4977410785912610E-02 a      1010     0    51     1    10
  3.3695669120157917E-01 a      1011     0    51     1    11
 -1.3365708707040833E-01 a      1012     0    51     1    12
 -2.2129230451731646E-03 a      1013     0    51     1    13
 -2.0615272362360662E-01 a      1014     0    51     1    14
  8.3503775151501258E-02 a      1015     0    51     1    15
 -1.6979854738002698E-01 a      1016     0    51     1    16
  8.4024461721744895E-02 a      1017     0    51     1    17
 -8.8161602934649697E-02 a      1018     0    51     1    18
  1.7591516548760835E-01 a      1019     0    51     1    19
  3.5531221621094106E-01 a      1020     0    51     1    20
 -8.8951401303204480E-01 b      1021     1     1
  1.3922554142528198E+00 b      1022     1     2
  8.5436524006254089E-01 b      1023     1     3
 -1.2663739577876340E-01 b      1024     1     4
  1.3808726938526625E+00 b      1025     1     5
 -1.3303825394347819E+00 b      1026     1     6
  1.3287004640410969E+00 b      1027     1     7
  8.0682596100168280E-01 b      1028     1     8
  1.0063865844758280E+00 b      1029     1     9
 -4.9633807302802901E-01 b      1030     1    10
  6.8376092667730370E-01 b      1031     1    11
 -1.2999821726514902E+00 b      1032     1    12
 -4.2867439064215523E-01 b      1033     1    13
  4.5429082123015302E-01 b      1034     1    14
 -6.2908782332977642E-01 b      1035     1    15
 -1.0458966678482253E+00 b      1036     1    16
 -8.0998032570697764E-01 b      1037     1    17
  4.0184490243375648E-01 b      1038     1    18
 -1.0327909338893606E+00 b      1039     1    19
  1.0591843683577564E+00 b      1040     1    20
  5.0367855682664608E-01 a      1041     1     1     2     1
  5.8999086171537696E-01 a      1042     1     1     2     2
 -5.9282326356401316E-01 a      1043     1     1     2     3
 -5.6615475055424913E-01 a      1044     1     1     2     4
 -4.7905523514049525E-01 a      1045     1     1     2     5
  1.2032593945788017E-02 a      1046     1     1     2     6
 -3.7054486929855074E-01 a      1047     1     1     2     7
 -3.1903887017664756E-01 a      1048     1     1     2     8
 -3.3959366671125280E-01 a      1049     1     1     2     9
 -6.4260387683645981E-01 a      1050     1     1     2    10
 -4.6295060928539900E-01 a      1051     1     1     2    11
  6.6656404588853291E-01 a      1052     1     1     2    12
  5.9605362837472609E-01 a      1053     1     1     2    13
 -4.7072580045009665E-01 a      1054     1     1     2    14
  3.6042941851972421E-01 a      1055     1     1     2    15
  4.9427411616102958E-02 a      1056     1     1     2    16
 -3.0808434302224919E-01 a      1057     1     1     2    17
  1.2966589165137768E-01 a      1058     1     1     2    18
  4.4149132751023024E-01 a      1059     1     1     2    19
 -4.3246403294474145E-01 a      1060     1     1     2    20
  5.0722903096341998E-01 a      1061     1     2     2     1
  1.0353741143064465E+00 a      1062     1     2     2     2
 -1.2524476941268908E-03 a      1063     1     2     2     3
  1.4249568124360293E-01 a      1064     1     2     2     4
  3.9304017754122078E-01 a      1065     1     2     2     5
 -4.2982947238498653E-01 a      1066     1     2     2     6
  3.8809593316046820E-01 a      1067     1     2     2     7
  6.2794501789501203E-02 a      1068     1     2     2     8
  2.4127598377541953E-01 a      1069     1     2     2     9
  6.5076447187485098E-01 a      1070     1     2     2    10
 -1.2267222016661800E-01 a      1071     1     2     2    11
 -1.5337522031975745E-01 a      1072     1     2     2    12
  1.1467164643878225E-01 a      1073     1     2     2    13
  6.3719217219138213E-01 a      1074     1     2     2    14
 -1.4107004766159820E-01 a      1075     1     2     2    15
 -6.2011070259051138E-01 a      1076     1     2     2    16
 -2.9404863545296039E-01 a      1077     1     2     2    17
 -1.2458964165164267E-01 a      1078     1     2     2    18
 -2.6905674788276679E-01 a      1079     1     2     2    19
 -4.8485166142443087E-01 a      1080     1     2     2    20
 -2.2696825670501763E-01 a      1081     1     3     2     1
 -3.2613436426651998E-01 a      1082     1     3     2     2
  5.3619062903572356E-01 a      1083     1     3     2     3
  5.3935421454349486E-01 a      1084     1     3     2     4
  6.7301132592418267E-01 a      1085     1     3     2     5
  1.0608242236163774E-01 a      1086     1     3     2     6
  8.7810171806100595E-02 a      1087     1     3     2     7
  4.1226151052869492E-01 a      1088     1     3     2     8
 -1.2137802186248518E-01 a      1089     1     3     2     9
 -1.3690646529434022E-01 a      1090     1     3     2    10
 -3.0413986002696531E-02 a      1091     1     3     2    11
 -2.4942467056987891E-01 a      1092     1     3     2    12
 -5.8275925089803893E-01 a      1093     1     3     2    13
 -4.6087296004112316E-01 a      1094     1     3     2    14
 -3.0826334767237808E-02 a      1095     1     3     2    15
 -2.2869150995111265E-01 a      1096     1     3     2    16
  3.0453360666151535E-01 a      1097     1     3     2    17
 -6.5779732719399997E-01 a      1098     1     3     2    18
  3.9037793412792350E-02 a      1099     1     3     2    19
 -4.1100672819343466E-02 a      1100     1     3     2    20
  4.2236228193150949E-01 a      1101     1     4     2     1
 -4.7560105674129821E-01 a      1102     1     4     2     2
  1.8428592815660341E-01 a      1103     1     4     2     3
  7.2923275235566565E-01 a      1104     1     4     2     4
 -2.1922403931709741E-01 a      1105     1     4     2     5
 -2.4894919090017370E-01 a      1106     1     4     2     6
  6.1777438754523895E-01 a      1107     1     4     2     7
  3.4270876770713221E-01 a      1108     1     4     2     8
 -3.6681783120615424E-01 a      1109     1     4     2     9
 -3.0629646835265678E-01 a      1110     1     4     2    10
  8.7387606980826787E-02 a      1111     1     4     2    11
  6.1218840203671487E-01 a      1112     1     4     2    12
 -7.2229198227466185E-01 a      1113     1     4     2    13
 -3.0543880982264709E-02 a      1114     1     4     2    14
 -5.8339124140606979E-01 a      1115     1     4     2    15
 -2.3827722161326165E-01 a      1116     1     4     2    16
 -6.1866006253036543E-01 a      1117     1     4     2    17
  7.2780123191704127E-01 a      1118     1     4     2    18
  3.0314144448550384E-01 a      1119     1     4     2    19
  8.1965310646944081E-02 a      1120     1     4     2    20
  1.3360213501117665E-01 a      1121     1     5     2     1
  4.0439214531853129E-01 a      1122     1     5     2     2
  7.2710605279821650E-01 a      1123     1     5     2     3
 -1.5293583733023072E-01 a      1124     1     5     2     4
 -3.0558923113827696E-01 a      1125     1     5     2     5
  3.3847602446788205E-01 a      1126     1     5     2     6
 -5.9720100675022270E-01 a      1127     1     5     2     7
 -6.2956722422865019E-01 a      1128     1     5     2     8
  7.5032293015921847E-01 a      1129     1     5     2     9
  1.8993767335315642E-01 a      1130     1     5     2    10
 -3.0241709190771598E-01 a      1131     1     5     2    11
 -3.9554116050321714E-01 a      1132     1     5     2    12
  2.5058476495005194E-01 a      1133     1     5     2    13
 -2.5823551720631749E-01 a      1134     1     5     2    14
 -1.0578474969883669E-01 a      1135     1     5     2    15
  6.3253569103559659E-01 a      1136     1     5     2    16
  1.0512100829966002E-01 a      1137     1     5     2    17
 -5.6582936867903710E-01 a      1138     1     5     2    18
  3.9457861508371922E-01 a      1139     1     5     2    19
  2.3498781297577070E-01 a      1140     1     5     2    20
 -6.7372922837751259E-01 a      1141     1     6     2     1
  4.0732916570245442E-01 a      1142     1     6     2     2
 -2.2676349659571465E-01 a      1143     1     6     2     3
 -4.5874905226441220E-01 a      1144     1     6     2     4
 -5.5144650693171049E-01 a      1145     1     6     2     5
  1.3743694859533911E-01 a      1146     1     6     2     6
 -1.9011908338824210E-01 a      1147     1     6     2     7
  5.5646352112559649E-01 a      1148     1     6     2     8
 -1.3258721259289461E-02 a      1149     1     6     2     9
 -4.7115831157654692E-02 a      1150     1     6     2    10
  8.2358424128519667E-02 a      1151     1     6     2    11
  3.0595805917656599E-01 a      1152     1     6     2    12
  7.1265694049256945E-01 a      1153     1     6     2    13
  5.5998440561078174E-02 a      1154     1     6     2    14
 -6.6803315602629310E-01 a      1155     1     6     2    15
 -5.3568939215169553E-01 a      1156     1     6     2    16
 -2.8201067845348143E-01 a      1157     1     6     2    17
 -2.3308234105301237E-02 a      1158     1     6     2    18
  5.6191880178132392E-01 a      1159     1     6     2    19
  1.2782785810797351E-02 a      1160     1     6     2    20
  8.0210489125142892E-01 a      1161     1     7     2     1
  3.4421342448023839E-01 a      1162     1     7     2     2
  1.5573462524116616E-01 a      1163     1     7     2     3
  2.1443573007003622E-01 a      1164     1     7     2     4
  1.6082009296689032E-01 a      1165     1     7     2     5
 -9.4457281056810927E-01 a      1166     1     7     2     6
 -8.5521843369936845E-02 a      1167     1     7     2     7
 -2.5607684554974780E-01 a      1168     1     7     2     8
 -1.7058472529297319E-01 a      1169     1     7     2     9
  3.2183741668288418E-01 a      1170     1     7     2    10
  1.6625856666111490E-02 a      1171     1     7     2    11
 -6.5433160161408460E-02 a      1172     1     7     2    12
 -1.6268685245194223E-01 a      1173     1     7     2    13
  7.1658600947690021E-01 a      1174     1     7     2    14
 -1.4721532749084409E-01 a      1175     1     7     2    15
  3.9064115930151722E-01 a      1176     1     7     2    16
 -1.0403112420065780E-01 a      1177     1     7     2    17
 -1.3208844985662890E-01 a      1178     1     7     2    18
 -6.3211671749228371E-01 a      1179     1     7     2    19
 -7.2928931008148434E-01 a      1180     1     7     2    20
  6.0116458711956411E-01 a      1181     1     8     2     1
 -2.0292247477334094E-01 a      1182     1     8     2     2
  5.5222413529407632E-01 a      1183     1     8     2     3
  2.6407558233761019E-01 a      1184     1     8     2     4
  6.1700620987231380E-01 a      1185     1     8     2     5
 -1.2843026685119574E-01 a      1186     1     8     2     6
  4.5212595534043498E-01 a      1187     1     8     2     7
 -5.1209227521337986E-01 a      1188     1     8     2     8
  6.2616812943796041E-01 a      1189     1     8     2     9
  6.0503567457836638E-01 a      1190     1     8     2    10
 -1.4544045516475338E-02 a      1191     1     8     2    11
  4.1413564240172179E-01 a      1192     1     8     2    12
  1.8390064917324758E-01 a      1193     1     8     2    13
  3.9435096282380994E-01 a      1194     1     8     2    14
 -4.5050760915041699E-01 a      1195     1     8     2    15
 -1.3829178853658955E-01 a      1196     1     8     2    16
  1.7389292830773762E-01 a      1197     1     8     2    17
 -2.3957226560276459E-01 a      1198     1     8     2    18
 -1.4453418744926130E-02 a      1199     1     8     2    19
  5.9124395776448358E-03 a      1200     1     8     2    20
  6.2606539775281655E-01 a      1201     1     9     2     1
  1.0959314350194117E-01 a      1202     1     9     2     2
  3.5798171613709673E-01 a      1203     1     9     2     3
  1.3583503297213673E-01 a      1204     1     9     2     4
 -2.4723247566247106E-01 a      1205     1     9     2     5
  1.3718232916008954E-01 a      1206     1     9     2     6
  8.2140904836558670E-01 a      1207     1     9     2     7
 -6.9662797609304228E-01 a      1208     1     9     2     8
 -4.8164176431825095E-01 a      1209     1     9     2     9
  1.3272870739845441E-01 a      1210     1     9     2    10
  5.6983271833929899E-02 a      1211     1     9     2    11
 -4.0447520809759535E-01 a      1212     1     9     2    12
 -4.5331457338504955E-01 a      1213     1     9     2    13
 -6.5039893157642484E-02 a      1214     1     9     2    14
  4.5181894994943045E-01 a      1215     1     9     2    15
  4.6017201854239441E-04 a      1216     1     9     2    16
 -5.7308522774324633E-01 a      1217     1     9     2    17
 -4.6678669901278047E-01 a      1218     1     9     2    18
  2.5833036366760082E-01 a      1219     1     9     2    19
  3.8614918331978737E-01 a      1220     1     9     2    20
  6.8549534658208164E-02 a      1221     1    10     2     1
 -8.1053131954669433E-01 a      1222     1    10     2     2
  2.4476798435697880E-01 a      1223     1    10     2     3
  2.7879487823399862E-01 a      1224     1    10     2     4
  4.9815767836459229E-01 a      1225     1    10     2     5
  4.8363297804349636E-01 a      1226     1    10     2     6
  1.4681235443767043E-01 a      1227     1    10     2     7
 -3.9554568879170099E-01 a      1228     1    10     2     8
 -4.9400392296053236E-01 a      1229     1    10     2     9
 -6.1253893467829479E-01 a      1230     1    10     2    10
  4.6069648422647452E-01 a      1231     1    10     2    11
 -1.3970805416217230E-01 a      1232     1    10     2    12
  5.3009259209807480E-01 a      1233     1    10     2    13
 -8.5613890686630528E-02 a      1234     1    10     2    14
 -6.4702044772968134E-02 a      1235     1    10     2    15
 -3.6754802045358087E-01 a      1236     1    10     2    16
 -3.4337469853004682E-01 a      1237     1    10     2    17
  1.1076815123295543E-01 a      1238     1    10     2    18
  2.7740573035609029E-01 a      1239     1    10     2    19
 -6.4904547087355091E-01 a      1240     1    10     2    20
  9.0214877703917271E-02 a      1241     1    11     2     1
 -6.6651590697905072E-01 a      1242     1    11     2     2
  1.3350658835392366E-02 a      1243     1    11     2     3
  1.0856278187759194E-01 a      1244     1    11     2     4
  6.5508611744124690E-01 a      1245     1    11     2     5
 -5.2683356877799659E-01 a      1246     1    11     2     6
  5.1689808716096675E-01 a      1247     1    11     2     7
 -2.9956413774398793E-01 a      1248     1    11     2     8
  1.1166320600507197E-01 a      1249     1    11     2     9
  4.8711896622176165E-01 a      1250     1    11     2    10
  6.7046649584706053E-01 a      1251     1    11     2    11
  3.3907258594475459E-01 a      1252     1    11     2    12
  2.4212510593303399E-01 a      1253     1    11     2    13
  1.5519786603112648E-01 a      1254     1    11     2    14
 -8.1376989878496198E-01 a      1255     1    11     2    15
 -2.3156580344495947E-01 a      1256     1    11     2    16
 -2.6274400110035578E-01 a      1257     1    11     2    17
  9.3146813700875297E-02 a      1258     1    11     2    18
 -2.5619299171063620E-01 a      1259     1    11     2    19
 -5.6031217527452237E-01 a      1260     1    11     2    20
  3.5147139463736898E-01 a      1261     1    12     2     1
  5.6004868284145626E-01 a      1262     1    12     2     2
 -2.6173914819719979E-01 a      1263     1    12     2     3
 -1.6680438456102212E-01 a      1264     1    12     2     4
  3.5978345199111375E-02 a      1265     1    12     2     5
  4.2515883731872695E-01 a      1266     1    12     2     6
  3.6194091803892298E-01 a      1267     1    12     2     7
 -3.6321411744124754E-01 a      1268     1    12     2     8
 -4.9942755093169905E-01 a      1269     1    12     2     9
 -3.1572803779311231E-01 a      1270     1    12     2    10
 -3.4801804449818713E-01 a      1271     1    12     2    11
  3.6596532173501378E-01 a      1272     1    12     2    12
  7.9262160796951331E-01 a      1273     1    12     2    13
 -6.7369826991692505E-01 a      1274     1    12     2    14
  1.3469424252655890E-01 a      1275     1    12     2    15
  2.1789188883909347E-01 a      1276     1    12     2    16
 -7.8372414347659503E-01 a      1277     1    12     2    17
 -4.4835937461996656E-01 a      1278     1    12     2    18
 -1.3067045466424579E-01 a      1279     1    12     2    19
  4.7685229202034818E-01 a      1280     1    12     2    20
 -1.1673720584449036E-01 a      1281     1    13     2     1
  2.4728738535822387E-01 a      1282     1    13     2     2
  4.4469855132000780E-01 a      1283     1    13     2     3
  2.6974760509183915E-01 a      1284     1    13     2     4
  4.1200907343327192E-01 a      1285     1    13     2     5
 -4.0305772073071633E-01 a      1286     1    13     2     6
  1.5022826978477080E-03 a      1287     1    13     2     7
  1.1989232210669150E-01 a      1288     1    13     2     8
  2.5355524453573303E-01 a      1289     1    13     2     9
  3.2336362759521914E-01 a      1290     1    13     2    10
  1.8513613960005898E-01 a      1291     1    13     2    11
  4.8736602838466564E-01 a      1292     1    13     2    12
 -5.5702500907279448E-02 a      1293     1    13     2    13
  2.4944477823122765E-01 a      1294     1    13     2    14
 -2.0519285389530006E-01 a      1295     1    13     2    15
 -4.4237275104288115E-01 a      1296     1    13     2    16
 -2.6825988930217287E-01 a      1297     1    13     2    17
 -1.2434126021982675E-01 a      1298     1    13     2    18
  1.8189161941076520E-01 a      1299     1    13     2    19
 -1.8810626723269105E-01 a      1300     1    13     2    20
 -2.6760868388251223E-02 a      1301     1    14     2     1
  2.2577761098238061E-01 a      1302     1    14     2     2
  7.3002931238343838E-02 a      1303     1    14     2     3
  5.6503359549150711E-01 a      1304     1    14     2     4
  3.1663331961591365E-02 a      1305     1    14     2     5
 -4.0647495442878073E-02 a      1306     1    14     2     6
 -7.2237422186697886E-01 a      1307     1    14     2     7
 -4.2978814927074954E-01 a      1308     1    14     2     8
  2.5591423572572108E-01 a      1309     1    14     2     9
 -4.5347358776010493E-01 a      1310     1    14     2    10
 -1.4037183068631084E-01 a      1311     1    14     2    11
  3.5652893685144188E-01 a      1312     1    14     2    12
 -2.7430917559704110E-01 a      1313     1    14     2    13
  3.6543036720493538E-01 a      1314     1    14     2    14
 -4.4502239629104590E-01 a      1315     1    14     2    15
  1.6175893891093146E-01 a      1316     1    14     2    16
  6.5323088957054387E-01 a      1317     1    14     2    17
  1.6441927789568267E-01 a      1318     1    14     2    18
  2.8313100037135049E-02 a      1319     1    14     2    19
 -7.1186967553974934E-01 a      1320     1    14     2    20
 -2.0678448709637129E-01 a      1321     1    15     2     1
 -6.8455085551209482E-01 a      1322     1    15     2     2
 -9.0611643610419526E-02 a      1323     1    15     2     3
 -4.6987451218249887E-01 a      1324     1    15     2     4
 -3.9014581154127043E-01 a      1325     1    15     2     5
 -6.3672405326491294E-02 a      1326     1    15     2     6
  8.9803345872013995E-01 a      1327     1    15     2     7
  1.1867876093451210E-01 a      1328     1    15     2     8
 -6.7385144577321998E-01 a      1329     1    15     2     9
 -5.3088239104874302E-01 a      1330     1    15     2    10
 -7.6564821607718259E-01 a      1331     1    15     2    11
 -4.0221774186452164E-01 a      1332     1    15     2    12
 -3.0344956085158109E-02 a      1333     1    15     2    13
  4.5213418480575679E-01 a      1334     1    15     2    14
 -6.5408901940898512E-01 a      1335     1    15     2    15
 -7.9091763709288429E-02 a      1336     1    15     2    16
  3.3865274844891119E-01 a      1337     1    15     2    17
 -1.7475028176802926E-01 a      1338     1    15     2    18
 -2.6270916868596295E-01 a      1339     1    15     2    19
  6.1447299031270208E-01 a      1340     1    15     2    20
 -2.4025600677135145E-01 a      1341     1    16     2     1
 -1.4626056586541222E-01 a      1342     1    16     2     2
  3.2968348740952072E-02 a      1343     1    16     2     3
  5.0180568987015983E-01 a      1344     1    16     2     4
  2.3855668742945746E-01 a      1345     1    16     2     5
 -2.2832152822993240E-01 a      1346     1    16     2     6
  6.2269715876123544E-01 a      1347     1    16     2     7
  7.6608047389874268E-01 a      1348     1    16     2     8
  1.0659310035245348E-01 a      1349     1    16     2     9
  1.0723286508669702E-01 a      1350     1    16     2    10
  5.6753973305948391E-01 a      1351     1    16     2    11
  4.3621340228789768E-01 a      1352     1    16     2    12
 -5.7148444429624834E-01 a      1353     1    16     2    13
 -2.1262893928172028E-01 a      1354     1    16     2    14
  1.6605151869033744E-01 a      1355     1    16     2    15
 -2.3242642920112899E-01 a      1356     1    16     2    16
  1.0541903648792705E-01 a      1357     1    16     2    17
  5.6359770832789063E-02 a      1358     1    16     2    18
  6.3316421343496920E-01 a      1359     1    16     2    19
 -6.8475179289838861E-01 a      1360     1    16     2    20
  3.8540092228429745E-01 a      1361     1    17     2     1
 -9.5650164732703546E-01 a      1362     1    17     2     2
  5.2110023259624896E-02 a      1363     1    17     2     3
 -5.5453979337901715E-01 a      1364     1    17     2     4
  5.1695289404823064E-01 a      1365     1    17     2     5
 -4.5042854681357897E-01 a      1366     1    17     2     6
 -6.2873862461972863E-01 a      1367     1    17     2     7
  1.5210274042366721E-02 a      1368     1    17     2     8
 -7.0721156736440194E-01 a      1369     1    17     2     9
  7.5239015044425178E-02 a      1370     1    17     2    10
 -2.9637525425174505E-01 a      1371     1    17     2    11
 -3.5904868150135694E-01 a      1372     1    17     2    12
 -3.2944438398756448E-01 a      1373     1    17     2    13
 -6.0660948029086081E-01 a      1374     1    17     2    14
 -8.0387413932452056E-01 a      1375     1    17     2    15
 -5.8079372831843265E-02 a      1376     1    17     2    16
  3.3494521987289846E-02 a      1377     1    17     2    17
 -6.2686850310637240E-02 a      1378     1    17     2    18
 -3.4959557351809661E-01 a      1379     1    17     2    19
  1.5012422709488882E-01 a      1380     1    17     2    20
 -5.2355840591037317E-02 a      1381     1    18     2     1
 -2.3944186328032076E-02 a      1382     1    18     2     2
  3.7904357288297180E-01 a      1383     1    18     2     3
  2.3043314797471973E-01 a      1384     1    18     2     4
  2.9391533570679657E-01 a      1385     1    18     2     5
  2.3730682397502098E-01 a      1386     1    18     2     6
 -3.6721001410371273E-01 a      1387     1    18     2     7
 -1.9109018035316540E-02 a      1388     1    18     2     8
  4.1685382362388496E-01 a      1389     1    18     2     9
 -5.8546525530139039E-02 a      1390     1    18     2    10
 -4.8719363519088010E-01 a      1391     1    18     2    11
 -2.9171721475084122E-01 a      1392     1    18     2    12
 -9.8829408317989004E-02 a      1393     1    18     2    13
 -2.9260142174145765E-01 a      1394     1    18     2    14
 -2.8292017117010376E-01 a      1395     1    18     2    15
 -1.8387283876139610E-01 a      1396     1    18     2    16
 -2.8339302438769431E-01 a      1397     1    18     2    17
  1.0594405608519446E-01 a      1398     1    18     2    18
 -8.4493193409198053E-01 a      1399     1    18     2    19
  1.1439191456134788E-01 a      1400     1    18     2    20
 -2.1983248943739234E-01 a      1401     1    19     2     1
  6.5076945617802739E-01 a      1402     1    19     2     2
 -2.9839465597252657E-01 a      1403     1    19     2     3
 -2.9371689405397122E-01 a      1404     1    19     2     4
  1.4982283406013971E-01 a      1405     1    19     2     5
 -2.9994072221873669E-01 a      1406     1    19     2     6
  4.3556840883736919E-01 a      1407     1    19     2     7
 -1.0167084737554432E-02 a      1408     1    19     2     8
 -1.7076508100291324E-01 a      1409     1    19     2     9
 -5.7047709923545975E-01 a      1410     1    19     2    10
  8.1217523101613276E-01 a      1411     1    19     2    11
  4.5995307247020495E-01 a      1412     1    19     2    12
  2.9215527315985590E-02 a      1413     1    19     2    13
 -9.0568762007653944E-02 a      1414     1    19     2    14
  4.5880213945484472E-01 a      1415     1    19     2    15
  3.2983943104091656E-01 a      1416     1    19     2    16
  8.7008408528995745E-02 a      1417     1    19     2    17
 -4.4284148704442639E-02 a      1418     1    19     2    18
 -9.1135205340398234E-02 a      1419     1    19     2    19
 -4.5485911683776087E-01 a      1420     1    19     2    20
  1.8480448077746423E-01 a      1421     1    20     2     1
  1.0945440662724490E+00 a      1422     1    20     2     2
 -5.8288435951608197E-01 a      1423     1    20     2     3
  8.7871160547080815E-02 a      1424     1    20     2     4
 -3.2886549877312371E-01 a      1425     1    20     2     5
  7.0938220395688104E-02 a      1426     1    20     2     6
  4.3048906338716136E-01 a      1427     1    20     2     7
 -1.6092397767039449E-01 a      1428     1    20     2     8
 -4.0094645066440149E-01 a      1429     1    20     2     9
  1.0021434678858461E-01 a      1430     1    20     2    10
  4.2917972361656398E-01 a      1431     1    20     2    11
  5.4551992188716836E-01 a      1432     1    20     2    12
 -2.0936498615828292E-02 a      1433     1    20     2    13
 -2.4983146261671871E-01 a      1434     1    20     2    14
  1.0464168945818346E-01 a      1435     1    20     2    15
  4.2939054782233066E-01 a      1436     1    20     2    16
  1.6905302368574729E-01 a      1437     1    20     2    17
 -9.6216631769161523E-02 a      1438     1    20     2    18
 -4.1302031737742617E-01 a      1439     1    20     2    19
 -1.7801072672331236E-01 a      1440     1    20     2    20
  9.7540083900679442E-01 b      1441     2     1
 -1.1460401169526815E+00 b      1442     2     2
  5.2691758758179930E-01 b      1443     2     3
  1.2518624527795177E+00 b      1444     2     4
 -5.2126915304348861E-02 b      1445     2     5
 -7.7321519062831989E-01 b      1446     2     6
 -1.4732457687408140E+00 b      1447     2     7
 -1.4031781660913634E+00 b      1448     2     8
  1.0756842063641090E+00 b      1449     2     9
  6.2974733065591093E-01 b      1450     2    10
 -1.3892903217397596E+00 b      1451     2    11
 -5.4340477219927730E-01 b      1452     2    12
 -1.7440991709593778E-01 b      1453     2    13
  1.6577558366640777E+00 b      1454     2    14
 -3.4312243835178946E-02 b      1455     2    15
  4.9864352835895737E-01 b      1456     2    16
 -7.5455638506069977E-01 b      1457     2    17
  1.7027008696250063E+00 b      1458     2    18
 -1.5394609282289582E+00 b      1459     2    19
  9.7486979803195895E-01 b      1460     2    20
  1.3548319124130195E+00 a      1461     2     1     3     1
 -1.9037231395306689E-01 a      1462     2     2     3     1
  1.3653971980646618E+00 a      1463     2     3     3     1
  1.9447595366602111E+00 a      1464     2     4     3     1
  9.3669037278301115E-01 a      1465     2     5     3     1
 -1.5098239185474867E+00 a      1466     2     6     3     1
  1.1528556977339452E-01 a      1467     2     7     3     1
 -2.5469971785408352E+00 a      1468     2     8     3     1
  2.6311667070657228E+00 a      1469     2     9     3     1
  2.5460881425527804E+00 a      1470     2    10     3     1
 -2.5297341267177836E-01 a      1471     2    11     3     1
 -5.5215915210872357E-01 a      1472     2    12     3     1
 -1.9365291893767165E+00 a      1473     2    13     3     1
  1.9321263103235367E+00 a      1474     2    14     3     1
  6.6829613335753457E-01 a      1475     2    15     3     1
  1.5014229614447736E+00 a      1476     2    16     3     1
 -2.3606892613240718E-01 a      1477     2    17     3     1
  3.9389518933808171E-01 a      1478     2    18     3     1
 -1.8043977713497670E+00 a      1479     2    19     3     1
  1.9749294620607077E-01 a      1480     2    20     3     1
  1.7879385882278405E+00 b      1481     3     1
