################################################################################
# Neural network connection values (weights and biases).
################################################################################
# Col  Name       Description
################################################################################
# 1    connection Neural network connection value.
# 2    t          Connection type (a = weight, b = bias).
# 3    index      Index enumerating weights.
# 4    l_s        Starting point layer (end point layer for biases).
# 5    n_s        Starting point neuron in starting layer (end point neuron for biases).
# 6    l_e        End point layer.
# 7    n_e        End point neuron in end layer.
################################################################################
#                      1 2         3     4     5     6     7
#             connection t     index   l_s   n_s   l_e   n_e
############################################################
 -2.4036840713349134E-01 a         1     0     1     1     1
 -7.2478880409152613E-01 a         2     0     1     1     2
 -1.6414854713365311E-02 a         3     0     1     1     3
  2.5560802944333616E-01 a         4     0     1     1     4
 -2.0418780352803484E-01 a         5     0     1     1     5
 -1.4455615914164274E-01 a         6     0     1     1     6
 -1.7389806947446676E-01 a         7     0     1     1     7
  3.1156515914995252E-02 a         8     0     1     1     8
 -1.7646623880442830E-01 a         9     0     1     1     9
 -7.2932146419405514E-02 a        10     0     1     1    10
 -9.7661170707551578E-02 a        11     0     1     1    11
 -2.4578996567071479E-01 a        12     0     1     1    12
 -2.9974127013034035E-01 a        13     0     1     1    13
  4.8667351025583466E-01 a        14     0     1     1    14
  1.7078297095279737E-01 a        15     0     1     1    15
  7.8653995171257072E-03 a        16     0     1     1    16
  1.9640215434739838E-01 a        17     0     1     1    17
 -5.0041689764965680E-01 a        18     0     1     1    18
 -2.4214613323818113E-01 a        19     0     1     1    19
 -1.6500487087138108E-01 a        20     0     1     1    20
 -5.4481328092036450E-02 a        21     0     2     1     1
 -1.8328502405486177E-01 a        22     0     2     1     2
  2.1394414594872743E-01 a        23     0     2     1     3
  6.6814280324565906E-02 a        24     0     2     1     4
 -4.6090208878027511E-01 a        25     0     2     1     5
  2.8836394341257043E-01 a        26     0     2     1     6
 -1.8991234770291307E-01 a        27     0     2     1     7
 -5.3628516183602815E-01 a        28     0     2     1     8
  3.7820837470615382E-01 a        29     0     2     1     9
  6.5707789501029124E-02 a        30     0     2     1    10
  9.4191038134283020E-02 a        31     0     2     1    11
 -2.8952538513473132E-02 a        32     0     2     1    12
  1.0192872306726043E-02 a        33     0     2     1    13
  1.2855950772515287E-01 a        34     0     2     1    14
  4.5129081414527254E-02 a        35     0     2     1    15
 -6.4064246251801138E-01 a        36     0     2     1    16
 -1.7392036380127418E-01 a        37     0     2     1    17
  4.8245953003105961E-02 a        38     0     2     1    18
 -4.0743338446734978E-01 a        39     0     2     1    19
 -2.3025011292649589E-01 a        40     0     2     1    20
  1.9087507195157769E-01 a        41     0     3     1     1
  6.6442507771510423E-02 a        42     0     3     1     2
 -4.8252499996765008E-01 a        43     0     3     1     3
  2.0759795631496022E-01 a        44     0     3     1     4
  2.4702728941036073E-01 a        45     0     3     1     5
  4.0691275727658772E-02 a        46     0     3     1     6
  2.4671341968628313E-01 a        47     0     3     1     7
 -3.9841596582720407E-01 a        48     0     3     1     8
 -8.6286854304004294E-03 a        49     0     3     1     9
 -4.3529952366435309E-04 a        50     0     3     1    10
 -1.0140732350353756E-02 a        51     0     3     1    11
  9.4773235100681100E-02 a        52     0     3     1    12
 -1.1176352026639566E-01 a        53     0     3     1    13
 -1.9132648581799452E-01 a        54     0     3     1    14
 -2.6712720175625700E-02 a        55     0     3     1    15
  1.0529629879505335E-01 a        56     0     3     1    16
 -2.6039156410255299E-01 a        57     0     3     1    17
  3.7832170572331192E-01 a        58     0     3     1    18
 -9.8046677851618080E-02 a        59     0     3     1    19
  5.9984191313171176E-02 a        60     0     3     1    20
  2.8272747744542293E-01 a        61     0     4     1     1
 -1.2490784907801136E-01 a        62     0     4     1     2
 -4.0971647058895488E-01 a        63     0     4     1     3
 -1.2072827955394944E-01 a        64     0     4     1     4
  1.2311935238475631E-01 a        65     0     4     1     5
  4.1077295029617006E-01 a        66     0     4     1     6
 -4.0012505297286605E-01 a        67     0     4     1     7
  2.3561123390321628E-01 a        68     0     4     1     8
  2.0252168963172010E-01 a        69     0     4     1     9
 -1.0837860297415182E-01 a        70     0     4     1    10
  2.0577738466575993E-01 a        71     0     4     1    11
  1.0144936222146179E-01 a        72     0     4     1    12
 -3.4567875005083920E-01 a        73     0     4     1    13
 -4.5186028877307516E-01 a        74     0     4     1    14
  3.0576116198691543E-02 a        75     0     4     1    15
  3.6065642690512956E-01 a        76     0     4     1    16
  1.2084994414846756E-01 a        77     0     4     1    17
  1.7449122202083797E-01 a        78     0     4     1    18
  2.3113494643513544E-01 a        79     0     4     1    19
 -2.2740506578411610E-03 a        80     0     4     1    20
 -5.4115709613253526E-01 a        81     0     5     1     1
  3.8943554757340015E-01 a        82     0     5     1     2
  5.2417165980325964E-01 a        83     0     5     1     3
  2.9090620721487248E-01 a        84     0     5     1     4
 -1.0096889629612041E-01 a        85     0     5     1     5
 -2.4615354831417138E-01 a        86     0     5     1     6
 -8.2978922302402683E-02 a        87     0     5     1     7
  9.0476423435281797E-02 a        88     0     5     1     8
  3.0247241352924070E-02 a        89     0     5     1     9
 -2.4778312706201902E-01 a        90     0     5     1    10
 -5.0103815918955530E-01 a        91     0     5     1    11
  3.1793032164126944E-01 a        92     0     5     1    12
  4.5714482369527559E-01 a        93     0     5     1    13
 -3.2583388530120085E-02 a        94     0     5     1    14
  2.2661312628849777E-02 a        95     0     5     1    15
 -8.1508115123923433E-02 a        96     0     5     1    16
 -3.7966876469219972E-02 a        97     0     5     1    17
 -3.0684957339264751E-01 a        98     0     5     1    18
  3.9000093467726954E-01 a        99     0     5     1    19
 -1.7031940633305029E-02 a       100     0     5     1    20
 -3.3470049271829572E-01 a       101     0     6     1     1
  2.6065987332421059E-01 a       102     0     6     1     2
  8.7663310419505258E-02 a       103     0     6     1     3
 -1.1621747401918506E-01 a       104     0     6     1     4
 -1.4752161874170694E-01 a       105     0     6     1     5
 -7.9974036363355858E-02 a       106     0     6     1     6
 -5.9911798570394248E-01 a       107     0     6     1     7
  2.3749054708574088E-01 a       108     0     6     1     8
  1.7493110834199796E-01 a       109     0     6     1     9
  2.4956684497788148E-01 a       110     0     6     1    10
 -2.4267495050591165E-01 a       111     0     6     1    11
  3.2639677684757740E-01 a       112     0     6     1    12
  4.0113175441425042E-01 a       113     0     6     1    13
  1.8001514532184643E-02 a       114     0     6     1    14
 -1.5943016217559874E-01 a       115     0     6     1    15
  4.7803851337442815E-01 a       116     0     6     1    16
  3.9123317639742733E-01 a       117     0     6     1    17
  3.6102507913448778E-01 a       118     0     6     1    18
  4.2385999789307621E-01 a       119     0     6     1    19
  5.0632375371027494E-01 a       120     0     6     1    20
  1.6855953973408760E-01 a       121     0     7     1     1
  1.8026095551002810E-01 a       122     0     7     1     2
  1.8680999562720790E-01 a       123     0     7     1     3
  3.4882699497670877E-01 a       124     0     7     1     4
 -2.6229105403450564E-01 a       125     0     7     1     5
 -1.2649459314234593E-01 a       126     0     7     1     6
  4.8275928497214782E-01 a       127     0     7     1     7
 -4.2567877140232607E-01 a       128     0     7     1     8
  1.7151315100107120E-01 a       129     0     7     1     9
 -1.7343210147988816E-01 a       130     0     7     1    10
  1.8514191789734522E-01 a       131     0     7     1    11
  2.9946788070142416E-01 a       132     0     7     1    12
  3.9328693850618018E-01 a       133     0     7     1    13
 -2.2929937619886995E-01 a       134     0     7     1    14
  3.2021118405300653E-01 a       135     0     7     1    15
 -1.4679071517570955E-01 a       136     0     7     1    16
 -6.0791731591923703E-01 a       137     0     7     1    17
  1.8105583962731336E-01 a       138     0     7     1    18
  2.1598383797294912E-01 a       139     0     7     1    19
  7.3942549007252528E-02 a       140     0     7     1    20
  1.5610375544149230E-01 a       141     0     8     1     1
 -1.7047363799396603E-01 a       142     0     8     1     2
 -6.3353837110131945E-03 a       143     0     8     1     3
 -2.0436173588212508E-02 a       144     0     8     1     4
 -4.2788617242245242E-01 a       145     0     8     1     5
  5.6261348573896164E-01 a       146     0     8     1     6
 -2.0665681143371817E-01 a       147     0     8     1     7
  1.5437928537639661E-01 a       148     0     8     1     8
  1.0867778524781015E-01 a       149     0     8     1     9
 -2.2044194491366259E-01 a       150     0     8     1    10
 -2.0011110154535333E-01 a       151     0     8     1    11
 -2.4354411395375172E-01 a       152     0     8     1    12
  4.2659453874190296E-02 a       153     0     8     1    13
  3.0065347227140693E-01 a       154     0     8     1    14
 -1.3147768970034393E-01 a       155     0     8     1    15
 -2.7246495548885319E-01 a       156     0     8     1    16
  3.6661154979955274E-01 a       157     0     8     1    17
 -1.0235840737516126E-01 a       158     0     8     1    18
 -1.0511572653126061E-01 a       159     0     8     1    19
 -8.1071674206852351E-02 a       160     0     8     1    20
 -9.7851522870877505E-02 a       161     0     9     1     1
  2.6382383793172298E-01 a       162     0     9     1     2
 -6.9448966389656516E-02 a       163     0     9     1     3
  6.8814449749755119E-02 a       164     0     9     1     4
  2.4851415100981675E-01 a       165     0     9     1     5
  3.8886381231896305E-01 a       166     0     9     1     6
  2.7358948074422851E-01 a       167     0     9     1     7
  7.7283150968068093E-02 a       168     0     9     1     8
 -5.2645773473094715E-01 a       169     0     9     1     9
 -3.1033436004015924E-01 a       170     0     9     1    10
 -5.7692696884483619E-01 a       171     0     9     1    11
  1.4202488713138631E-01 a       172     0     9     1    12
  6.6647297238835612E-02 a       173     0     9     1    13
 -8.7595290302740617E-02 a       174     0     9     1    14
  2.0324133677810571E-01 a       175     0     9     1    15
 -1.6985009177846181E-02 a       176     0     9     1    16
  9.4784820928939667E-02 a       177     0     9     1    17
  1.6259497294829121E-02 a       178     0     9     1    18
  3.1084111641478440E-01 a       179     0     9     1    19
 -9.9892242886198648E-02 a       180     0     9     1    20
  4.5974644899492173E-01 a       181     0    10     1     1
  3.3073910463993321E-02 a       182     0    10     1     2
 -6.9377222950106274E-02 a       183     0    10     1     3
  2.5725305006110799E-01 a       184     0    10     1     4
 -1.6107069315818154E-01 a       185     0    10     1     5
  1.5922909743164226E-01 a       186     0    10     1     6
 -1.7205613273857792E-01 a       187     0    10     1     7
  4.5617506356099513E-02 a       188     0    10     1     8
 -1.3276609036232003E-02 a       189     0    10     1     9
  3.1818490225599405E-01 a       190     0    10     1    10
  2.9732694060008302E-01 a       191     0    10     1    11
  3.1376319242977423E-02 a       192     0    10     1    12
  2.6442011142639221E-01 a       193     0    10     1    13
 -3.7003185724413024E-02 a       194     0    10     1    14
 -2.8215046869879041E-02 a       195     0    10     1    15
 -4.6668893645663012E-02 a       196     0    10     1    16
 -2.3463857431642812E-01 a       197     0    10     1    17
 -8.6964190578223358E-03 a       198     0    10     1    18
  1.0186316327984359E-01 a       199     0    10     1    19
 -7.2749765951859044E-02 a       200     0    10     1    20
 -1.8731067257009154E-01 a       201     0    11     1     1
 -2.2812093920541376E-01 a       202     0    11     1     2
  1.1368142181888208E-01 a       203     0    11     1     3
 -4.4462719628592412E-01 a       204     0    11     1     4
  6.3534470438753807E-02 a       205     0    11     1     5
 -1.0051687227061386E-01 a       206     0    11     1     6
 -2.6386128880594872E-01 a       207     0    11     1     7
 -1.7404090067089784E-01 a       208     0    11     1     8
  4.4471887605103977E-01 a       209     0    11     1     9
  9.7416239958665218E-02 a       210     0    11     1    10
  3.2585934070734002E-01 a       211     0    11     1    11
  8.1660788611476506E-02 a       212     0    11     1    12
 -3.7447522510762565E-01 a       213     0    11     1    13
  4.2371004746266171E-02 a       214     0    11     1    14
  1.1087559809519636E-02 a       215     0    11     1    15
 -6.3951132818077364E-02 a       216     0    11     1    16
  9.5742399701809339E-02 a       217     0    11     1    17
  3.7434357240906887E-03 a       218     0    11     1    18
  1.5280214264845721E-01 a       219     0    11     1    19
  1.9208487946389985E-01 a       220     0    11     1    20
 -2.6120419132772275E-02 a       221     0    12     1     1
  1.0073893584199795E-01 a       222     0    12     1     2
 -4.0141973714888102E-01 a       223     0    12     1     3
 -2.7135403251690621E-01 a       224     0    12     1     4
  1.1536742874353263E-01 a       225     0    12     1     5
 -7.2502992436650940E-02 a       226     0    12     1     6
  5.6303060751342525E-02 a       227     0    12     1     7
 -3.1162466783600556E-01 a       228     0    12     1     8
  4.3168032949040125E-01 a       229     0    12     1     9
 -1.3830184077559510E-01 a       230     0    12     1    10
  3.6337867054471129E-01 a       231     0    12     1    11
 -4.5567000936783986E-01 a       232     0    12     1    12
 -5.5931708836790620E-02 a       233     0    12     1    13
  5.5889222815843687E-01 a       234     0    12     1    14
 -2.5203964178948901E-01 a       235     0    12     1    15
 -2.1820585494762169E-03 a       236     0    12     1    16
  2.4239595597381924E-01 a       237     0    12     1    17
 -5.1127835506952457E-01 a       238     0    12     1    18
 -4.6987461574651868E-01 a       239     0    12     1    19
 -8.0078253794377802E-02 a       240     0    12     1    20
  1.4303537704290534E-01 a       241     0    13     1     1
  2.9852848701025342E-01 a       242     0    13     1     2
 -2.4904155368643802E-01 a       243     0    13     1     3
 -1.9200055094573290E-01 a       244     0    13     1     4
 -2.3930052189232962E-01 a       245     0    13     1     5
  2.6875460202115042E-01 a       246     0    13     1     6
 -9.3462486170453996E-02 a       247     0    13     1     7
  4.4809696019238746E-02 a       248     0    13     1     8
 -2.5558403996079848E-01 a       249     0    13     1     9
 -9.8652382271093408E-02 a       250     0    13     1    10
  1.1409732298903875E-01 a       251     0    13     1    11
  3.0860839031880949E-01 a       252     0    13     1    12
  2.7550278647076487E-01 a       253     0    13     1    13
 -6.1929018777121793E-02 a       254     0    13     1    14
 -1.2136788324679502E-01 a       255     0    13     1    15
 -1.9503745226353650E-01 a       256     0    13     1    16
 -3.1311775289446903E-01 a       257     0    13     1    17
 -1.5776003048229412E-01 a       258     0    13     1    18
 -1.4488868994294721E-01 a       259     0    13     1    19
  2.4174126501623905E-01 a       260     0    13     1    20
  1.2285322699527157E-01 a       261     0    14     1     1
 -3.3918041885138195E-01 a       262     0    14     1     2
 -1.6467182403193170E-01 a       263     0    14     1     3
 -9.9763222716242217E-02 a       264     0    14     1     4
  8.4180629593566772E-02 a       265     0    14     1     5
  1.5518938162421556E-01 a       266     0    14     1     6
 -1.2340810930922853E-01 a       267     0    14     1     7
 -2.5908371283198983E-01 a       268     0    14     1     8
 -2.0542187670562215E-01 a       269     0    14     1     9
  3.2030057013602303E-01 a       270     0    14     1    10
  3.7687356999453375E-01 a       271     0    14     1    11
 -3.3044572423235430E-01 a       272     0    14     1    12
 -8.6301317345723008E-02 a       273     0    14     1    13
 -3.4633815399281363E-02 a       274     0    14     1    14
 -1.3170905073973352E-02 a       275     0    14     1    15
  4.1972859781149724E-01 a       276     0    14     1    16
  1.6248136048504561E-01 a       277     0    14     1    17
  3.9990432335108411E-01 a       278     0    14     1    18
 -2.8699146975355727E-01 a       279     0    14     1    19
  1.3366646049434600E-01 a       280     0    14     1    20
 -5.0512725398316707E-02 a       281     0    15     1     1
 -4.5423507865098472E-01 a       282     0    15     1     2
  1.3482591651240072E-01 a       283     0    15     1     3
 -1.4880615930346015E-02 a       284     0    15     1     4
  2.2333836749292625E-03 a       285     0    15     1     5
  7.5502452624572863E-02 a       286     0    15     1     6
 -1.1072197033623374E-01 a       287     0    15     1     7
  3.0904851135817368E-01 a       288     0    15     1     8
  2.3556259670647856E-01 a       289     0    15     1     9
 -3.8543801153959578E-01 a       290     0    15     1    10
 -2.9108881756631122E-01 a       291     0    15     1    11
 -2.5024745425917216E-01 a       292     0    15     1    12
  1.2448480047859170E-01 a       293     0    15     1    13
 -2.0330615322847140E-01 a       294     0    15     1    14
 -7.3799507508050741E-02 a       295     0    15     1    15
 -3.0510080728404054E-01 a       296     0    15     1    16
  3.1224631933260021E-02 a       297     0    15     1    17
  3.5137833486204489E-01 a       298     0    15     1    18
 -1.6265820810867906E-01 a       299     0    15     1    19
 -1.7121666656946217E-02 a       300     0    15     1    20
 -5.1317840568977743E-02 a       301     0    16     1     1
  1.4669337135570366E+00 a       302     0    16     1     2
  1.1677381824455656E-01 a       303     0    16     1     3
  2.0071107045383937E-01 a       304     0    16     1     4
 -2.4899591038105329E-01 a       305     0    16     1     5
 -5.2364585035691602E-01 a       306     0    16     1     6
 -1.5014896689098481E-01 a       307     0    16     1     7
  1.6095225137239246E+00 a       308     0    16     1     8
 -8.5464793511253190E-01 a       309     0    16     1     9
  1.6583993453786100E-01 a       310     0    16     1    10
  2.2420230869834551E-01 a       311     0    16     1    11
  1.5155982940270536E+00 a       312     0    16     1    12
 -2.8604719884552410E-01 a       313     0    16     1    13
  2.1402622576247121E-01 a       314     0    16     1    14
 -2.5682548028742397E-01 a       315     0    16     1    15
 -8.7523781611018558E-01 a       316     0    16     1    16
 -5.7777628592964991E-01 a       317     0    16     1    17
 -4.2522199837164193E-01 a       318     0    16     1    18
  5.9697813469959415E-01 a       319     0    16     1    19
 -2.1292447720463706E-01 a       320     0    16     1    20
 -1.0652319072207560E-01 a       321     0    17     1     1
 -8.6861299881777754E-01 a       322     0    17     1     2
  1.3885092083636214E-01 a       323     0    17     1     3
 -3.5769515922232131E-01 a       324     0    17     1     4
  8.3462859235581865E-01 a       325     0    17     1     5
  9.0569649245290107E-01 a       326     0    17     1     6
 -2.4563060648394441E-01 a       327     0    17     1     7
 -1.7465014893149347E+00 a       328     0    17     1     8
  5.3120670465263364E-01 a       329     0    17     1     9
 -7.7330098540683748E-02 a       330     0    17     1    10
 -2.8883697364234862E-01 a       331     0    17     1    11
 -1.2851763215085750E+00 a       332     0    17     1    12
  6.5540973575984263E-01 a       333     0    17     1    13
 -5.7267802422755983E-02 a       334     0    17     1    14
  4.1459260294227690E-01 a       335     0    17     1    15
  8.5230230564534271E-01 a       336     0    17     1    16
  5.7959477792824443E-01 a       337     0    17     1    17
  2.9710853094091538E-01 a       338     0    17     1    18
 -7.0269276566228955E-01 a       339     0    17     1    19
  4.6378283929420744E-01 a       340     0    17     1    20
  1.3153175744761503E-01 a       341     0    18     1     1
 -2.8472088092774208E-02 a       342     0    18     1     2
  2.4834961818105172E-01 a       343     0    18     1     3
  8.5172508725348350E-01 a       344     0    18     1     4
  2.6934854092531918E-01 a       345     0    18     1     5
 -1.3632063232240565E-01 a       346     0    18     1     6
  3.5777103197328691E-01 a       347     0    18     1     7
  3.6091197036139389E-01 a       348     0    18     1     8
  2.3226437745749032E-01 a       349     0    18     1     9
  3.0622257219856974E-01 a       350     0    18     1    10
  9.8586782065509179E-02 a       351     0    18     1    11
 -2.9902247208084060E-01 a       352     0    18     1    12
 -3.8001116519467658E-02 a       353     0    18     1    13
 -3.4668251441137288E-01 a       354     0    18     1    14
 -6.6643561021786235E-01 a       355     0    18     1    15
  2.1758288031853704E-01 a       356     0    18     1    16
  5.7912885067515862E-01 a       357     0    18     1    17
  1.7117274804702853E-01 a       358     0    18     1    18
  5.7490574028043018E-01 a       359     0    18     1    19
 -5.5676315976463164E-01 a       360     0    18     1    20
  2.5756380291772729E-01 a       361     0    19     1     1
 -3.8361187711440253E-01 a       362     0    19     1     2
 -6.1148122200632327E-01 a       363     0    19     1     3
  1.2650234344225109E-01 a       364     0    19     1     4
 -1.0401373262647062E-01 a       365     0    19     1     5
 -3.9372443502454041E-01 a       366     0    19     1     6
 -3.9940814800101232E-01 a       367     0    19     1     7
 -3.2962271477667399E-01 a       368     0    19     1     8
  6.5014020726769695E-01 a       369     0    19     1     9
 -7.6508489124270596E-01 a       370     0    19     1    10
  2.5392935181531393E-02 a       371     0    19     1    11
 -2.5150315740953944E-01 a       372     0    19     1    12
 -4.4379345675130560E-01 a       373     0    19     1    13
 -2.5257176253774433E-01 a       374     0    19     1    14
  3.8198871694544922E-01 a       375     0    19     1    15
 -2.3957760711362711E-01 a       376     0    19     1    16
 -2.5689186158113170E-01 a       377     0    19     1    17
  2.7403452555897673E-01 a       378     0    19     1    18
 -3.2003185271806006E-01 a       379     0    19     1    19
  6.1932995412357128E-01 a       380     0    19     1    20
 -5.0071470182602218E-01 a       381     0    20     1     1
 -2.9877280196672029E-01 a       382     0    20     1     2
  4.3488482073775578E-02 a       383     0    20     1     3
 -3.4581285414761978E-02 a       384     0    20     1     4
  2.6201645456844286E-01 a       385     0    20     1     5
  6.6269894878099977E-02 a       386     0    20     1     6
  5.0202162074616885E-01 a       387     0    20     1     7
 -6.9319493174298719E-01 a       388     0    20     1     8
  2.6278963809700179E-01 a       389     0    20     1     9
  4.6605506677216196E-01 a       390     0    20     1    10
 -7.0715583857315883E-02 a       391     0    20     1    11
 -3.6061569901252782E-01 a       392     0    20     1    12
 -1.2069390260254104E-02 a       393     0    20     1    13
  6.6664242554921420E-04 a       394     0    20     1    14
  8.7359985577160418E-03 a       395     0    20     1    15
  2.5106884788602135E-01 a       396     0    20     1    16
  3.3196613621379617E-01 a       397     0    20     1    17
  1.3273845525185043E-01 a       398     0    20     1    18
  1.6008960021618035E-01 a       399     0    20     1    19
  2.0393744211126777E-01 a       400     0    20     1    20
  1.5656998938828240E-01 a       401     0    21     1     1
  1.0556464139365912E-01 a       402     0    21     1     2
  4.1730852939636812E-02 a       403     0    21     1     3
  2.9301354821448933E-01 a       404     0    21     1     4
 -8.2031278488881099E-01 a       405     0    21     1     5
 -3.5397529004584904E-01 a       406     0    21     1     6
  3.3329017123474047E-01 a       407     0    21     1     7
  6.9861008647339962E-01 a       408     0    21     1     8
 -5.2473820845118846E-01 a       409     0    21     1     9
  3.2894138576853227E-01 a       410     0    21     1    10
  6.3752683219148665E-01 a       411     0    21     1    11
  3.9296659568711778E-01 a       412     0    21     1    12
 -3.5811616551702596E-01 a       413     0    21     1    13
 -1.8334535716485373E-01 a       414     0    21     1    14
  1.2941897499969374E-01 a       415     0    21     1    15
 -6.4616075633377335E-01 a       416     0    21     1    16
 -1.1742711331242776E-02 a       417     0    21     1    17
 -7.6829323166347752E-01 a       418     0    21     1    18
  3.2202263603185555E-01 a       419     0    21     1    19
 -1.1375026446749437E-01 a       420     0    21     1    20
  2.3338509627436282E-01 a       421     0    22     1     1
  4.9151813611504852E-01 a       422     0    22     1     2
 -5.7106197428487562E-02 a       423     0    22     1     3
 -5.5753464355627502E-01 a       424     0    22     1     4
 -1.7235702737981631E-01 a       425     0    22     1     5
  2.4307565762620859E-01 a       426     0    22     1     6
 -2.6022432581098376E-01 a       427     0    22     1     7
 -3.0006175619540734E-02 a       428     0    22     1     8
 -3.1507431359565335E-01 a       429     0    22     1     9
 -2.8947904058489093E-01 a       430     0    22     1    10
  2.9186920855363077E-02 a       431     0    22     1    11
  7.3783814626020605E-01 a       432     0    22     1    12
  1.8913364302359090E-01 a       433     0    22     1    13
  3.6832600637704443E-01 a       434     0    22     1    14
 -2.5052293169011582E-02 a       435     0    22     1    15
 -9.4699542701168288E-02 a       436     0    22     1    16
 -4.1146284874258116E-01 a       437     0    22     1    17
 -9.0192940278552194E-02 a       438     0    22     1    18
 -7.4285360643070319E-01 a       439     0    22     1    19
 -4.9316892218964535E-02 a       440     0    22     1    20
 -1.9966248770065829E-02 a       441     0    23     1     1
 -3.5200307388341939E-01 a       442     0    23     1     2
  7.3180998822825805E-02 a       443     0    23     1     3
 -1.2635910697367159E-01 a       444     0    23     1     4
  2.2855610389255374E-01 a       445     0    23     1     5
 -3.3842495039160723E-03 a       446     0    23     1     6
 -2.1329484562110554E-01 a       447     0    23     1     7
 -6.7633630267411060E-01 a       448     0    23     1     8
  2.4251003649007152E-01 a       449     0    23     1     9
  3.3481937750651669E-01 a       450     0    23     1    10
 -4.0556220677958998E-01 a       451     0    23     1    11
 -7.5093675707616014E-01 a       452     0    23     1    12
  2.9431111140520061E-01 a       453     0    23     1    13
  3.7084134317834844E-01 a       454     0    23     1    14
 -3.4702458020868365E-01 a       455     0    23     1    15
  1.3463608679191949E-01 a       456     0    23     1    16
  3.3108084823271999E-01 a       457     0    23     1    17
  3.6311210074441186E-01 a       458     0    23     1    18
  2.4079792330687955E-01 a       459     0    23     1    19
 -6.6176318935049760E-01 a       460     0    23     1    20
 -3.3682180932678341E-01 a       461     0    24     1     1
  2.0590042374017625E-01 a       462     0    24     1     2
  3.6579713440056122E-01 a       463     0    24     1     3
 -5.7888224648927171E-02 a       464     0    24     1     4
 -3.1297115799529840E-01 a       465     0    24     1     5
 -1.8890275506904025E-01 a       466     0    24     1     6
  1.9277555626020340E-01 a       467     0    24     1     7
 -1.2393547558037751E-01 a       468     0    24     1     8
  2.2880730270964705E-01 a       469     0    24     1     9
 -3.2066836520517417E-01 a       470     0    24     1    10
 -4.8854943096909031E-01 a       471     0    24     1    11
 -6.9516374853827223E-02 a       472     0    24     1    12
  2.9340641573644416E-01 a       473     0    24     1    13
  4.3953281519817098E-03 a       474     0    24     1    14
 -6.9362513020461161E-02 a       475     0    24     1    15
 -1.1316074128829495E-01 a       476     0    24     1    16
  1.7772779508394797E-02 a       477     0    24     1    17
  1.9143864625995227E-01 a       478     0    24     1    18
  2.1419928058122398E-01 a       479     0    24     1    19
 -1.6795502819303279E-01 a       480     0    24     1    20
 -2.9452255250514866E-02 a       481     0    25     1     1
  7.5520675494891581E-02 a       482     0    25     1     2
  1.8894681264039312E-01 a       483     0    25     1     3
  1.4402351183303055E-01 a       484     0    25     1     4
 -7.8217115220050829E-02 a       485     0    25     1     5
  2.1712799866674588E-02 a       486     0    25     1     6
 -1.4675086245384045E-01 a       487     0    25     1     7
  6.3332300447471024E-01 a       488     0    25     1     8
 -4.4550705576779126E-01 a       489     0    25     1     9
  7.8405132392783605E-01 a       490     0    25     1    10
 -4.3829244280596835E-01 a       491     0    25     1    11
 -9.1900360872153530E-01 a       492     0    25     1    12
 -4.4990978058150466E-01 a       493     0    25     1    13
  4.4660446986593560E-01 a       494     0    25     1    14
 -1.9249885011592405E-01 a       495     0    25     1    15
  4.2440544376666961E-01 a       496     0    25     1    16
  1.0485853486392123E+00 a       497     0    25     1    17
  1.1913105770880318E-01 a       498     0    25     1    18
  7.0811493878579030E-03 a       499     0    25     1    19
  3.4876343069235438E-01 a       500     0    25     1    20
 -1.0526613692912003E-01 a       501     0    26     1     1
 -2.4957441291195062E-01 a       502     0    26     1     2
  3.3521477981232650E-01 a       503     0    26     1     3
  7.4692319716588229E-01 a       504     0    26     1     4
  2.4674903960899536E-01 a       505     0    26     1     5
 -8.1179689786213552E-02 a       506     0    26     1     6
  5.3953312547091029E-02 a       507     0    26     1     7
 -4.6186256712925290E-02 a       508     0    26     1     8
 -6.2251462992038331E-01 a       509     0    26     1     9
 -1.2410817186454801E-01 a       510     0    26     1    10
 -6.8307050005928360E-01 a       511     0    26     1    11
  7.6910952040200681E-02 a       512     0    26     1    12
 -2.9157786591921442E-01 a       513     0    26     1    13
  3.3205709355140681E-02 a       514     0    26     1    14
  5.8668458733828713E-02 a       515     0    26     1    15
  2.8462956767189296E-01 a       516     0    26     1    16
 -3.0885922494840190E-01 a       517     0    26     1    17
  2.2500390989717367E-01 a       518     0    26     1    18
  5.6312135466811597E-01 a       519     0    26     1    19
  3.8930523238239804E-02 a       520     0    26     1    20
  9.3007028030739833E-02 a       521     0    27     1     1
  6.7437736945285015E-02 a       522     0    27     1     2
 -3.7391501829919155E-01 a       523     0    27     1     3
 -9.2155607188787972E-02 a       524     0    27     1     4
  2.3678107997836184E-01 a       525     0    27     1     5
 -1.6958634896645755E-01 a       526     0    27     1     6
  4.1870177159141701E-02 a       527     0    27     1     7
 -5.3043867100489173E-01 a       528     0    27     1     8
 -1.2793375437734317E-01 a       529     0    27     1     9
 -3.9535571967138794E-01 a       530     0    27     1    10
  2.5748697571803159E-01 a       531     0    27     1    11
 -4.1737927318091961E-01 a       532     0    27     1    12
  3.8218907125586465E-01 a       533     0    27     1    13
 -7.1430518582026781E-01 a       534     0    27     1    14
  4.2020778079616899E-01 a       535     0    27     1    15
 -5.1866021721409838E-01 a       536     0    27     1    16
  9.4629981129566512E-02 a       537     0    27     1    17
  3.2334764285891748E-01 a       538     0    27     1    18
 -5.2976752341447153E-01 a       539     0    27     1    19
 -3.3861043113479455E-01 a       540     0    27     1    20
 -1.2158131704189447E-04 a       541     0    28     1     1
  5.9069140533423901E-02 a       542     0    28     1     2
 -6.4332042571745934E-02 a       543     0    28     1     3
  6.5888372727115523E-03 a       544     0    28     1     4
  4.8309317999864376E-01 a       545     0    28     1     5
  4.1761542268758847E-02 a       546     0    28     1     6
 -2.2766385418926804E-01 a       547     0    28     1     7
  1.3129431842684031E-01 a       548     0    28     1     8
 -1.8420041561991704E-01 a       549     0    28     1     9
  2.3433341210254593E-01 a       550     0    28     1    10
  1.8650781680843994E-02 a       551     0    28     1    11
  2.0139307122302111E-01 a       552     0    28     1    12
 -1.0224147914865127E-01 a       553     0    28     1    13
  1.6958310800702023E-01 a       554     0    28     1    14
  2.2809002552270968E-01 a       555     0    28     1    15
  2.7853401599270800E-01 a       556     0    28     1    16
  1.2792747597202803E-01 a       557     0    28     1    17
 -5.4206631515935716E-02 a       558     0    28     1    18
 -5.0529584600834487E-01 a       559     0    28     1    19
  2.4851049555646144E-02 a       560     0    28     1    20
  3.4110215067604099E-01 a       561     0    29     1     1
 -2.9191634812749917E-01 a       562     0    29     1     2
 -2.7939562513401450E-01 a       563     0    29     1     3
 -3.7545301523705749E-01 a       564     0    29     1     4
  7.5229531599021116E-01 a       565     0    29     1     5
 -7.7956124150492934E-01 a       566     0    29     1     6
  6.3736755441123716E-01 a       567     0    29     1     7
  2.9044701103863974E-01 a       568     0    29     1     8
 -6.3212629662889086E-01 a       569     0    29     1     9
  2.6417677099379849E-01 a       570     0    29     1    10
  5.7824389781785157E-01 a       571     0    29     1    11
  3.0809820587548037E-01 a       572     0    29     1    12
 -7.7255632757936593E-02 a       573     0    29     1    13
  4.0453363450460734E-03 a       574     0    29     1    14
  8.1051713371385642E-02 a       575     0    29     1    15
  5.5812308624890772E-01 a       576     0    29     1    16
  7.9875530851698406E-02 a       577     0    29     1    17
 -3.3406807673597126E-02 a       578     0    29     1    18
  1.3113980305761305E-01 a       579     0    29     1    19
 -2.3154052156274707E-01 a       580     0    29     1    20
  8.9667490798069682E-02 a       581     0    30     1     1
 -2.0661302330986835E-02 a       582     0    30     1     2
 -3.5653650524074654E-01 a       583     0    30     1     3
 -2.2208605642251295E-01 a       584     0    30     1     4
  2.6075805137633062E-01 a       585     0    30     1     5
  5.0532272409463751E-02 a       586     0    30     1     6
 -3.9863409536827786E-02 a       587     0    30     1     7
 -7.3453024394606785E-03 a       588     0    30     1     8
  2.7710697310763394E-01 a       589     0    30     1     9
 -2.3713230621867490E-01 a       590     0    30     1    10
 -1.2317809366519480E-01 a       591     0    30     1    11
  3.8672803184811311E-01 a       592     0    30     1    12
 -3.0309463296441463E-02 a       593     0    30     1    13
  1.7817996464027433E-01 a       594     0    30     1    14
  2.0878338368228055E-01 a       595     0    30     1    15
 -1.2058372750871064E-01 a       596     0    30     1    16
 -4.2391520017446377E-01 a       597     0    30     1    17
 -2.5016966205214491E-01 a       598     0    30     1    18
 -2.4100051245499116E-01 a       599     0    30     1    19
  2.1698558983586741E-01 a       600     0    30     1    20
 -2.4054839822524499E-01 a       601     0    31     1     1
  3.9960909866882810E-01 a       602     0    31     1     2
  2.8014124923445899E-01 a       603     0    31     1     3
  2.8282439231737838E-01 a       604     0    31     1     4
 -1.0211798323078204E-01 a       605     0    31     1     5
  1.8806937161133036E-01 a       606     0    31     1     6
  2.1829522521827099E-02 a       607     0    31     1     7
  1.0925508909116660E-01 a       608     0    31     1     8
 -4.7223042603022897E-01 a       609     0    31     1     9
  1.1131801047272720E-01 a       610     0    31     1    10
  2.2649849433034935E-01 a       611     0    31     1    11
  3.4059394279022892E-01 a       612     0    31     1    12
  2.0723351176279100E-02 a       613     0    31     1    13
  3.4574256513350671E-01 a       614     0    31     1    14
 -4.3216280154926306E-01 a       615     0    31     1    15
 -5.2460509138172584E-01 a       616     0    31     1    16
 -1.3542424309973872E-01 a       617     0    31     1    17
 -5.7647882242714228E-02 a       618     0    31     1    18
  6.0576296201697710E-01 a       619     0    31     1    19
  2.6876947782220290E-01 a       620     0    31     1    20
  3.5177434539669195E-01 a       621     0    32     1     1
  1.9308434663542676E-01 a       622     0    32     1     2
 -8.9013418131260152E-02 a       623     0    32     1     3
 -4.7352829461692045E-02 a       624     0    32     1     4
 -2.8109270636922279E-01 a       625     0    32     1     5
 -8.1612962996731347E-02 a       626     0    32     1     6
  6.2658302078150063E-01 a       627     0    32     1     7
  1.0130767186494314E+00 a       628     0    32     1     8
  1.9275822488282218E-01 a       629     0    32     1     9
  3.2533786229804579E-01 a       630     0    32     1    10
 -9.5412516755590968E-02 a       631     0    32     1    11
 -6.6123215253929002E-02 a       632     0    32     1    12
  6.1608907835197846E-01 a       633     0    32     1    13
 -4.4305354040482386E-02 a       634     0    32     1    14
 -3.1414116937477926E-01 a       635     0    32     1    15
 -3.6525881621228884E-02 a       636     0    32     1    16
 -1.5090571185869558E-01 a       637     0    32     1    17
 -3.7597562799399221E-02 a       638     0    32     1    18
  3.0584055893747547E-01 a       639     0    32     1    19
 -6.7948335845495778E-01 a       640     0    32     1    20
 -5.1169921097659929E-02 a       641     0    33     1     1
  5.2423642792881919E-01 a       642     0    33     1     2
 -3.5268565950076974E-01 a       643     0    33     1     3
  1.1941028047606554E-01 a       644     0    33     1     4
  1.6152710675404516E-01 a       645     0    33     1     5
  1.8797606567654060E-01 a       646     0    33     1     6
 -4.5270196777026805E-01 a       647     0    33     1     7
 -7.4281302532264071E-01 a       648     0    33     1     8
  3.7792878835984534E-02 a       649     0    33     1     9
 -2.3748079793278573E-01 a       650     0    33     1    10
 -8.5903809984156865E-02 a       651     0    33     1    11
  5.4468000565505326E-01 a       652     0    33     1    12
 -2.6834044465240786E-01 a       653     0    33     1    13
 -2.2172779478212251E-01 a       654     0    33     1    14
  4.5870871489453713E-01 a       655     0    33     1    15
  5.4508930251711885E-01 a       656     0    33     1    16
 -8.3328619694723452E-02 a       657     0    33     1    17
 -3.9092216107542094E-01 a       658     0    33     1    18
 -3.4874397296142934E-01 a       659     0    33     1    19
 -3.1794865390368998E-01 a       660     0    33     1    20
  6.7425811568864777E-02 a       661     0    34     1     1
 -3.0881982500453917E-02 a       662     0    34     1     2
 -1.7865876051053642E-01 a       663     0    34     1     3
 -4.0063630322245097E-01 a       664     0    34     1     4
  8.3462082899179182E-02 a       665     0    34     1     5
 -1.2644724707108176E-01 a       666     0    34     1     6
  5.3855074390527735E-01 a       667     0    34     1     7
  4.5224288560045595E-01 a       668     0    34     1     8
 -3.3509460721449330E-01 a       669     0    34     1     9
  1.2777303031639725E-01 a       670     0    34     1    10
 -3.0292871065396609E-01 a       671     0    34     1    11
 -2.1398921882266506E-01 a       672     0    34     1    12
 -1.0667431918596159E-02 a       673     0    34     1    13
 -3.1065894004654159E-02 a       674     0    34     1    14
  1.9592005206185850E-01 a       675     0    34     1    15
  2.4827893316028943E-01 a       676     0    34     1    16
  2.1892456037868177E-01 a       677     0    34     1    17
  3.4773825335580910E-01 a       678     0    34     1    18
  1.2390728174495403E-02 a       679     0    34     1    19
 -2.9037450750528726E-01 a       680     0    34     1    20
  7.4113918097592171E-02 a       681     0    35     1     1
  4.2375241293691196E-01 a       682     0    35     1     2
  8.1995210274617591E-01 a       683     0    35     1     3
 -1.3361400664730081E-02 a       684     0    35     1     4
  5.8281361912115581E-01 a       685     0    35     1     5
  2.5938101901716371E-01 a       686     0    35     1     6
  3.5546576265657215E-02 a       687     0    35     1     7
 -8.9300202334645987E-02 a       688     0    35     1     8
 -2.0016226229687703E-01 a       689     0    35     1     9
 -1.8532744802842716E-01 a       690     0    35     1    10
 -2.4894733842321384E-01 a       691     0    35     1    11
 -5.8203179619600018E-02 a       692     0    35     1    12
  5.4218742767365269E-01 a       693     0    35     1    13
 -2.0385529673368985E-01 a       694     0    35     1    14
 -1.4721189632688611E-02 a       695     0    35     1    15
  1.2241271981792080E-01 a       696     0    35     1    16
 -1.8915368252226133E-01 a       697     0    35     1    17
 -1.8913369042541744E-01 a       698     0    35     1    18
  3.9512871656703946E-01 a       699     0    35     1    19
  3.6869560112499361E-01 a       700     0    35     1    20
 -4.2222833331566745E-01 a       701     0    36     1     1
 -4.7240746236636844E-01 a       702     0    36     1     2
 -4.8565441540789572E-01 a       703     0    36     1     3
 -1.0102556258874849E-01 a       704     0    36     1     4
  9.6770558845155185E-03 a       705     0    36     1     5
  3.7162251397639884E-01 a       706     0    36     1     6
 -3.9704095387886296E-01 a       707     0    36     1     7
 -5.1440236234219816E-01 a       708     0    36     1     8
 -1.6875437018886644E-01 a       709     0    36     1     9
 -1.2365866128133745E+00 a       710     0    36     1    10
  1.4830029880087098E-01 a       711     0    36     1    11
 -9.7233833830814270E-02 a       712     0    36     1    12
  6.4861423951498465E-01 a       713     0    36     1    13
  1.2402649626505739E-01 a       714     0    36     1    14
  2.1236136571161640E-01 a       715     0    36     1    15
  1.2101527977947814E-01 a       716     0    36     1    16
 -2.2000921677490520E-01 a       717     0    36     1    17
  1.8435598487122746E-02 a       718     0    36     1    18
 -8.6793525334334565E-01 a       719     0    36     1    19
  4.8315989814102250E-01 a       720     0    36     1    20
  1.5345205724102043E-01 a       721     0    37     1     1
 -9.7024019090831315E-01 a       722     0    37     1     2
  3.7780047376701908E-01 a       723     0    37     1     3
 -9.9481064563343616E-02 a       724     0    37     1     4
 -4.2557878853575537E-02 a       725     0    37     1     5
  4.5798183597292913E-01 a       726     0    37     1     6
 -2.2252060056306408E-02 a       727     0    37     1     7
 -7.2541175327998730E-01 a       728     0    37     1     8
  3.5587952192701017E-01 a       729     0    37     1     9
  3.7579023269492196E-01 a       730     0    37     1    10
 -3.5516120667665502E-01 a       731     0    37     1    11
 -9.1437640596127989E-01 a       732     0    37     1    12
 -7.7230637557021725E-02 a       733     0    37     1    13
  6.0097556572551059E-02 a       734     0    37     1    14
 -6.3842243732445556E-02 a       735     0    37     1    15
  3.4984021497001339E-01 a       736     0    37     1    16
  4.6080823274067484E-01 a       737     0    37     1    17
 -1.9690588894817153E-02 a       738     0    37     1    18
  6.9837809201395540E-02 a       739     0    37     1    19
 -4.2257505396616230E-01 a       740     0    37     1    20
 -2.1937691999731374E-01 a       741     0    38     1     1
 -4.1888483716317190E-02 a       742     0    38     1     2
  4.3536463552230613E-02 a       743     0    38     1     3
  1.3110008622247440E-01 a       744     0    38     1     4
  5.9575130590805835E-03 a       745     0    38     1     5
 -2.9876024558612518E-01 a       746     0    38     1     6
 -1.1653539726508433E-01 a       747     0    38     1     7
  5.7104126540978395E-01 a       748     0    38     1     8
 -3.5556651027056757E-01 a       749     0    38     1     9
  5.7728601647269195E-01 a       750     0    38     1    10
 -1.8323187757778792E-01 a       751     0    38     1    11
  2.6749392845489428E-01 a       752     0    38     1    12
  1.7532989802508211E-01 a       753     0    38     1    13
  2.1096738616676025E-01 a       754     0    38     1    14
 -3.5411510847412525E-01 a       755     0    38     1    15
 -8.3819000044092540E-01 a       756     0    38     1    16
 -3.2040441561219640E-01 a       757     0    38     1    17
 -2.0371441326183445E-01 a       758     0    38     1    18
 -1.8579890624456691E-01 a       759     0    38     1    19
  5.3481112951884191E-01 a       760     0    38     1    20
  1.4031472845848952E-01 a       761     0    39     1     1
 -6.0720396660470066E-01 a       762     0    39     1     2
  1.8564474095991462E-01 a       763     0    39     1     3
  2.0370248160496623E-01 a       764     0    39     1     4
 -3.5401376665670986E-01 a       765     0    39     1     5
  6.4966096750086758E-02 a       766     0    39     1     6
  3.1977461566085102E-01 a       767     0    39     1     7
 -5.1353938298850976E-01 a       768     0    39     1     8
  2.3888382520338522E-01 a       769     0    39     1     9
  6.4784731662480233E-01 a       770     0    39     1    10
 -5.8121215028233775E-01 a       771     0    39     1    11
 -9.4680160476356090E-01 a       772     0    39     1    12
  2.6368631938467951E-01 a       773     0    39     1    13
  2.0404285448753093E-01 a       774     0    39     1    14
 -1.8714655196501687E-01 a       775     0    39     1    15
  6.8876816477600111E-01 a       776     0    39     1    16
  7.4696176257588642E-01 a       777     0    39     1    17
  1.7753565869219243E-01 a       778     0    39     1    18
 -1.1755998748266591E-01 a       779     0    39     1    19
 -5.3196813772378870E-01 a       780     0    39     1    20
 -1.3944759337820903E-01 a       781     0    40     1     1
  9.1961343547705091E-02 a       782     0    40     1     2
  6.4116133494539457E-02 a       783     0    40     1     3
  1.2082375366775397E-01 a       784     0    40     1     4
 -7.7283218557037639E-02 a       785     0    40     1     5
 -2.5013465696331039E-01 a       786     0    40     1     6
 -5.1944427396779225E-01 a       787     0    40     1     7
  1.8743240744290589E-02 a       788     0    40     1     8
  4.3264272776302631E-01 a       789     0    40     1     9
 -2.2851740567058937E-01 a       790     0    40     1    10
  1.1639949783345029E+00 a       791     0    40     1    11
  8.3458699571743955E-01 a       792     0    40     1    12
 -3.4034665430538946E-01 a       793     0    40     1    13
 -4.4828971801970867E-02 a       794     0    40     1    14
  2.1345515991875819E-01 a       795     0    40     1    15
 -2.6981849722999368E-01 a       796     0    40     1    16
  3.9761838881898171E-01 a       797     0    40     1    17
 -1.1746129319949825E-01 a       798     0    40     1    18
  1.1971802907809885E-01 a       799     0    40     1    19
 -2.1323948031481466E-01 a       800     0    40     1    20
 -1.3301068067867192E-01 a       801     0    41     1     1
 -1.8162085980975920E-01 a       802     0    41     1     2
 -5.5975194285346475E-02 a       803     0    41     1     3
 -9.0375290042382539E-02 a       804     0    41     1     4
 -4.8940402100695654E-02 a       805     0    41     1     5
  1.5479960198421308E-01 a       806     0    41     1     6
 -2.0617856089605507E-01 a       807     0    41     1     7
 -3.4848828323598174E-01 a       808     0    41     1     8
 -3.3869685187120413E-02 a       809     0    41     1     9
 -1.0036706694818472E-01 a       810     0    41     1    10
  6.8365585728947242E-02 a       811     0    41     1    11
 -1.8182322005231627E-01 a       812     0    41     1    12
 -1.7357623478289361E-01 a       813     0    41     1    13
  1.3809634775960106E-01 a       814     0    41     1    14
  1.7143613637866661E-01 a       815     0    41     1    15
  3.8662722398313543E-01 a       816     0    41     1    16
 -6.4817719317102557E-03 a       817     0    41     1    17
  6.8091688914981588E-02 a       818     0    41     1    18
 -3.8287550736633931E-02 a       819     0    41     1    19
  1.9156570421881847E-01 a       820     0    41     1    20
  4.0709544739966540E-02 a       821     0    42     1     1
  4.8263007045029269E-03 a       822     0    42     1     2
 -1.5540391825632838E-01 a       823     0    42     1     3
 -2.2251200296273196E-02 a       824     0    42     1     4
 -3.2184222590701289E-01 a       825     0    42     1     5
  7.7408253156992193E-02 a       826     0    42     1     6
 -2.0147712636405531E-02 a       827     0    42     1     7
 -1.7436413143435339E-01 a       828     0    42     1     8
 -2.3949459084602662E-01 a       829     0    42     1     9
  6.8755948640480041E-02 a       830     0    42     1    10
 -1.1203293490396406E-01 a       831     0    42     1    11
 -1.7829694663334858E-01 a       832     0    42     1    12
 -9.7757961483494124E-02 a       833     0    42     1    13
  2.5556612552136265E-01 a       834     0    42     1    14
  9.4798753128149088E-02 a       835     0    42     1    15
  1.3002874734901862E-01 a       836     0    42     1    16
  2.2936660758083139E-02 a       837     0    42     1    17
 -2.5438833247701013E-02 a       838     0    42     1    18
 -1.7728904263318468E-02 a       839     0    42     1    19
 -3.0761923122560475E-01 a       840     0    42     1    20
 -5.3186006178651837E-02 a       841     0    43     1     1
 -5.2157651523297426E-02 a       842     0    43     1     2
  1.9661978659550289E-01 a       843     0    43     1     3
 -1.0940288065034566E-01 a       844     0    43     1     4
  3.9672974233701801E-02 a       845     0    43     1     5
  1.0679821620220780E-02 a       846     0    43     1     6
  1.8170687592845455E-02 a       847     0    43     1     7
  1.5934427697025230E-01 a       848     0    43     1     8
  1.0885108592926315E-01 a       849     0    43     1     9
 -1.3217593794833135E-01 a       850     0    43     1    10
  1.4564182677318621E-01 a       851     0    43     1    11
  5.9426855195878836E-03 a       852     0    43     1    12
 -1.9647575480857934E-02 a       853     0    43     1    13
  1.1222064847926813E-01 a       854     0    43     1    14
 -2.7360740682831475E-01 a       855     0    43     1    15
 -2.5915012835011741E-02 a       856     0    43     1    16
 -1.3213517613354414E-01 a       857     0    43     1    17
  6.8588265463136427E-02 a       858     0    43     1    18
 -1.1551629852368800E-01 a       859     0    43     1    19
 -2.1684579293921880E-01 a       860     0    43     1    20
  1.5250403687337755E-01 a       861     0    44     1     1
 -1.8098568289141576E-01 a       862     0    44     1     2
  2.7771414382741555E-01 a       863     0    44     1     3
  2.3695243438821406E-01 a       864     0    44     1     4
  3.4699576729204834E-01 a       865     0    44     1     5
 -3.6075129347684975E-02 a       866     0    44     1     6
  1.3111401570267261E-01 a       867     0    44     1     7
  3.4942306580268157E-01 a       868     0    44     1     8
  2.0645125027169497E-01 a       869     0    44     1     9
 -2.9580667915514081E-01 a       870     0    44     1    10
 -1.6891021579962776E-01 a       871     0    44     1    11
  4.2972237967269827E-01 a       872     0    44     1    12
  3.1849012328256171E-01 a       873     0    44     1    13
 -2.7494236524070670E-01 a       874     0    44     1    14
  1.6384561577228890E-01 a       875     0    44     1    15
 -1.5580837849225498E-01 a       876     0    44     1    16
 -9.9057421727295064E-02 a       877     0    44     1    17
  2.2621415404411818E-01 a       878     0    44     1    18
  3.3740725672694660E-01 a       879     0    44     1    19
  2.8729840155421166E-01 a       880     0    44     1    20
  7.0169039150548243E-02 a       881     0    45     1     1
  5.4993334579988518E-01 a       882     0    45     1     2
  1.3545019744359441E-01 a       883     0    45     1     3
  2.6444951630901570E-01 a       884     0    45     1     4
 -4.2469919939930140E-01 a       885     0    45     1     5
 -4.6891601980097419E-01 a       886     0    45     1     6
  3.5515247107161718E-01 a       887     0    45     1     7
  5.2197645811157023E-01 a       888     0    45     1     8
  4.6219263191063925E-01 a       889     0    45     1     9
  5.5603476352768544E-01 a       890     0    45     1    10
  2.6381264779353863E-01 a       891     0    45     1    11
  1.3403133279072826E-01 a       892     0    45     1    12
 -4.2836296877803559E-01 a       893     0    45     1    13
 -4.8673421029888536E-01 a       894     0    45     1    14
 -1.6642815871678185E-01 a       895     0    45     1    15
  2.7363680574894000E-01 a       896     0    45     1    16
  5.4789280335189738E-01 a       897     0    45     1    17
  3.9561245890134195E-01 a       898     0    45     1    18
  3.6036978965506744E-01 a       899     0    45     1    19
  1.9087441593794410E-02 a       900     0    45     1    20
  1.0454979761943763E-01 a       901     0    46     1     1
  4.7761645262145913E-01 a       902     0    46     1     2
  1.2322863266630894E-02 a       903     0    46     1     3
  1.4406143319977283E-01 a       904     0    46     1     4
 -1.6088362219305860E-01 a       905     0    46     1     5
  4.8811632526274346E-01 a       906     0    46     1     6
 -1.1771019059731268E-01 a       907     0    46     1     7
  1.1346594864126037E-03 a       908     0    46     1     8
 -6.7854468449905125E-01 a       909     0    46     1     9
 -2.4865172274874159E-01 a       910     0    46     1    10
 -1.1052494785268476E-02 a       911     0    46     1    11
  1.0271860831149309E+00 a       912     0    46     1    12
 -2.7871057775134038E-02 a       913     0    46     1    13
  3.0473690453605712E-01 a       914     0    46     1    14
  2.7528456849563025E-03 a       915     0    46     1    15
  4.7762549937626457E-02 a       916     0    46     1    16
 -6.4051696787540757E-01 a       917     0    46     1    17
 -1.1673139993637942E-01 a       918     0    46     1    18
  4.4327312826660814E-01 a       919     0    46     1    19
 -1.3287062206977610E-01 a       920     0    46     1    20
 -9.3506449506565087E-02 a       921     0    47     1     1
  5.0219898329787804E-01 a       922     0    47     1     2
 -3.8332255786803182E-01 a       923     0    47     1     3
 -2.7422309730680561E-01 a       924     0    47     1     4
  5.9602517554748480E-01 a       925     0    47     1     5
  1.1682074672762985E-01 a       926     0    47     1     6
  1.2575076062774328E-02 a       927     0    47     1     7
 -2.7126738010058843E-01 a       928     0    47     1     8
 -3.0491069337128962E-01 a       929     0    47     1     9
  1.0638728316334882E-01 a       930     0    47     1    10
 -3.1072714813810887E-01 a       931     0    47     1    11
 -9.7838925838924048E-02 a       932     0    47     1    12
  4.3364079598194544E-01 a       933     0    47     1    13
  4.5698917124822713E-02 a       934     0    47     1    14
 -1.0698517887029865E-01 a       935     0    47     1    15
 -2.0473341607742720E-01 a       936     0    47     1    16
 -7.5919663958261807E-01 a       937     0    47     1    17
 -6.2753428581333626E-01 a       938     0    47     1    18
 -1.5749084025682031E-01 a       939     0    47     1    19
  1.9652565844453987E-01 a       940     0    47     1    20
  3.3238214305962088E-01 a       941     0    48     1     1
  4.0674278231176635E-02 a       942     0    48     1     2
 -1.8500291846854672E-01 a       943     0    48     1     3
 -2.8152511831836765E-03 a       944     0    48     1     4
  3.5820110867767256E-02 a       945     0    48     1     5
  3.5205750957341697E-01 a       946     0    48     1     6
  6.4071837825653885E-02 a       947     0    48     1     7
  3.3795871756161534E-02 a       948     0    48     1     8
  1.1475210657953944E-01 a       949     0    48     1     9
 -5.7809301474230100E-02 a       950     0    48     1    10
 -2.6335728041608675E-01 a       951     0    48     1    11
  3.3867721522054195E-02 a       952     0    48     1    12
  1.7364459930244824E-01 a       953     0    48     1    13
  1.4256710725520091E-02 a       954     0    48     1    14
  1.2168856548100676E-01 a       955     0    48     1    15
 -1.6949879368858967E-01 a       956     0    48     1    16
  2.2313247170416364E-01 a       957     0    48     1    17
  1.8800377068919719E-01 a       958     0    48     1    18
 -3.1247133635338945E-02 a       959     0    48     1    19
  2.1721898046166233E-01 a       960     0    48     1    20
  6.7857562017497686E-01 a       961     0    49     1     1
 -8.0604385053275907E-01 a       962     0    49     1     2
  1.3808404145645095E-01 a       963     0    49     1     3
 -4.9039912839879435E-01 a       964     0    49     1     4
 -7.4495897608437223E-02 a       965     0    49     1     5
 -3.3144318944989554E-01 a       966     0    49     1     6
  2.9575799623012500E-01 a       967     0    49     1     7
 -2.4465574738709853E-01 a       968     0    49     1     8
  7.7751161722365314E-01 a       969     0    49     1     9
  1.5635445434526860E-01 a       970     0    49     1    10
 -3.6436205935465171E-01 a       971     0    49     1    11
 -1.2305104636283752E+00 a       972     0    49     1    12
 -2.0422675231933445E-03 a       973     0    49     1    13
 -7.2993369642651995E-01 a       974     0    49     1    14
  7.5079505077807651E-01 a       975     0    49     1    15
  7.0697371217784666E-01 a       976     0    49     1    16
  5.2560420087527615E-01 a       977     0    49     1    17
  1.9474450603942245E-01 a       978     0    49     1    18
 -3.1108434303344801E-01 a       979     0    49     1    19
 -8.4577033334711926E-01 a       980     0    49     1    20
 -5.1518796273354006E-01 a       981     0    50     1     1
  8.2170162324683949E-01 a       982     0    50     1     2
 -7.6352195855766514E-01 a       983     0    50     1     3
  2.7542011165731373E-01 a       984     0    50     1     4
 -1.6400392575029279E-01 a       985     0    50     1     5
 -2.5600880597076137E-01 a       986     0    50     1     6
 -9.2231152960913199E-01 a       987     0    50     1     7
  8.8141573950132679E-01 a       988     0    50     1     8
 -3.3024771446442042E-01 a       989     0    50     1     9
 -8.2554294578310017E-01 a       990     0    50     1    10
  6.3269851598222004E-01 a       991     0    50     1    11
  2.2313491182311180E+00 a       992     0    50     1    12
 -1.1813240671298038E+00 a       993     0    50     1    13
 -1.0525563423711660E-01 a       994     0    50     1    14
 -1.6492613510064205E-01 a       995     0    50     1    15
 -1.4400099566082167E+00 a       996     0    50     1    16
 -1.3410216828185504E+00 a       997     0    50     1    17
 -3.3631160598040710E-01 a       998     0    50     1    18
  3.8578803709268972E-02 a       999     0    50     1    19
  1.0723021235572121E+00 a      1000     0    50     1    20
 -1.3494145780095571E-01 a      1001     0    51     1     1
 -3.1791935381209446E-01 a      1002     0    51     1     2
 -3.0299706548857219E-01 a      1003     0    51     1     3
  9.5634420065827674E-02 a      1004     0    51     1     4
  1.4183028863793584E-02 a      1005     0    51     1     5
 -5.1448515570778744E-02 a      1006     0    51     1     6
 -2.8282396771723667E-01 a      1007     0    51     1     7
 -4.9689459124792590E-01 a      1008     0    51     1     8
  1.2402548544333067E-01 a      1009     0    51     1     9
 -1.3074564786004927E-01 a      1010     0    51     1    10
  2.7182484753131800E-02 a      1011     0    51     1    11
 -1.4876679378819549E-01 a      1012     0    51     1    12
 -2.9998514700247281E-01 a      1013     0    51     1    13
  1.1630594421068854E-01 a      1014     0    51     1    14
  3.0126467773700211E-01 a      1015     0    51     1    15
  3.4403720696006466E-02 a      1016     0    51     1    16
  1.7067676961020967E-01 a      1017     0    51     1    17
 -2.6470462092297892E-01 a      1018     0    51     1    18
 -2.4179857955931815E-02 a      1019     0    51     1    19
  1.5239258214857088E-01 a      1020     0    51     1    20
 -2.7396012978560125E-01 b      1021     1     1
 -2.9945092826113417E-01 b      1022     1     2
  1.3174415328819628E-01 b      1023     1     3
  1.4611279103686403E+00 b      1024     1     4
  1.6586797201577339E-01 b      1025     1     5
 -3.2806710152037277E-01 b      1026     1     6
 -8.0407470080883603E-01 b      1027     1     7
  1.2364225118174494E+00 b      1028     1     8
 -5.2031275947142297E-01 b      1029     1     9
  3.8137448358583648E-01 b      1030     1    10
  6.4453008549231527E-01 b      1031     1    11
  6.8709204891081921E-01 b      1032     1    12
  1.2767277197692504E+00 b      1033     1    13
  1.1942166275964927E+00 b      1034     1    14
 -7.1787009104943467E-01 b      1035     1    15
  1.0518979528245598E+00 b      1036     1    16
 -5.3219325402802686E-01 b      1037     1    17
 -8.6647565361140122E-01 b      1038     1    18
 -7.7593653978484289E-01 b      1039     1    19
 -5.5167662386696881E-01 b      1040     1    20
 -3.4039455732558016E-03 a      1041     1     1     2     1
  2.2922182628554025E-01 a      1042     1     1     2     2
  2.2015206958098280E-01 a      1043     1     1     2     3
  4.2410302198201660E-01 a      1044     1     1     2     4
  3.2032682682763863E-01 a      1045     1     1     2     5
  4.4641482470905014E-01 a      1046     1     1     2     6
 -6.0732453431610389E-01 a      1047     1     1     2     7
 -7.2592641676775127E-01 a      1048     1     1     2     8
  9.9655237566242161E-01 a      1049     1     1     2     9
  1.8624900371883302E-01 a      1050     1     1     2    10
 -5.6408913873593303E-01 a      1051     1     1     2    11
  2.6755615574689395E-01 a      1052     1     1     2    12
  4.4641231923498531E-01 a      1053     1     1     2    13
  7.0367182147554760E-02 a      1054     1     1     2    14
  1.5132945949116275E-01 a      1055     1     1     2    15
  1.7650854953147965E-01 a      1056     1     1     2    16
 -1.0901476617809634E-01 a      1057     1     1     2    17
  5.0284091087541061E-01 a      1058     1     1     2    18
  1.1301476595810755E+00 a      1059     1     1     2    19
 -6.2228917324085509E-01 a      1060     1     1     2    20
 -4.7019631066451945E-01 a      1061     1     2     2     1
  3.3722432834422678E-01 a      1062     1     2     2     2
  1.7908203488651017E-01 a      1063     1     2     2     3
 -1.7059367606198741E-01 a      1064     1     2     2     4
  6.7898150843410388E-02 a      1065     1     2     2     5
 -2.7515170802741573E-01 a      1066     1     2     2     6
  1.7142645097432055E-01 a      1067     1     2     2     7
 -6.8649848867682728E-01 a      1068     1     2     2     8
 -1.0375575570892749E-01 a      1069     1     2     2     9
 -3.9757688563278132E-01 a      1070     1     2     2    10
 -7.0642154835548365E-01 a      1071     1     2     2    11
 -2.6465772741628457E-01 a      1072     1     2     2    12
 -6.0946900660731196E-01 a      1073     1     2     2    13
  3.1505728073942824E-01 a      1074     1     2     2    14
 -4.0355001414751779E-01 a      1075     1     2     2    15
 -2.5164567987109848E-01 a      1076     1     2     2    16
 -2.3092825834917116E-01 a      1077     1     2     2    17
  1.5921530927414423E-01 a      1078     1     2     2    18
 -1.2119770080233057E-01 a      1079     1     2     2    19
 -4.6444190515840195E-01 a      1080     1     2     2    20
  3.7998738497135648E-01 a      1081     1     3     2     1
  4.4337112316596711E-01 a      1082     1     3     2     2
 -1.2347023868381231E-01 a      1083     1     3     2     3
  6.8138693497129188E-01 a      1084     1     3     2     4
 -5.9812544139143109E-01 a      1085     1     3     2     5
  3.9569992840325563E-01 a      1086     1     3     2     6
 -2.2673328758070543E-01 a      1087     1     3     2     7
  1.1503710991804810E+00 a      1088     1     3     2     8
 -4.8661894281887613E-01 a      1089     1     3     2     9
  1.7004850571412591E-01 a      1090     1     3     2    10
  1.2792532701747423E-02 a      1091     1     3     2    11
 -1.0027002502910860E-01 a      1092     1     3     2    12
 -4.1938295974058676E-01 a      1093     1     3     2    13
  5.5685756000038245E-01 a      1094     1     3     2    14
 -2.3380381016212418E-01 a      1095     1     3     2    15
  4.2262878772061008E-01 a      1096     1     3     2    16
 -2.2847841708549196E-01 a      1097     1     3     2    17
 -1.2768605098217847E-01 a      1098     1     3     2    18
  3.0115521484276120E-01 a      1099     1     3     2    19
 -3.3910574051171338E-01 a      1100     1     3     2    20
 -4.5533476650648741E-01 a      1101     1     4     2     1
 -4.7536937945876423E-01 a      1102     1     4     2     2
 -1.5468828410264995E-01 a      1103     1     4     2     3
 -2.5142156361845647E-01 a      1104     1     4     2     4
  7.0313250049327103E-01 a      1105     1     4     2     5
 -1.1672449691559246E-01 a      1106     1     4     2     6
  1.4415354876825537E-01 a      1107     1     4     2     7
 -2.9468411758373930E-01 a      1108     1     4     2     8
 -5.4278489828759791E-01 a      1109     1     4     2     9
 -2.7062031254046076E-01 a      1110     1     4     2    10
 -8.5599035300932358E-01 a      1111     1     4     2    11
  1.9295619357320554E-01 a      1112     1     4     2    12
 -2.6423743063380811E-01 a      1113     1     4     2    13
 -5.9297817322126611E-01 a      1114     1     4     2    14
 -3.6232136746439109E-01 a      1115     1     4     2    15
 -4.1291979229078218E-01 a      1116     1     4     2    16
 -5.6755848348637217E-01 a      1117     1     4     2    17
 -8.4266330895807906E-01 a      1118     1     4     2    18
 -2.9927617700128830E-02 a      1119     1     4     2    19
 -1.7233120276899741E-01 a      1120     1     4     2    20
  2.5016961689654071E-01 a      1121     1     5     2     1
  4.3942841979471424E-02 a      1122     1     5     2     2
 -2.8123560946122850E-01 a      1123     1     5     2     3
 -1.7648883279421418E-01 a      1124     1     5     2     4
  7.8203532105517848E-01 a      1125     1     5     2     5
  4.6508643592592475E-01 a      1126     1     5     2     6
 -4.2900122158053827E-01 a      1127     1     5     2     7
  6.1470858505846770E-01 a      1128     1     5     2     8
  3.4667533446497006E-01 a      1129     1     5     2     9
  4.0037793616025003E-01 a      1130     1     5     2    10
 -3.0041139627326263E-01 a      1131     1     5     2    11
  1.4735347616615516E-01 a      1132     1     5     2    12
  1.3925572081968285E-01 a      1133     1     5     2    13
 -4.5703246130194708E-01 a      1134     1     5     2    14
  1.6665496774945185E-01 a      1135     1     5     2    15
  8.3772221944561409E-02 a      1136     1     5     2    16
 -5.6949049015046171E-01 a      1137     1     5     2    17
 -4.3561851920413969E-01 a      1138     1     5     2    18
  3.9949747218383841E-01 a      1139     1     5     2    19
  4.0058454825245116E-01 a      1140     1     5     2    20
  2.2677342829654365E-01 a      1141     1     6     2     1
  9.6869949396005586E-02 a      1142     1     6     2     2
  2.0051877228431665E-02 a      1143     1     6     2     3
  2.0829117436132996E-01 a      1144     1     6     2     4
  4.3957469362232648E-01 a      1145     1     6     2     5
 -3.4774481312102568E-01 a      1146     1     6     2     6
  1.0335527201982762E+00 a      1147     1     6     2     7
 -1.7642793638949264E-01 a      1148     1     6     2     8
 -1.4655900500366706E-01 a      1149     1     6     2     9
 -1.2540342325825526E-01 a      1150     1     6     2    10
 -4.7852082166027415E-01 a      1151     1     6     2    11
  3.6052687193509020E-01 a      1152     1     6     2    12
 -7.5320783361742605E-01 a      1153     1     6     2    13
  5.8561430303270712E-01 a      1154     1     6     2    14
 -1.8189391534288341E-01 a      1155     1     6     2    15
 -1.6032130152259316E-01 a      1156     1     6     2    16
 -3.0755416431592211E-02 a      1157     1     6     2    17
 -6.0864733297231455E-01 a      1158     1     6     2    18
 -8.3916336053812324E-02 a      1159     1     6     2    19
 -2.3493228348573691E-01 a      1160     1     6     2    20
  6.0742887438854720E-01 a      1161     1     7     2     1
 -5.8058202725266450E-01 a      1162     1     7     2     2
  7.4937557952718545E-02 a      1163     1     7     2     3
 -5.2292201747940290E-02 a      1164     1     7     2     4
 -7.3280083821687703E-01 a      1165     1     7     2     5
  6.4375838483743886E-01 a      1166     1     7     2     6
  7.2469038265235308E-01 a      1167     1     7     2     7
 -6.0952216146267744E-02 a      1168     1     7     2     8
  3.9101796237495524E-02 a      1169     1     7     2     9
  4.9006879249249451E-02 a      1170     1     7     2    10
  4.5338355535598396E-01 a      1171     1     7     2    11
  5.5334650462589452E-01 a      1172     1     7     2    12
 -8.2728688631548075E-01 a      1173     1     7     2    13
  1.0541111423805398E+00 a      1174     1     7     2    14
 -3.0317802215233397E-01 a      1175     1     7     2    15
  6.6631712355557526E-01 a      1176     1     7     2    16
 -4.4158438673491107E-01 a      1177     1     7     2    17
  5.6664424177343897E-01 a      1178     1     7     2    18
  8.9609377510371957E-01 a      1179     1     7     2    19
  3.2829267735046957E-01 a      1180     1     7     2    20
 -3.4914366160686616E-01 a      1181     1     8     2     1
  3.6944476135415499E-01 a      1182     1     8     2     2
 -3.5809476695795378E-01 a      1183     1     8     2     3
 -2.0741696514163907E-01 a      1184     1     8     2     4
 -9.1671675664326835E-01 a      1185     1     8     2     5
 -4.2766946102582776E-01 a      1186     1     8     2     6
  6.7912842089144676E-01 a      1187     1     8     2     7
  1.4998786744159132E-01 a      1188     1     8     2     8
  3.9203576266615953E-01 a      1189     1     8     2     9
  4.6025446722618318E-01 a      1190     1     8     2    10
 -2.5082744241518429E-01 a      1191     1     8     2    11
  1.6277948565317915E-01 a      1192     1     8     2    12
 -2.3031236997730190E-01 a      1193     1     8     2    13
 -3.2646420829610179E-01 a      1194     1     8     2    14
 -8.0039915500846784E-02 a      1195     1     8     2    15
 -1.8153790933545691E-01 a      1196     1     8     2    16
 -1.0312936448532939E-04 a      1197     1     8     2    17
 -1.1185210761334323E+00 a      1198     1     8     2    18
 -2.2360754826684123E-01 a      1199     1     8     2    19
  1.9537486413598909E-01 a      1200     1     8     2    20
  7.8218263314924430E-01 a      1201     1     9     2     1
 -4.9417300043605372E-01 a      1202     1     9     2     2
 -2.1764710613413193E-01 a      1203     1     9     2     3
 -3.4493870162684087E-01 a      1204     1     9     2     4
 -2.9872297617504717E-01 a      1205     1     9     2     5
 -8.1361415221303343E-02 a      1206     1     9     2     6
  1.5189696970243588E-01 a      1207     1     9     2     7
  3.7177086061924053E-01 a      1208     1     9     2     8
  1.5482933595575446E-01 a      1209     1     9     2     9
  4.6891557384278935E-02 a      1210     1     9     2    10
  2.4801049942693090E-01 a      1211     1     9     2    11
 -4.2955463957547391E-01 a      1212     1     9     2    12
 -7.4938376083613714E-02 a      1213     1     9     2    13
  6.4446179636067169E-01 a      1214     1     9     2    14
 -3.4049004137818439E-01 a      1215     1     9     2    15
  5.0097476116020911E-01 a      1216     1     9     2    16
  2.4471981218891203E-01 a      1217     1     9     2    17
 -3.8546228485356493E-01 a      1218     1     9     2    18
 -1.3942155416261098E-01 a      1219     1     9     2    19
  4.4112327296225740E-01 a      1220     1     9     2    20
  3.0512526855713146E-01 a      1221     1    10     2     1
  3.7534080820829724E-01 a      1222     1    10     2     2
  3.7085069978010987E-01 a      1223     1    10     2     3
  4.0550484217343175E-01 a      1224     1    10     2     4
 -5.4185741203765082E-04 a      1225     1    10     2     5
  2.4578829832575841E-01 a      1226     1    10     2     6
  3.3886533281849307E-01 a      1227     1    10     2     7
  3.8399787586926276E-01 a      1228     1    10     2     8
 -2.0563103006152261E-01 a      1229     1    10     2     9
  6.5321983945421180E-01 a      1230     1    10     2    10
  6.3259251698566332E-02 a      1231     1    10     2    11
  3.0862027632597100E-01 a      1232     1    10     2    12
  7.1354432050947636E-01 a      1233     1    10     2    13
  5.3670797384760827E-01 a      1234     1    10     2    14
  4.4490417690521772E-01 a      1235     1    10     2    15
 -6.3609398276165929E-01 a      1236     1    10     2    16
 -1.3437585995670340E-01 a      1237     1    10     2    17
  3.9521157943672480E-01 a      1238     1    10     2    18
 -4.5122567982546942E-02 a      1239     1    10     2    19
  4.2794210056657400E-01 a      1240     1    10     2    20
 -5.0552276333323687E-01 a      1241     1    11     2     1
 -2.7669354071984509E-01 a      1242     1    11     2     2
  1.2431105716033404E-01 a      1243     1    11     2     3
 -2.9159133430603235E-01 a      1244     1    11     2     4
  3.4803823644467974E-01 a      1245     1    11     2     5
 -3.4650969777416568E-01 a      1246     1    11     2     6
  2.5017602637589120E-01 a      1247     1    11     2     7
  3.0727033789806574E-01 a      1248     1    11     2     8
  9.6386917334828071E-01 a      1249     1    11     2     9
  7.9686105902166449E-01 a      1250     1    11     2    10
  3.6888920937952890E-01 a      1251     1    11     2    11
  2.5560321672937925E-01 a      1252     1    11     2    12
 -4.5228617306729120E-02 a      1253     1    11     2    13
 -9.1460060193307158E-01 a      1254     1    11     2    14
 -6.0774332620542315E-01 a      1255     1    11     2    15
 -4.0226254385977034E-01 a      1256     1    11     2    16
  6.4536919503027446E-01 a      1257     1    11     2    17
  2.7774197116176114E-01 a      1258     1    11     2    18
 -3.8662503453250180E-01 a      1259     1    11     2    19
  6.4514490716706561E-03 a      1260     1    11     2    20
 -1.8986233791771862E-02 a      1261     1    12     2     1
 -1.2696567742002621E-01 a      1262     1    12     2     2
 -9.4846410210718590E-01 a      1263     1    12     2     3
 -2.3480790420404202E-01 a      1264     1    12     2     4
 -1.9051021062475834E-01 a      1265     1    12     2     5
  1.7534989106939521E-02 a      1266     1    12     2     6
  5.7112373404283301E-01 a      1267     1    12     2     7
  5.8592190515393605E-01 a      1268     1    12     2     8
  2.4046388744115352E-01 a      1269     1    12     2     9
  2.1250159361959642E-01 a      1270     1    12     2    10
  2.1004506484867994E-01 a      1271     1    12     2    11
  1.6596417725404658E-01 a      1272     1    12     2    12
  6.2277590100953406E-01 a      1273     1    12     2    13
 -9.8491958441982785E-01 a      1274     1    12     2    14
  2.5481905684600625E-01 a      1275     1    12     2    15
 -2.0490579922388938E-01 a      1276     1    12     2    16
 -3.6163790173962790E-01 a      1277     1    12     2    17
 -6.7060384648221949E-01 a      1278     1    12     2    18
  1.5756632607462617E-01 a      1279     1    12     2    19
 -2.4242786151471010E-01 a      1280     1    12     2    20
  3.5659629530550206E-02 a      1281     1    13     2     1
  3.3596354938974909E-01 a      1282     1    13     2     2
 -8.2414302073088708E-01 a      1283     1    13     2     3
 -5.4313874978628240E-01 a      1284     1    13     2     4
 -7.4556138408379002E-01 a      1285     1    13     2     5
 -1.1871274143088000E+00 a      1286     1    13     2     6
  1.1614244461307928E-01 a      1287     1    13     2     7
  1.7686205477437775E-01 a      1288     1    13     2     8
 -6.3609797777299970E-01 a      1289     1    13     2     9
  6.0828496195392379E-01 a      1290     1    13     2    10
  5.3328553262094358E-01 a      1291     1    13     2    11
 -2.1789294824014283E-01 a      1292     1    13     2    12
 -7.4753754808220096E-01 a      1293     1    13     2    13
 -1.0072075484870323E-01 a      1294     1    13     2    14
  1.3992054997859513E-01 a      1295     1    13     2    15
 -9.9336319687438224E-02 a      1296     1    13     2    16
  4.4256849908172768E-01 a      1297     1    13     2    17
 -4.4101834697609071E-01 a      1298     1    13     2    18
  8.0661954769545741E-01 a      1299     1    13     2    19
  2.7620124166282678E-01 a      1300     1    13     2    20
  2.1166901700191604E-01 a      1301     1    14     2     1
  3.7558590301136685E-01 a      1302     1    14     2     2
 -6.2668397244430873E-01 a      1303     1    14     2     3
 -1.9942727074299252E-01 a      1304     1    14     2     4
  5.6925414603194080E-01 a      1305     1    14     2     5
 -4.1473576053811623E-01 a      1306     1    14     2     6
 -1.0657840160768865E-01 a      1307     1    14     2     7
  1.9402420728664765E-01 a      1308     1    14     2     8
 -4.0450385163785485E-01 a      1309     1    14     2     9
  5.3991278450228419E-01 a      1310     1    14     2    10
 -4.7299057691678859E-01 a      1311     1    14     2    11
 -3.8636108055800011E-01 a      1312     1    14     2    12
  1.3468790764348948E-01 a      1313     1    14     2    13
  3.4700793114489686E-01 a      1314     1    14     2    14
  8.3536889439150330E-01 a      1315     1    14     2    15
 -3.7290912213783128E-01 a      1316     1    14     2    16
 -5.0430266245283864E-02 a      1317     1    14     2    17
  6.2184261582589140E-01 a      1318     1    14     2    18
  9.7483493041577551E-01 a      1319     1    14     2    19
  2.5638605065470188E-01 a      1320     1    14     2    20
 -7.3943344308829692E-02 a      1321     1    15     2     1
 -2.0371685279363316E-01 a      1322     1    15     2     2
  1.6351684738303970E-01 a      1323     1    15     2     3
 -5.5517742753942712E-01 a      1324     1    15     2     4
 -3.3224032438749906E-01 a      1325     1    15     2     5
  3.4875926050681272E-01 a      1326     1    15     2     6
 -2.0434586826272857E-01 a      1327     1    15     2     7
 -4.7602917061586109E-01 a      1328     1    15     2     8
  5.3797749313506726E-01 a      1329     1    15     2     9
  5.7993681436926758E-01 a      1330     1    15     2    10
  1.8269019983502743E-01 a      1331     1    15     2    11
 -1.1594039368198479E-02 a      1332     1    15     2    12
 -8.1775500330709017E-01 a      1333     1    15     2    13
 -8.2221802742959288E-02 a      1334     1    15     2    14
 -1.5569332524174759E-01 a      1335     1    15     2    15
 -3.8760890868863063E-01 a      1336     1    15     2    16
 -2.6657734623367607E-01 a      1337     1    15     2    17
 -4.4380639761832003E-01 a      1338     1    15     2    18
 -3.9338167056261364E-01 a      1339     1    15     2    19
  1.7354282868487607E-02 a      1340     1    15     2    20
 -6.3385282660292741E-01 a      1341     1    16     2     1
  1.7836744204431160E-01 a      1342     1    16     2     2
  2.7265771037836722E-01 a      1343     1    16     2     3
 -6.7517437983537310E-01 a      1344     1    16     2     4
 -6.7998355113647213E-01 a      1345     1    16     2     5
  1.2973795738401525E-01 a      1346     1    16     2     6
 -1.2800389885672475E-01 a      1347     1    16     2     7
  1.0994808405211201E+00 a      1348     1    16     2     8
  5.4542084109296285E-01 a      1349     1    16     2     9
  2.6218786371644709E-01 a      1350     1    16     2    10
 -2.9667904099155362E-01 a      1351     1    16     2    11
  5.3141090539387037E-01 a      1352     1    16     2    12
  6.8282865341870891E-01 a      1353     1    16     2    13
 -8.8478074700141466E-03 a      1354     1    16     2    14
 -1.1992121353889724E-01 a      1355     1    16     2    15
 -3.6677424214684790E-01 a      1356     1    16     2    16
 -3.7965759548632499E-01 a      1357     1    16     2    17
 -1.8287036341394630E-01 a      1358     1    16     2    18
 -2.6679000551705851E-03 a      1359     1    16     2    19
 -7.8329369943681160E-01 a      1360     1    16     2    20
  2.1498286650050116E-01 a      1361     1    17     2     1
  2.3091692576652395E-01 a      1362     1    17     2     2
 -4.4906789550386655E-01 a      1363     1    17     2     3
  6.9213650350671410E-02 a      1364     1    17     2     4
 -7.1354418898206498E-02 a      1365     1    17     2     5
  4.5298983218253257E-02 a      1366     1    17     2     6
  9.5538346792896833E-01 a      1367     1    17     2     7
 -3.3473263379806123E-01 a      1368     1    17     2     8
 -5.3116260826189954E-01 a      1369     1    17     2     9
  1.9383312105301451E-01 a      1370     1    17     2    10
  4.6159239766485199E-01 a      1371     1    17     2    11
 -3.2381313789189198E-01 a      1372     1    17     2    12
 -2.5292390929017428E-01 a      1373     1    17     2    13
  3.4136245134586479E-01 a      1374     1    17     2    14
 -3.1549901627964444E-01 a      1375     1    17     2    15
  1.3367451661487456E-01 a      1376     1    17     2    16
  5.5282051750866990E-01 a      1377     1    17     2    17
 -6.8986230448881442E-02 a      1378     1    17     2    18
  2.3310458226332104E-01 a      1379     1    17     2    19
  8.8094321643163054E-01 a      1380     1    17     2    20
  3.9257384529437202E-02 a      1381     1    18     2     1
 -1.7345090532563515E-01 a      1382     1    18     2     2
  7.8392111653138841E-01 a      1383     1    18     2     3
  4.5167866478015456E-01 a      1384     1    18     2     4
 -1.9161800872765666E-01 a      1385     1    18     2     5
 -6.5099322050017261E-01 a      1386     1    18     2     6
 -5.9169613825454381E-01 a      1387     1    18     2     7
  4.9294820319755761E-01 a      1388     1    18     2     8
  6.0162003414527765E-01 a      1389     1    18     2     9
 -3.2249024733773268E-01 a      1390     1    18     2    10
  7.7730802578403069E-01 a      1391     1    18     2    11
 -2.7872505398499903E-01 a      1392     1    18     2    12
  5.6742426703026316E-01 a      1393     1    18     2    13
 -4.3473836880642114E-01 a      1394     1    18     2    14
 -8.6569308576604098E-01 a      1395     1    18     2    15
  4.0047544073353963E-01 a      1396     1    18     2    16
  9.3956421782310520E-02 a      1397     1    18     2    17
 -6.5984326969057749E-01 a      1398     1    18     2    18
 -5.0731195849633848E-01 a      1399     1    18     2    19
 -1.3321571313861139E-01 a      1400     1    18     2    20
  3.1993015876641190E-01 a      1401     1    19     2     1
  8.8362885358645005E-02 a      1402     1    19     2     2
  2.8348596456184899E-01 a      1403     1    19     2     3
  1.0182088788346283E-01 a      1404     1    19     2     4
 -3.6293237585528260E-01 a      1405     1    19     2     5
 -7.6082249323703083E-02 a      1406     1    19     2     6
  1.1892118015801652E-01 a      1407     1    19     2     7
  4.3663315546316944E-01 a      1408     1    19     2     8
 -6.7398814493477444E-01 a      1409     1    19     2     9
  1.7402327244561969E-01 a      1410     1    19     2    10
  3.2565108501322670E-01 a      1411     1    19     2    11
 -4.2949352668280033E-01 a      1412     1    19     2    12
  4.6619420440342474E-01 a      1413     1    19     2    13
  8.7339379434444558E-02 a      1414     1    19     2    14
 -5.0495440258980184E-01 a      1415     1    19     2    15
  4.3591528449994804E-01 a      1416     1    19     2    16
 -5.5603474133102659E-01 a      1417     1    19     2    17
  3.0257122000403847E-01 a      1418     1    19     2    18
 -1.5977489747617488E-01 a      1419     1    19     2    19
  8.8254856268623949E-01 a      1420     1    19     2    20
 -7.1304750823114726E-01 a      1421     1    20     2     1
  6.2397433202473353E-02 a      1422     1    20     2     2
  3.0849442110549841E-01 a      1423     1    20     2     3
  4.7141863001728218E-01 a      1424     1    20     2     4
 -5.2977147294632598E-01 a      1425     1    20     2     5
 -2.9253526112098016E-01 a      1426     1    20     2     6
 -2.1275634840915758E-01 a      1427     1    20     2     7
 -4.3399570969040213E-01 a      1428     1    20     2     8
 -9.4514577144727885E-01 a      1429     1    20     2     9
 -3.6185122084360766E-01 a      1430     1    20     2    10
 -1.2912827066196222E-01 a      1431     1    20     2    11
  1.8953199350032346E-01 a      1432     1    20     2    12
 -5.2378558404839759E-01 a      1433     1    20     2    13
 -8.2669452717687630E-01 a      1434     1    20     2    14
  4.3634309262493093E-01 a      1435     1    20     2    15
  2.9225778704475702E-01 a      1436     1    20     2    16
 -8.0839311012090354E-01 a      1437     1    20     2    17
 -2.9215169551541736E-01 a      1438     1    20     2    18
 -2.6724181225557836E-01 a      1439     1    20     2    19
 -6.2238853473924360E-01 a      1440     1    20     2    20
 -9.3261002285409497E-02 b      1441     2     1
 -1.8982941106856959E+00 b      1442     2     2
 -4.3470746593022419E-01 b      1443     2     3
 -1.6466366577786862E+00 b      1444     2     4
 -1.1950656312707741E+00 b      1445     2     5
  2.9439859148817049E-01 b      1446     2     6
  9.7501792350060112E-01 b      1447     2     7
  1.4843318454533154E+00 b      1448     2     8
 -1.0277155834869611E+00 b      1449     2     9
  1.4571296159205038E+00 b      1450     2    10
 -5.0103397914470146E-02 b      1451     2    11
 -1.8853031115500161E+00 b      1452     2    12
 -6.1482524751444290E-01 b      1453     2    13
  1.4813621697472013E+00 b      1454     2    14
 -2.0711776277987559E-01 b      1455     2    15
 -8.4439399167457563E-01 b      1456     2    16
 -4.1545358080569939E-01 b      1457     2    17
  6.2122453675756828E-01 b      1458     2    18
 -1.0365342410800991E+00 b      1459     2    19
  8.4485897979676705E-01 b      1460     2    20
 -1.0480549305194466E+00 a      1461     2     1     3     1
 -7.2515428242771229E-01 a      1462     2     2     3     1
 -2.2542702744007355E+00 a      1463     2     3     3     1
 -2.2613010729380156E+00 a      1464     2     4     3     1
 -7.6168634308430794E-02 a      1465     2     5     3     1
 -9.0763425078032411E-01 a      1466     2     6     3     1
  1.1018097069195476E+00 a      1467     2     7     3     1
  2.2961441013743977E+00 a      1468     2     8     3     1
 -1.1782788084792706E+00 a      1469     2     9     3     1
  2.1448628203284645E+00 a      1470     2    10     3     1
 -2.0378279567617357E+00 a      1471     2    11     3     1
 -2.1121585538014216E+00 a      1472     2    12     3     1
 -1.1925469735949570E-01 a      1473     2    13     3     1
  4.5037866363171469E-01 a      1474     2    14     3     1
  5.9529410405431249E-01 a      1475     2    15     3     1
 -1.5087590135783280E+00 a      1476     2    16     3     1
  2.5332713410607749E-01 a      1477     2    17     3     1
 -2.0656833223310014E-01 a      1478     2    18     3     1
  2.0928005087981236E-01 a      1479     2    19     3     1
 -2.7225092395919459E-01 a      1480     2    20     3     1
  2.6051937817576465E+00 b      1481     3     1
