################################################################################
# Neural network connection values (weights and biases).
################################################################################
# Col  Name       Description
################################################################################
# 1    connection Neural network connection value.
# 2    t          Connection type (a = weight, b = bias).
# 3    index      Index enumerating weights.
# 4    l_s        Starting point layer (end point layer for biases).
# 5    n_s        Starting point neuron in starting layer (end point neuron for biases).
# 6    l_e        End point layer.
# 7    n_e        End point neuron in end layer.
################################################################################
#                      1 2         3     4     5     6     7
#             connection t     index   l_s   n_s   l_e   n_e
############################################################
  1.4492493496418230E-02 a         1     0     1     1     1
 -6.4015960605375266E-01 a         2     0     1     1     2
 -2.3166324007773034E-01 a         3     0     1     1     3
  3.3413136643332325E-01 a         4     0     1     1     4
  2.1351369166486853E-01 a         5     0     1     1     5
  4.6990670675175455E-01 a         6     0     1     1     6
 -2.7002571877929599E-01 a         7     0     1     1     7
  8.2863397017283846E-02 a         8     0     1     1     8
 -3.7852363880624251E-01 a         9     0     1     1     9
  1.9508831145803218E-01 a        10     0     1     1    10
  1.8470527397987237E-02 a        11     0     1     1    11
 -2.9798786730421611E-01 a        12     0     1     1    12
  5.0524327985131616E-02 a        13     0     1     1    13
 -3.5510304434429413E-01 a        14     0     1     1    14
  1.4875438792531512E-01 a        15     0     1     1    15
 -1.8264188306556325E-01 a        16     0     1     1    16
 -7.3562101752866677E-02 a        17     0     1     1    17
 -3.6473413124439767E-02 a        18     0     1     1    18
  1.0152507521429405E-01 a        19     0     1     1    19
 -3.1479153707672897E-01 a        20     0     1     1    20
 -4.4594534340535874E-01 a        21     0     2     1     1
  9.3117649461904681E-03 a        22     0     2     1     2
  1.3730497127556579E-01 a        23     0     2     1     3
  3.7601944588474595E-01 a        24     0     2     1     4
 -2.2807536885042923E-01 a        25     0     2     1     5
  4.5052535599459814E-01 a        26     0     2     1     6
  3.3071521123654624E-01 a        27     0     2     1     7
  2.5854164381209449E-01 a        28     0     2     1     8
  2.3741985355113857E-01 a        29     0     2     1     9
 -2.7193424030679418E-02 a        30     0     2     1    10
  8.0556422109276368E-02 a        31     0     2     1    11
  1.3546764125920220E-02 a        32     0     2     1    12
 -6.5535723385322153E-02 a        33     0     2     1    13
 -1.5507405374376981E-01 a        34     0     2     1    14
 -4.2089861996131128E-02 a        35     0     2     1    15
 -1.8459601931399924E-01 a        36     0     2     1    16
 -1.3036631537649661E-02 a        37     0     2     1    17
  1.7789649817408104E-02 a        38     0     2     1    18
 -2.6429413974479771E-01 a        39     0     2     1    19
 -1.3144383734078158E-01 a        40     0     2     1    20
 -4.8475068734862188E-02 a        41     0     3     1     1
 -8.7754950168004373E-02 a        42     0     3     1     2
 -7.4093411476295321E-02 a        43     0     3     1     3
  1.8665337178488361E-01 a        44     0     3     1     4
  3.8264919265219688E-01 a        45     0     3     1     5
  1.5224279654547943E-01 a        46     0     3     1     6
  3.0030634342762147E-01 a        47     0     3     1     7
 -2.0843028954220032E-02 a        48     0     3     1     8
  3.9863003230066973E-01 a        49     0     3     1     9
 -3.8312412882517921E-01 a        50     0     3     1    10
 -3.6433583047514734E-01 a        51     0     3     1    11
  1.3753037785360117E-01 a        52     0     3     1    12
 -2.0788766507296361E-01 a        53     0     3     1    13
 -2.5265609371165154E-01 a        54     0     3     1    14
  4.6880493686688278E-02 a        55     0     3     1    15
  6.0492655622374984E-02 a        56     0     3     1    16
  6.5593825036439302E-01 a        57     0     3     1    17
 -1.0227150799735010E-01 a        58     0     3     1    18
  2.7241374916969041E-01 a        59     0     3     1    19
 -1.8123367049434380E-01 a        60     0     3     1    20
 -1.3364647754988346E-01 a        61     0     4     1     1
  3.1809766963904157E-01 a        62     0     4     1     2
  1.7970437148583748E-01 a        63     0     4     1     3
  3.7186962038030076E-02 a        64     0     4     1     4
  1.7042170079945676E-01 a        65     0     4     1     5
 -4.4846284483489290E-01 a        66     0     4     1     6
 -1.0647031993233599E-01 a        67     0     4     1     7
 -2.3531575249317668E-01 a        68     0     4     1     8
 -8.4441505739669312E-02 a        69     0     4     1     9
 -8.6841927447469353E-02 a        70     0     4     1    10
 -5.6537706550890084E-02 a        71     0     4     1    11
 -1.8302502111592170E-01 a        72     0     4     1    12
  1.6989983851232940E-01 a        73     0     4     1    13
  3.3336757203372325E-01 a        74     0     4     1    14
  1.1355359507799696E-01 a        75     0     4     1    15
 -3.0016780395032538E-02 a        76     0     4     1    16
  6.7102068347882160E-01 a        77     0     4     1    17
  6.5998968226391647E-02 a        78     0     4     1    18
 -2.2623680872207472E-01 a        79     0     4     1    19
  6.1111985773667954E-01 a        80     0     4     1    20
  4.0898236644446124E-03 a        81     0     5     1     1
 -2.0436466205450415E-01 a        82     0     5     1     2
  1.6217619324021326E-01 a        83     0     5     1     3
 -6.8615375119688893E-01 a        84     0     5     1     4
 -9.2673304846338178E-02 a        85     0     5     1     5
 -1.2833057728304156E-01 a        86     0     5     1     6
 -4.0262420298137103E-01 a        87     0     5     1     7
 -4.4803185655236760E-01 a        88     0     5     1     8
 -2.2988887371171948E-01 a        89     0     5     1     9
  1.8998659346441935E-01 a        90     0     5     1    10
  2.7452906109559488E-01 a        91     0     5     1    11
  4.5616001200585227E-01 a        92     0     5     1    12
 -2.8787951786538568E-01 a        93     0     5     1    13
  7.7336468591195551E-01 a        94     0     5     1    14
 -9.0801988067567271E-02 a        95     0     5     1    15
  1.0926652420275142E-01 a        96     0     5     1    16
 -4.7678650430086866E-01 a        97     0     5     1    17
 -1.8359392628798032E-01 a        98     0     5     1    18
 -4.5338685175878760E-02 a        99     0     5     1    19
  2.8574386307729338E-01 a       100     0     5     1    20
  2.1114951633030415E-01 a       101     0     6     1     1
  8.1006957031956495E-01 a       102     0     6     1     2
 -5.6753574866831469E-01 a       103     0     6     1     3
 -6.5861485144663234E-01 a       104     0     6     1     4
  5.2075921643280354E-01 a       105     0     6     1     5
 -3.1590305567574922E-01 a       106     0     6     1     6
 -2.1948555435055156E-01 a       107     0     6     1     7
 -2.3977301337779813E-01 a       108     0     6     1     8
  3.7162231938040324E-01 a       109     0     6     1     9
  1.0350165904582208E-01 a       110     0     6     1    10
  7.1953161803157317E-01 a       111     0     6     1    11
  5.6466988647055127E-01 a       112     0     6     1    12
 -4.8508355910680467E-01 a       113     0     6     1    13
  7.7769583301316569E-01 a       114     0     6     1    14
  3.0529984649658110E-01 a       115     0     6     1    15
  4.6857962725368629E-01 a       116     0     6     1    16
  6.4416136685938863E-01 a       117     0     6     1    17
 -5.7250832893900315E-05 a       118     0     6     1    18
  1.7240498762237558E-01 a       119     0     6     1    19
  7.2128074199179848E-01 a       120     0     6     1    20
  1.4596114919683673E-01 a       121     0     7     1     1
 -2.1352049379580984E-01 a       122     0     7     1     2
  1.0285145300120480E+00 a       123     0     7     1     3
  4.7358879324261005E-01 a       124     0     7     1     4
 -4.1749298305783711E-01 a       125     0     7     1     5
 -1.4006975435374372E-01 a       126     0     7     1     6
  8.5898284238602052E-01 a       127     0     7     1     7
 -1.6229113137890772E-01 a       128     0     7     1     8
 -2.8005168646423895E-01 a       129     0     7     1     9
 -4.6309097045772002E-01 a       130     0     7     1    10
 -5.7460735060214541E-01 a       131     0     7     1    11
 -3.0766746303739431E-02 a       132     0     7     1    12
  5.9187465608409151E-01 a       133     0     7     1    13
 -1.4719771598585578E+00 a       134     0     7     1    14
 -1.3696991544337125E-01 a       135     0     7     1    15
 -3.1390488095826174E-01 a       136     0     7     1    16
 -8.3024035035590998E-02 a       137     0     7     1    17
  1.6210584651394588E-01 a       138     0     7     1    18
 -5.0707798531888637E-01 a       139     0     7     1    19
 -6.0419657474270805E-01 a       140     0     7     1    20
 -5.7400341549486276E-02 a       141     0     8     1     1
 -1.1192924208143439E-01 a       142     0     8     1     2
 -5.6323408347515957E-01 a       143     0     8     1     3
  2.7081820580623639E-01 a       144     0     8     1     4
  2.0237990073242773E-01 a       145     0     8     1     5
 -1.1617469862822534E-01 a       146     0     8     1     6
 -3.4946791691687434E-01 a       147     0     8     1     7
  3.2039259130754472E-01 a       148     0     8     1     8
 -4.4719209212800676E-02 a       149     0     8     1     9
 -5.5466250435911718E-02 a       150     0     8     1    10
  1.6445191656317745E-01 a       151     0     8     1    11
 -5.7316961351231425E-02 a       152     0     8     1    12
 -2.0994930397478458E-02 a       153     0     8     1    13
  2.0917209824065658E-01 a       154     0     8     1    14
 -1.2887454821845912E-01 a       155     0     8     1    15
  9.9707454918919622E-02 a       156     0     8     1    16
  3.0609907196401898E-01 a       157     0     8     1    17
  1.3846657271569357E-01 a       158     0     8     1    18
  3.2139996710620772E-01 a       159     0     8     1    19
  2.1532189773359181E-01 a       160     0     8     1    20
  8.3767416055454735E-02 a       161     0     9     1     1
  9.7830557203896429E-01 a       162     0     9     1     2
 -1.4419598117599739E+00 a       163     0     9     1     3
  9.2716833877642946E-01 a       164     0     9     1     4
  1.5296481994775779E-01 a       165     0     9     1     5
 -2.6205466443431286E-01 a       166     0     9     1     6
  3.0981062811832089E-01 a       167     0     9     1     7
 -1.1977341477077994E+00 a       168     0     9     1     8
 -1.2131778575970623E-01 a       169     0     9     1     9
 -3.3015661707278909E-01 a       170     0     9     1    10
 -1.5033901972498612E-01 a       171     0     9     1    11
  5.6340115787595368E-01 a       172     0     9     1    12
  6.3636687272740100E-01 a       173     0     9     1    13
  1.3938758539987695E-01 a       174     0     9     1    14
  1.7126707323650880E-01 a       175     0     9     1    15
 -6.3693133039346359E-02 a       176     0     9     1    16
  8.6399835649442103E-01 a       177     0     9     1    17
  1.8574712859696391E-01 a       178     0     9     1    18
  1.0182148312211503E-01 a       179     0     9     1    19
  1.7780960516040727E+00 a       180     0     9     1    20
  3.6962307683749346E-01 a       181     0    10     1     1
 -5.8217863448469420E-01 a       182     0    10     1     2
  1.4216022816541969E+00 a       183     0    10     1     3
 -1.4348794487196352E+00 a       184     0    10     1     4
 -2.1459188233609186E-01 a       185     0    10     1     5
  3.6556458568859945E-02 a       186     0    10     1     6
 -5.4523454652966841E-01 a       187     0    10     1     7
  9.8736781007952912E-01 a       188     0    10     1     8
  4.5371677119531267E-01 a       189     0    10     1     9
  2.0782165229985206E-01 a       190     0    10     1    10
  5.9780986675037617E-01 a       191     0    10     1    11
 -8.2298562041210485E-02 a       192     0    10     1    12
 -2.0515364081429699E-01 a       193     0    10     1    13
  1.0939813129223477E-01 a       194     0    10     1    14
 -8.1656217156142991E-02 a       195     0    10     1    15
 -3.5033442158128886E-01 a       196     0    10     1    16
 -7.8850646870516605E-01 a       197     0    10     1    17
  4.1742144091760219E-02 a       198     0    10     1    18
 -6.6724505228621500E-02 a       199     0    10     1    19
 -2.0364386321428349E+00 a       200     0    10     1    20
  2.1940244742057888E-01 a       201     0    11     1     1
 -4.5910682786076601E-01 a       202     0    11     1     2
  4.9797507367611599E-01 a       203     0    11     1     3
  6.3916113278586173E-01 a       204     0    11     1     4
  2.9665614725269490E-02 a       205     0    11     1     5
  3.5269802824244634E-01 a       206     0    11     1     6
 -2.8102664431374502E-01 a       207     0    11     1     7
 -7.8533531436332005E-01 a       208     0    11     1     8
 -1.9274178561908255E-02 a       209     0    11     1     9
  5.2022297000086726E-01 a       210     0    11     1    10
 -1.9309413430553787E-01 a       211     0    11     1    11
 -7.4439249992572676E-01 a       212     0    11     1    12
  3.5780140474794936E-01 a       213     0    11     1    13
 -3.2651213082345593E-01 a       214     0    11     1    14
 -8.1627771014061282E-02 a       215     0    11     1    15
  2.6829807773162490E-01 a       216     0    11     1    16
 -1.1598180308813455E-01 a       217     0    11     1    17
  6.4335343821572299E-02 a       218     0    11     1    18
 -2.4963325579528822E-01 a       219     0    11     1    19
 -4.9557752000822430E-01 a       220     0    11     1    20
 -2.7753318509287161E-01 a       221     0    12     1     1
 -1.1638836216558368E-01 a       222     0    12     1     2
 -5.7504047869660391E-01 a       223     0    12     1     3
 -7.3172647351358633E-01 a       224     0    12     1     4
  2.8021370596505890E-02 a       225     0    12     1     5
  4.4101262876622122E-01 a       226     0    12     1     6
  5.1145048000436744E-01 a       227     0    12     1     7
  5.1310020052356609E-01 a       228     0    12     1     8
  9.6974731841674128E-02 a       229     0    12     1     9
 -9.3107101108946622E-01 a       230     0    12     1    10
  1.5732153963738929E-01 a       231     0    12     1    11
  5.8945274433430028E-01 a       232     0    12     1    12
 -6.6434159055811159E-01 a       233     0    12     1    13
  2.1797693488062991E-01 a       234     0    12     1    14
 -3.5535434826902873E-01 a       235     0    12     1    15
 -5.0533786721520613E-01 a       236     0    12     1    16
  4.5347036286972642E-01 a       237     0    12     1    17
 -4.5121124208071939E-01 a       238     0    12     1    18
  3.5350918186155250E-01 a       239     0    12     1    19
  6.3000547649652638E-01 a       240     0    12     1    20
 -4.4047062884045457E-01 a       241     0    13     1     1
 -3.4639563482981517E-01 a       242     0    13     1     2
  4.9436953527375477E-01 a       243     0    13     1     3
  4.3044382201190823E-01 a       244     0    13     1     4
 -1.0898602343727336E-01 a       245     0    13     1     5
  1.2434410222064812E-01 a       246     0    13     1     6
 -2.5329092378351981E-01 a       247     0    13     1     7
  2.0020686811515057E-01 a       248     0    13     1     8
 -9.8094349652602351E-03 a       249     0    13     1     9
  6.0688554564857955E-01 a       250     0    13     1    10
 -3.6402215512168340E-01 a       251     0    13     1    11
 -8.3318400143260640E-01 a       252     0    13     1    12
 -6.8575342166140210E-02 a       253     0    13     1    13
 -6.7050858207287373E-02 a       254     0    13     1    14
  4.4158522007928214E-01 a       255     0    13     1    15
 -2.1484497002958618E-02 a       256     0    13     1    16
  1.8179705914067482E-01 a       257     0    13     1    17
 -5.1614413994821295E-01 a       258     0    13     1    18
 -6.0968619362936509E-02 a       259     0    13     1    19
 -5.7278013659939664E-01 a       260     0    13     1    20
 -2.7499465319184790E-01 a       261     0    14     1     1
  1.3335630121049255E-01 a       262     0    14     1     2
 -7.3027835724487256E-01 a       263     0    14     1     3
  6.1750599462727307E-01 a       264     0    14     1     4
 -8.1509027671330514E-01 a       265     0    14     1     5
 -3.1668515969789601E-01 a       266     0    14     1     6
  2.2663480358675564E-01 a       267     0    14     1     7
 -4.7335289689481463E-01 a       268     0    14     1     8
 -3.4092755794811379E-02 a       269     0    14     1     9
 -1.7955294266950839E-01 a       270     0    14     1    10
  1.5150838771114358E-01 a       271     0    14     1    11
  1.0186520149432880E-01 a       272     0    14     1    12
  3.9893993675864131E-01 a       273     0    14     1    13
 -3.8084581992569527E-01 a       274     0    14     1    14
 -4.1539360384658636E-01 a       275     0    14     1    15
  2.7165957494233473E-01 a       276     0    14     1    16
  2.7400061797694814E-01 a       277     0    14     1    17
 -4.8466149022955179E-01 a       278     0    14     1    18
 -9.7317810084868485E-03 a       279     0    14     1    19
  4.3400789692679809E-01 a       280     0    14     1    20
  4.0782886875193536E-01 a       281     0    15     1     1
  7.8825739072805448E-02 a       282     0    15     1     2
  8.0225974016551371E-01 a       283     0    15     1     3
  3.3457296560964817E-01 a       284     0    15     1     4
  3.3317081602332216E-01 a       285     0    15     1     5
  4.9690133760957732E-02 a       286     0    15     1     6
  9.6453039316416661E-02 a       287     0    15     1     7
 -1.2747077866930251E-01 a       288     0    15     1     8
  9.1273068336452517E-02 a       289     0    15     1     9
 -8.6707464251631989E-04 a       290     0    15     1    10
  1.2733596465236321E-01 a       291     0    15     1    11
 -8.5802204706034613E-02 a       292     0    15     1    12
 -6.2152349501208848E-02 a       293     0    15     1    13
 -3.5343597288414763E-01 a       294     0    15     1    14
 -1.0918644068354587E-01 a       295     0    15     1    15
 -1.9832198542298482E-01 a       296     0    15     1    16
  3.6706593240199964E-01 a       297     0    15     1    17
 -1.3601585247150111E-01 a       298     0    15     1    18
 -9.2348429985647074E-02 a       299     0    15     1    19
  4.4218040621389448E-01 a       300     0    15     1    20
  2.9809855439482541E-01 a       301     0    16     1     1
  3.5189969552551398E-01 a       302     0    16     1     2
 -8.1121396081196862E-01 a       303     0    16     1     3
  1.4353665800504994E-01 a       304     0    16     1     4
  3.0894414367944079E-01 a       305     0    16     1     5
 -3.7979423099945608E-01 a       306     0    16     1     6
 -2.0087683795066447E-01 a       307     0    16     1     7
 -3.1653982122192159E-01 a       308     0    16     1     8
  5.1631663684397555E-01 a       309     0    16     1     9
  1.3087941520958496E-01 a       310     0    16     1    10
 -1.9865109821004828E-01 a       311     0    16     1    11
  1.5559207443099601E-01 a       312     0    16     1    12
 -7.3006002705430018E-01 a       313     0    16     1    13
  6.4147989831276941E-01 a       314     0    16     1    14
  7.5961190727049188E-01 a       315     0    16     1    15
  1.2262567771794988E-01 a       316     0    16     1    16
  4.1680841271683861E-01 a       317     0    16     1    17
 -3.0262863969082582E-01 a       318     0    16     1    18
 -5.9782853082655918E-01 a       319     0    16     1    19
  5.6245432951571517E-01 a       320     0    16     1    20
 -2.3600176790580049E-01 a       321     0    17     1     1
 -3.9850541023281849E-01 a       322     0    17     1     2
  1.9774355049389322E-01 a       323     0    17     1     3
  4.3028886464452060E-01 a       324     0    17     1     4
 -9.9984739640910619E-02 a       325     0    17     1     5
  1.2366644804564980E-01 a       326     0    17     1     6
 -5.0233632879612322E-01 a       327     0    17     1     7
 -4.8918389512021693E-01 a       328     0    17     1     8
  7.7269316129094823E-02 a       329     0    17     1     9
  8.7494694693916436E-02 a       330     0    17     1    10
  2.6023740616883007E-01 a       331     0    17     1    11
 -3.4590381004419879E-01 a       332     0    17     1    12
  6.3592141170274752E-01 a       333     0    17     1    13
 -6.9178006297329131E-01 a       334     0    17     1    14
 -2.2176707845565871E-01 a       335     0    17     1    15
 -7.7490438636317313E-02 a       336     0    17     1    16
 -5.3368171492473604E-01 a       337     0    17     1    17
  3.8261973503884117E-01 a       338     0    17     1    18
  4.2679465136836436E-01 a       339     0    17     1    19
 -7.0153000369143725E-01 a       340     0    17     1    20
 -3.3480193656438306E-01 a       341     0    18     1     1
  1.6544004035836363E-01 a       342     0    18     1     2
 -2.3358900489018156E-01 a       343     0    18     1     3
 -2.6479578908222079E-01 a       344     0    18     1     4
  4.0817353935630318E-01 a       345     0    18     1     5
 -1.2988938808594130E-01 a       346     0    18     1     6
 -1.1147128352281216E-01 a       347     0    18     1     7
  2.2783009503041526E-01 a       348     0    18     1     8
  5.4552704451584742E-02 a       349     0    18     1     9
  1.6942292891464131E-01 a       350     0    18     1    10
  2.7805526567264044E-01 a       351     0    18     1    11
  3.4214593037774149E-01 a       352     0    18     1    12
  1.3970817700716939E-01 a       353     0    18     1    13
  1.7644911447341707E-01 a       354     0    18     1    14
  2.1888157809352399E-02 a       355     0    18     1    15
 -3.7657913437406321E-01 a       356     0    18     1    16
  7.1257616159621362E-01 a       357     0    18     1    17
  2.6969326145045502E-01 a       358     0    18     1    18
  5.3067459459816368E-01 a       359     0    18     1    19
  1.8392272317860731E-01 a       360     0    18     1    20
  8.1877107501028168E-01 a       361     0    19     1     1
  6.0747590225023251E-01 a       362     0    19     1     2
 -2.5713572374699389E-01 a       363     0    19     1     3
 -5.1466177421655664E-02 a       364     0    19     1     4
  5.2771100183842856E-01 a       365     0    19     1     5
  4.0301460659227670E-02 a       366     0    19     1     6
  3.4741710712966661E-01 a       367     0    19     1     7
 -1.1985892516738775E-01 a       368     0    19     1     8
  2.7234464123994889E-01 a       369     0    19     1     9
 -1.5545180513115370E-01 a       370     0    19     1    10
 -4.9054761611651271E-01 a       371     0    19     1    11
 -1.5058970321841719E-01 a       372     0    19     1    12
  1.6485279663657437E-01 a       373     0    19     1    13
  6.9129233042473959E-01 a       374     0    19     1    14
  3.0168397356845927E-01 a       375     0    19     1    15
  6.1817540288329176E-01 a       376     0    19     1    16
 -8.1388953212783699E-01 a       377     0    19     1    17
  1.1592350674162144E-01 a       378     0    19     1    18
 -2.1367082681477034E-01 a       379     0    19     1    19
  3.7347040151286387E-01 a       380     0    19     1    20
 -1.4022398837292385E-01 a       381     0    20     1     1
  3.5404555808445121E-02 a       382     0    20     1     2
  6.5525328310808550E-03 a       383     0    20     1     3
  6.3078319954447640E-02 a       384     0    20     1     4
 -1.8522645783291897E-01 a       385     0    20     1     5
  2.5239310689281469E-01 a       386     0    20     1     6
  7.6304908262095725E-02 a       387     0    20     1     7
  1.4612879022729502E-01 a       388     0    20     1     8
 -3.8641803325043916E-01 a       389     0    20     1     9
 -2.0262567914352586E-01 a       390     0    20     1    10
  1.9476492733997955E-01 a       391     0    20     1    11
  3.5688943770038201E-01 a       392     0    20     1    12
  7.5386108959674791E-01 a       393     0    20     1    13
 -3.6786570052868367E-01 a       394     0    20     1    14
  1.7496819739806396E-01 a       395     0    20     1    15
 -5.7918334730250647E-02 a       396     0    20     1    16
 -1.8269133098446452E-02 a       397     0    20     1    17
 -6.5871085576262020E-02 a       398     0    20     1    18
 -2.3181149618526933E-01 a       399     0    20     1    19
  1.0062923409787999E-01 a       400     0    20     1    20
 -1.7743493745324762E-01 a       401     0    21     1     1
  2.0469349606488385E-01 a       402     0    21     1     2
  4.6591306887974976E-01 a       403     0    21     1     3
 -3.3026664551097806E-01 a       404     0    21     1     4
  4.9307865661439249E-01 a       405     0    21     1     5
 -3.6856460274218811E-01 a       406     0    21     1     6
  1.8243967084722962E-01 a       407     0    21     1     7
  2.7370547500031206E-01 a       408     0    21     1     8
  3.7855240340484170E-01 a       409     0    21     1     9
  6.4608208773960274E-01 a       410     0    21     1    10
  3.7451134239281331E-01 a       411     0    21     1    11
 -4.8848752302024712E-01 a       412     0    21     1    12
  3.4011372911039262E-01 a       413     0    21     1    13
 -4.3068532348961297E-01 a       414     0    21     1    14
 -1.7070810809691997E-01 a       415     0    21     1    15
 -6.4582308886993034E-01 a       416     0    21     1    16
 -3.6454665909247319E-01 a       417     0    21     1    17
 -6.3461138894588695E-02 a       418     0    21     1    18
 -7.7274913110527352E-02 a       419     0    21     1    19
  2.4171650677302808E-01 a       420     0    21     1    20
 -7.1086759622190701E-02 a       421     0    22     1     1
  1.1264509400240234E-01 a       422     0    22     1     2
  1.7515055704206729E-02 a       423     0    22     1     3
 -1.8915996089813200E-01 a       424     0    22     1     4
 -9.9518033700610339E-02 a       425     0    22     1     5
  3.7624019092018213E-01 a       426     0    22     1     6
 -3.3435358646020197E-01 a       427     0    22     1     7
 -2.4772473383556076E-01 a       428     0    22     1     8
  9.7682239102697660E-02 a       429     0    22     1     9
  4.6752108724510411E-01 a       430     0    22     1    10
 -2.2133048765112107E-01 a       431     0    22     1    11
  4.6135239937883205E-01 a       432     0    22     1    12
 -2.8868433668069772E-02 a       433     0    22     1    13
  2.1443591124361069E-01 a       434     0    22     1    14
  3.9916755285036259E-01 a       435     0    22     1    15
 -3.1666666184420336E-02 a       436     0    22     1    16
 -9.5774687420835924E-01 a       437     0    22     1    17
  1.6946884008709931E-02 a       438     0    22     1    18
 -7.8182540359942751E-02 a       439     0    22     1    19
 -5.7057014705175257E-01 a       440     0    22     1    20
  8.4724337754135737E-01 a       441     0    23     1     1
 -1.6436091537760270E-01 a       442     0    23     1     2
 -2.4274038059537112E-01 a       443     0    23     1     3
 -4.0033421878387050E-02 a       444     0    23     1     4
  1.4552234769357166E+00 a       445     0    23     1     5
 -1.7942515262457048E-01 a       446     0    23     1     6
 -3.0910414636854933E-01 a       447     0    23     1     7
 -1.4629744291637604E-03 a       448     0    23     1     8
  3.8197508851760337E-01 a       449     0    23     1     9
 -9.6208111875327698E-02 a       450     0    23     1    10
 -4.4201996734097981E-01 a       451     0    23     1    11
 -7.1463717988171449E-01 a       452     0    23     1    12
 -1.7015091406213731E-01 a       453     0    23     1    13
  7.5754913454484385E-01 a       454     0    23     1    14
  1.5333210146792561E-01 a       455     0    23     1    15
 -4.1586289836997227E-02 a       456     0    23     1    16
  4.6354466011711798E-01 a       457     0    23     1    17
 -2.7155978268752440E-01 a       458     0    23     1    18
  3.0404795972888016E-01 a       459     0    23     1    19
  1.8418491832537125E-02 a       460     0    23     1    20
  7.2456314991186710E-02 a       461     0    24     1     1
  4.0395325507576541E-01 a       462     0    24     1     2
  2.9612314986876226E-01 a       463     0    24     1     3
  2.9658545220330124E-01 a       464     0    24     1     4
  1.9335051334895473E-01 a       465     0    24     1     5
 -9.3873564264765771E-02 a       466     0    24     1     6
 -2.0715082574162819E-01 a       467     0    24     1     7
 -4.3156259402604497E-01 a       468     0    24     1     8
  2.7677795967964985E-01 a       469     0    24     1     9
 -5.2825507232615893E-02 a       470     0    24     1    10
 -2.5307114342340800E-02 a       471     0    24     1    11
  8.5935018732456597E-02 a       472     0    24     1    12
  2.9512023065501858E-01 a       473     0    24     1    13
  5.8683421485249310E-01 a       474     0    24     1    14
 -8.6979757881769565E-02 a       475     0    24     1    15
 -3.4481651738153524E-01 a       476     0    24     1    16
  6.5111500402712341E-01 a       477     0    24     1    17
 -4.9524661574503476E-01 a       478     0    24     1    18
  1.0271154343516782E-01 a       479     0    24     1    19
 -3.7994823266927008E-01 a       480     0    24     1    20
  2.6803574749041204E-01 a       481     0    25     1     1
 -6.2492377883803596E-01 a       482     0    25     1     2
 -7.0196478139436158E-01 a       483     0    25     1     3
 -2.8136447467459025E-01 a       484     0    25     1     4
  1.5192095002147206E+00 a       485     0    25     1     5
  7.4266372958269947E-02 a       486     0    25     1     6
 -5.1767026949056538E-01 a       487     0    25     1     7
  8.2509198954978852E-02 a       488     0    25     1     8
 -4.0723720471500097E-01 a       489     0    25     1     9
 -8.7713794315971122E-02 a       490     0    25     1    10
  2.4633960300069002E-01 a       491     0    25     1    11
 -4.4483032405438677E-01 a       492     0    25     1    12
 -6.1278955262582502E-01 a       493     0    25     1    13
  2.2245268911359230E-02 a       494     0    25     1    14
 -3.1208200549962650E-01 a       495     0    25     1    15
  2.6715454128954935E-01 a       496     0    25     1    16
 -8.6686070113940206E-01 a       497     0    25     1    17
 -3.4285500783403439E-01 a       498     0    25     1    18
  7.6921078805889209E-01 a       499     0    25     1    19
  2.4053987405519087E-01 a       500     0    25     1    20
 -2.2250331239907487E-01 a       501     0    26     1     1
 -8.1919714661689041E-02 a       502     0    26     1     2
 -3.6057175025946919E-01 a       503     0    26     1     3
 -1.6514254547535057E-01 a       504     0    26     1     4
 -3.1781762308843775E-01 a       505     0    26     1     5
 -6.9902674208353652E-02 a       506     0    26     1     6
 -2.9458532363438802E-02 a       507     0    26     1     7
  1.1599318624439059E-01 a       508     0    26     1     8
 -3.1130119898280262E-01 a       509     0    26     1     9
  4.9040797284168758E-01 a       510     0    26     1    10
 -1.5282358473795271E-01 a       511     0    26     1    11
 -1.0178222769387220E-02 a       512     0    26     1    12
 -1.1299346410393837E-01 a       513     0    26     1    13
 -2.4706153503562964E-01 a       514     0    26     1    14
 -2.1527288594687014E-01 a       515     0    26     1    15
  5.0894452897136200E-01 a       516     0    26     1    16
 -8.1375827758693375E-01 a       517     0    26     1    17
  5.0269907220456866E-01 a       518     0    26     1    18
 -4.7004320916270610E-02 a       519     0    26     1    19
  2.2777686694433474E-01 a       520     0    26     1    20
 -2.0219783358531243E-01 a       521     0    27     1     1
  8.9607859422630864E-01 a       522     0    27     1     2
  4.2989346350207541E-01 a       523     0    27     1     3
  2.2623617055908971E-01 a       524     0    27     1     4
 -1.2378452843465408E+00 a       525     0    27     1     5
 -1.0925228732088432E+00 a       526     0    27     1     6
  7.6161701929098669E-01 a       527     0    27     1     7
 -1.1743338012304096E-01 a       528     0    27     1     8
  6.1590760548887580E-01 a       529     0    27     1     9
  5.6925847631813287E-01 a       530     0    27     1    10
 -1.8767911346123037E-01 a       531     0    27     1    11
  1.6170643211245969E-01 a       532     0    27     1    12
  2.9717011295708997E-02 a       533     0    27     1    13
  1.8640745485301657E-01 a       534     0    27     1    14
  5.2851231727744585E-01 a       535     0    27     1    15
  3.0780427074491433E-02 a       536     0    27     1    16
  1.8995621230157630E-01 a       537     0    27     1    17
  2.9489841759735923E-02 a       538     0    27     1    18
 -5.1610368833110953E-01 a       539     0    27     1    19
 -1.7540189451775273E-01 a       540     0    27     1    20
 -8.8845299122476729E-01 a       541     0    28     1     1
  2.7234362055172756E-01 a       542     0    28     1     2
  4.7287998403988313E-02 a       543     0    28     1     3
  2.2848396812739472E-01 a       544     0    28     1     4
 -6.0628786567782633E-01 a       545     0    28     1     5
 -1.5347698705452853E-01 a       546     0    28     1     6
 -2.0091906497469206E-01 a       547     0    28     1     7
  1.2188755349706346E-01 a       548     0    28     1     8
 -3.5774314257228418E-01 a       549     0    28     1     9
  8.0306959613953496E-02 a       550     0    28     1    10
 -2.4846702577309119E-02 a       551     0    28     1    11
 -3.8907821349628224E-02 a       552     0    28     1    12
  3.8876204635688905E-01 a       553     0    28     1    13
  3.2059516721628906E-02 a       554     0    28     1    14
  3.6303339764453202E-01 a       555     0    28     1    15
 -1.7875718201148170E-02 a       556     0    28     1    16
  1.2193385158471337E-01 a       557     0    28     1    17
  3.2100073141888001E-02 a       558     0    28     1    18
 -2.1534043389318844E-01 a       559     0    28     1    19
  4.8370111775588842E-01 a       560     0    28     1    20
 -4.8924239513635204E-01 a       561     0    29     1     1
 -2.1929821918201262E-01 a       562     0    29     1     2
 -3.5886449803589104E-01 a       563     0    29     1     3
  3.4363416501579030E-01 a       564     0    29     1     4
 -3.2736460915192217E-01 a       565     0    29     1     5
  1.0001877818425836E-01 a       566     0    29     1     6
 -5.5121050608667521E-01 a       567     0    29     1     7
  3.5437105086406190E-01 a       568     0    29     1     8
  2.4407630074725375E-02 a       569     0    29     1     9
  3.3325382549992544E-01 a       570     0    29     1    10
  3.2692851104626275E-01 a       571     0    29     1    11
  4.6941453427501445E-02 a       572     0    29     1    12
 -1.6452218259450042E-02 a       573     0    29     1    13
 -2.7353413391884268E-01 a       574     0    29     1    14
  6.3026601958961181E-01 a       575     0    29     1    15
  2.1371919719547397E-01 a       576     0    29     1    16
  2.5272887462899185E-01 a       577     0    29     1    17
  3.0042437021343144E-01 a       578     0    29     1    18
 -1.1125588734540985E-01 a       579     0    29     1    19
 -1.3517603999576838E-01 a       580     0    29     1    20
  1.6046441109410967E-01 a       581     0    30     1     1
 -2.4389264128237934E-01 a       582     0    30     1     2
  2.3670995266597741E-01 a       583     0    30     1     3
  1.9733243951674281E-01 a       584     0    30     1     4
  3.7417143440455181E-01 a       585     0    30     1     5
  4.3792628675583339E-01 a       586     0    30     1     6
 -4.0296958970291996E-01 a       587     0    30     1     7
  2.2863016183631055E-01 a       588     0    30     1     8
 -9.2424491712558343E-02 a       589     0    30     1     9
 -1.6510206625159865E-01 a       590     0    30     1    10
 -8.0136319314592409E-04 a       591     0    30     1    11
 -6.0729144476719940E-02 a       592     0    30     1    12
 -2.8750269478801915E-01 a       593     0    30     1    13
 -5.3540028042976617E-01 a       594     0    30     1    14
 -4.7469041481881069E-01 a       595     0    30     1    15
 -2.5125213938191948E-01 a       596     0    30     1    16
 -3.4915064928487205E-01 a       597     0    30     1    17
 -4.3683985748405174E-01 a       598     0    30     1    18
  4.0172548353570280E-02 a       599     0    30     1    19
  1.6299471245682542E-01 a       600     0    30     1    20
  1.6129835560987757E-01 a       601     0    31     1     1
 -3.6556806564961586E-01 a       602     0    31     1     2
 -3.0183935535673095E-01 a       603     0    31     1     3
  5.3527515818118154E-01 a       604     0    31     1     4
  2.8435327677969602E-01 a       605     0    31     1     5
  1.2302841069267778E-01 a       606     0    31     1     6
 -4.0445661033412250E-01 a       607     0    31     1     7
  1.5382945423656555E-01 a       608     0    31     1     8
  4.8176214417556834E-01 a       609     0    31     1     9
 -8.2550304296718446E-01 a       610     0    31     1    10
 -4.0161465896385340E-01 a       611     0    31     1    11
 -3.6805281138072982E-01 a       612     0    31     1    12
  8.8792018764472180E-02 a       613     0    31     1    13
 -8.3466186172576173E-01 a       614     0    31     1    14
 -1.6120496411569482E-01 a       615     0    31     1    15
 -1.6174276156881287E-01 a       616     0    31     1    16
 -1.3911242462409357E-01 a       617     0    31     1    17
 -8.1040541452648873E-01 a       618     0    31     1    18
 -4.6179507966310979E-01 a       619     0    31     1    19
 -6.7893125485280703E-01 a       620     0    31     1    20
  5.6530091722816733E-01 a       621     0    32     1     1
 -1.3946112256224583E-01 a       622     0    32     1     2
 -4.1383041520998365E-01 a       623     0    32     1     3
  1.0927541164964433E-01 a       624     0    32     1     4
 -1.5362951912531937E+00 a       625     0    32     1     5
  5.6483534916822264E-01 a       626     0    32     1     6
 -2.2003047397550016E-01 a       627     0    32     1     7
  1.1875447700445445E-02 a       628     0    32     1     8
 -2.7468753024069020E-01 a       629     0    32     1     9
 -5.2311648043568792E-01 a       630     0    32     1    10
  8.2941786871011308E-02 a       631     0    32     1    11
  3.8519029429042856E-01 a       632     0    32     1    12
 -3.8280468047263053E-02 a       633     0    32     1    13
  1.8636079700932573E-01 a       634     0    32     1    14
 -4.0956810325848532E-02 a       635     0    32     1    15
  2.1969663322549549E-01 a       636     0    32     1    16
  5.2590897531834946E-01 a       637     0    32     1    17
 -7.4201995402779358E-02 a       638     0    32     1    18
 -2.8930243783020898E-01 a       639     0    32     1    19
  1.4560629183445181E-01 a       640     0    32     1    20
 -2.7195868718325344E-01 a       641     0    33     1     1
  1.2534482735375840E-01 a       642     0    33     1     2
 -1.4095247235348154E-01 a       643     0    33     1     3
 -1.6244028187844237E-01 a       644     0    33     1     4
  2.8546329941537357E-01 a       645     0    33     1     5
 -1.5214862541926183E-01 a       646     0    33     1     6
  1.7501019992028186E-01 a       647     0    33     1     7
 -2.2799728520981408E-01 a       648     0    33     1     8
 -5.6712543581565678E-01 a       649     0    33     1     9
 -4.3386695658921098E-01 a       650     0    33     1    10
  1.2618146870581529E-01 a       651     0    33     1    11
 -1.9954166083483788E-01 a       652     0    33     1    12
 -5.1674546361059814E-01 a       653     0    33     1    13
 -5.2449567834655687E-02 a       654     0    33     1    14
 -5.7313070474851580E-01 a       655     0    33     1    15
  6.5305396440636418E-02 a       656     0    33     1    16
 -5.8649055193648036E-01 a       657     0    33     1    17
 -2.1986961870290561E-01 a       658     0    33     1    18
 -2.1242566242220454E-01 a       659     0    33     1    19
 -1.3515502352298711E-01 a       660     0    33     1    20
 -1.3525727387859508E-02 a       661     0    34     1     1
  2.2211834951758179E-02 a       662     0    34     1     2
 -3.5478148105653052E-03 a       663     0    34     1     3
 -2.4909559196780992E-01 a       664     0    34     1     4
 -4.4616034722371294E-02 a       665     0    34     1     5
 -1.4667623758488013E-01 a       666     0    34     1     6
 -2.2256872590452167E-02 a       667     0    34     1     7
  2.5071240671427697E-01 a       668     0    34     1     8
  1.2427924082412188E-01 a       669     0    34     1     9
 -3.0474107151488478E-01 a       670     0    34     1    10
 -5.9168156008330093E-02 a       671     0    34     1    11
  1.5140904556520010E-01 a       672     0    34     1    12
  5.4835163436840284E-01 a       673     0    34     1    13
 -1.3669553899530600E-02 a       674     0    34     1    14
  2.7669553780823225E-01 a       675     0    34     1    15
  7.2712419831536784E-02 a       676     0    34     1    16
  2.4565016559633578E-02 a       677     0    34     1    17
  3.7250871533614317E-02 a       678     0    34     1    18
  4.4345304040182575E-02 a       679     0    34     1    19
  2.5726791751438444E-01 a       680     0    34     1    20
  5.0078950901318942E-01 a       681     0    35     1     1
  5.8921546048088647E-01 a       682     0    35     1     2
  7.6533639305976575E-01 a       683     0    35     1     3
 -5.5170946204391103E-01 a       684     0    35     1     4
  1.7658832560554541E-01 a       685     0    35     1     5
 -4.8273195240485783E-01 a       686     0    35     1     6
 -6.1666360100709194E-01 a       687     0    35     1     7
  8.5851722462228153E-01 a       688     0    35     1     8
  1.1115656464545268E-01 a       689     0    35     1     9
  3.2585833280887910E-01 a       690     0    35     1    10
  1.3027646218241001E-01 a       691     0    35     1    11
  1.1103039989482560E-01 a       692     0    35     1    12
  2.9175643920262018E-01 a       693     0    35     1    13
  1.5191767031515399E-01 a       694     0    35     1    14
 -1.2064819402892278E-01 a       695     0    35     1    15
  5.5604056909645283E-01 a       696     0    35     1    16
  1.1514188129669263E-02 a       697     0    35     1    17
 -2.4661013164660589E-01 a       698     0    35     1    18
 -1.8611515708411130E-01 a       699     0    35     1    19
  3.9244865916421928E-01 a       700     0    35     1    20
 -5.0485458822228035E-01 a       701     0    36     1     1
 -1.8887041778566729E-01 a       702     0    36     1     2
 -1.8119486615015645E-01 a       703     0    36     1     3
  1.6151908859697831E-01 a       704     0    36     1     4
  2.9868405290863148E-01 a       705     0    36     1     5
  2.5034829360675254E-01 a       706     0    36     1     6
  2.3839490999702412E-01 a       707     0    36     1     7
  1.1166765198156230E-01 a       708     0    36     1     8
 -3.0282958694281764E-01 a       709     0    36     1     9
 -5.7804109689255770E-02 a       710     0    36     1    10
  1.9213736369179621E-01 a       711     0    36     1    11
 -1.2586345237361620E-02 a       712     0    36     1    12
 -4.3653248748514406E-01 a       713     0    36     1    13
 -3.5088259385470544E-01 a       714     0    36     1    14
 -6.5935564237885283E-02 a       715     0    36     1    15
 -2.0051103531184883E-01 a       716     0    36     1    16
  2.0518315707301701E-01 a       717     0    36     1    17
  1.3199110979299339E-01 a       718     0    36     1    18
 -5.2417149375983940E-01 a       719     0    36     1    19
 -1.6649408575493491E-01 a       720     0    36     1    20
  1.5837090702612336E-01 a       721     0    37     1     1
 -1.6034884620982522E-02 a       722     0    37     1     2
  2.3831442725547688E-01 a       723     0    37     1     3
  6.3742233607870374E-02 a       724     0    37     1     4
 -3.0475034911499677E-01 a       725     0    37     1     5
  2.0838123267560291E-01 a       726     0    37     1     6
 -2.3272918724580149E-01 a       727     0    37     1     7
 -9.5342819315171801E-02 a       728     0    37     1     8
  2.3210465896858726E-01 a       729     0    37     1     9
  4.9978942961056333E-01 a       730     0    37     1    10
  3.7923346557735965E-02 a       731     0    37     1    11
  2.5015626203300778E-01 a       732     0    37     1    12
  3.2204558887466556E-01 a       733     0    37     1    13
  7.3621168212827701E-02 a       734     0    37     1    14
  1.5310764373269162E-01 a       735     0    37     1    15
  6.5685841901230849E-02 a       736     0    37     1    16
  6.3970990471213884E-01 a       737     0    37     1    17
  1.8586429628424603E-01 a       738     0    37     1    18
  2.6756109747822988E-02 a       739     0    37     1    19
  9.7386383676136820E-02 a       740     0    37     1    20
 -1.7022462058543314E-01 a       741     0    38     1     1
  1.5064203818495928E-01 a       742     0    38     1     2
 -5.0396309776132284E-02 a       743     0    38     1     3
  3.2586623588382178E-02 a       744     0    38     1     4
  2.4024839101236625E-01 a       745     0    38     1     5
 -3.9185850367108789E-02 a       746     0    38     1     6
  4.2734829319229534E-01 a       747     0    38     1     7
 -3.2800438577447655E-01 a       748     0    38     1     8
  2.4017734406510374E-01 a       749     0    38     1     9
  9.0968760688242500E-02 a       750     0    38     1    10
 -3.0858058128590693E-01 a       751     0    38     1    11
 -2.6165230163474079E-01 a       752     0    38     1    12
  3.4702596912479211E-01 a       753     0    38     1    13
  3.9170949101886243E-01 a       754     0    38     1    14
  1.2620139464589189E-01 a       755     0    38     1    15
 -1.6837227924606832E-01 a       756     0    38     1    16
 -5.0834673653651352E-01 a       757     0    38     1    17
  4.1428367697319758E-02 a       758     0    38     1    18
  8.1470682219593848E-01 a       759     0    38     1    19
 -4.9939504872507839E-02 a       760     0    38     1    20
 -7.4742827149979985E-02 a       761     0    39     1     1
 -1.0706895326726214E-01 a       762     0    39     1     2
  1.6994635476006628E-01 a       763     0    39     1     3
 -5.3928636611342440E-01 a       764     0    39     1     4
  5.1632330246666980E-01 a       765     0    39     1     5
 -8.0793285078118005E-01 a       766     0    39     1     6
  7.2316727794130486E-01 a       767     0    39     1     7
  1.8221660533222811E-01 a       768     0    39     1     8
 -5.0060227685765457E-01 a       769     0    39     1     9
  1.8322051738523009E-02 a       770     0    39     1    10
  2.6849273896125553E-01 a       771     0    39     1    11
  5.5652338999573459E-01 a       772     0    39     1    12
 -1.6987950537628649E-01 a       773     0    39     1    13
 -8.5296019908611687E-01 a       774     0    39     1    14
 -2.2622444010587528E-01 a       775     0    39     1    15
 -3.4953180535780809E-01 a       776     0    39     1    16
  2.4616129590606045E-01 a       777     0    39     1    17
  2.1753096238314254E-01 a       778     0    39     1    18
  1.4712128208856240E-01 a       779     0    39     1    19
 -5.0717091915233414E-01 a       780     0    39     1    20
  4.2604390750681931E-01 a       781     0    40     1     1
 -8.9495968317316821E-02 a       782     0    40     1     2
 -1.1803030838161326E+00 a       783     0    40     1     3
 -6.5880160525395498E-02 a       784     0    40     1     4
 -5.6184117043946025E-01 a       785     0    40     1     5
  1.0415427743305593E-01 a       786     0    40     1     6
 -2.0005533040906753E-01 a       787     0    40     1     7
  3.0852572000298950E-01 a       788     0    40     1     8
  8.3165220714272869E-01 a       789     0    40     1     9
 -3.3783824989332645E-01 a       790     0    40     1    10
 -1.2825652804487822E-01 a       791     0    40     1    11
 -6.9258564715281734E-01 a       792     0    40     1    12
 -7.1408322761510645E-01 a       793     0    40     1    13
  5.9399663850308271E-01 a       794     0    40     1    14
 -6.2489564595337599E-01 a       795     0    40     1    15
  7.2601703522969330E-01 a       796     0    40     1    16
 -7.0909596777076123E-01 a       797     0    40     1    17
 -7.7177835108231529E-01 a       798     0    40     1    18
 -4.6013818352757369E-01 a       799     0    40     1    19
 -3.5634190717003500E-01 a       800     0    40     1    20
  1.1180054490488589E-01 a       801     0    41     1     1
  3.3897359654582813E-02 a       802     0    41     1     2
  2.7926580582444199E-01 a       803     0    41     1     3
 -2.4443105254281192E-01 a       804     0    41     1     4
 -2.8963499517852498E-01 a       805     0    41     1     5
  1.6599628632918192E-01 a       806     0    41     1     6
 -1.6776489273967254E-02 a       807     0    41     1     7
  1.0875638146119490E-01 a       808     0    41     1     8
 -1.4582132212999468E-01 a       809     0    41     1     9
  1.8539144042779299E-01 a       810     0    41     1    10
  7.0040431489830052E-02 a       811     0    41     1    11
  3.0010124207584615E-01 a       812     0    41     1    12
  1.9625865339125628E-01 a       813     0    41     1    13
  2.4025721091708038E-01 a       814     0    41     1    14
 -6.4790507858663049E-01 a       815     0    41     1    15
 -5.8065628232555344E-01 a       816     0    41     1    16
  2.7622760307037791E-01 a       817     0    41     1    17
  3.7335310532633265E-01 a       818     0    41     1    18
  4.4192160251203361E-01 a       819     0    41     1    19
  1.1506626326410499E-01 a       820     0    41     1    20
  4.2877017368444731E-01 a       821     0    42     1     1
  3.0984504789252482E-01 a       822     0    42     1     2
  5.1967178083182586E-01 a       823     0    42     1     3
 -2.5479926420306570E-01 a       824     0    42     1     4
 -1.6843158600174302E-01 a       825     0    42     1     5
  3.6559535464395521E-01 a       826     0    42     1     6
 -3.0129512182867479E-01 a       827     0    42     1     7
 -5.9479110408955906E-02 a       828     0    42     1     8
 -6.9740543768685070E-01 a       829     0    42     1     9
 -6.2228033436552083E-03 a       830     0    42     1    10
  1.1415268157711900E-01 a       831     0    42     1    11
  6.3474833675158715E-01 a       832     0    42     1    12
 -2.5256057732772375E-01 a       833     0    42     1    13
  5.8388989171852756E-01 a       834     0    42     1    14
  1.3460111360555163E-01 a       835     0    42     1    15
  3.7422093611336199E-01 a       836     0    42     1    16
  3.0326820364849927E-01 a       837     0    42     1    17
  1.4898008815032038E+00 a       838     0    42     1    18
  1.3151576067344833E-01 a       839     0    42     1    19
  4.6250847435839310E-01 a       840     0    42     1    20
 -5.0688358441614989E-01 a       841     0    43     1     1
 -1.6046570024754420E-01 a       842     0    43     1     2
  8.8300562243166725E-01 a       843     0    43     1     3
 -3.9385252653827119E-01 a       844     0    43     1     4
  5.5679249698556832E-01 a       845     0    43     1     5
  3.8578172811354633E-01 a       846     0    43     1     6
  2.4168969403483828E-01 a       847     0    43     1     7
 -1.9000730529138332E-01 a       848     0    43     1     8
 -1.0659835047410922E-01 a       849     0    43     1     9
 -8.0586766539694676E-01 a       850     0    43     1    10
 -1.1033630625795671E-01 a       851     0    43     1    11
  4.6580834876664617E-01 a       852     0    43     1    12
 -5.4138328018668891E-01 a       853     0    43     1    13
 -8.6506292088242109E-01 a       854     0    43     1    14
  1.7919754780881642E-01 a       855     0    43     1    15
  8.9467276082187339E-02 a       856     0    43     1    16
 -6.9715548823900819E-01 a       857     0    43     1    17
  8.3491510343993006E-02 a       858     0    43     1    18
  3.8977834264033867E-01 a       859     0    43     1    19
 -7.3813450220287136E-01 a       860     0    43     1    20
  1.0798089475831781E-01 a       861     0    44     1     1
  1.4644358018476974E-01 a       862     0    44     1     2
 -4.3695713068727182E-01 a       863     0    44     1     3
  3.7257031123257411E-01 a       864     0    44     1     4
 -2.5093187675849199E-01 a       865     0    44     1     5
 -2.8156980999977399E-01 a       866     0    44     1     6
 -5.8588129896615403E-02 a       867     0    44     1     7
 -8.9713029256477173E-01 a       868     0    44     1     8
  2.4557536745075558E-02 a       869     0    44     1     9
  1.9209691520629890E-01 a       870     0    44     1    10
 -2.7153822803285908E-02 a       871     0    44     1    11
 -2.0902455153491828E-01 a       872     0    44     1    12
 -5.8911085506648662E-02 a       873     0    44     1    13
  4.3573751728544760E-02 a       874     0    44     1    14
  1.1847472737160065E-01 a       875     0    44     1    15
  5.8017983170355270E-01 a       876     0    44     1    16
  1.3031475965928913E-01 a       877     0    44     1    17
 -1.8696785522876788E-01 a       878     0    44     1    18
  5.3103080295058933E-02 a       879     0    44     1    19
  2.3174195014666322E-02 a       880     0    44     1    20
 -8.6101039646197519E-01 a       881     0    45     1     1
 -3.2752050225330442E-01 a       882     0    45     1     2
  3.1833888772794355E-01 a       883     0    45     1     3
 -2.4024882025821575E-02 a       884     0    45     1     4
  1.3935130675162410E-01 a       885     0    45     1     5
 -2.6541766468783290E-01 a       886     0    45     1     6
 -1.1377313613176271E-01 a       887     0    45     1     7
  1.2070874429823973E-01 a       888     0    45     1     8
  5.8013920564601532E-03 a       889     0    45     1     9
  2.1524924725856992E-01 a       890     0    45     1    10
 -2.9884746036899545E-01 a       891     0    45     1    11
 -6.2521979671900363E-01 a       892     0    45     1    12
  3.1452216653335696E-01 a       893     0    45     1    13
  9.6482078522731399E-03 a       894     0    45     1    14
 -7.9756179966168086E-02 a       895     0    45     1    15
 -3.3132586986030672E-02 a       896     0    45     1    16
 -2.0436385274157115E-01 a       897     0    45     1    17
  5.0191282764082756E-01 a       898     0    45     1    18
 -4.4228839716606287E-02 a       899     0    45     1    19
 -4.0913319584554503E-01 a       900     0    45     1    20
  8.4387710976327024E-02 a       901     0    46     1     1
 -8.0983081351872779E-02 a       902     0    46     1     2
  3.8227996642981321E-01 a       903     0    46     1     3
 -4.5959612779375908E-01 a       904     0    46     1     4
  1.6155796703246691E-01 a       905     0    46     1     5
 -3.1798759802721988E-01 a       906     0    46     1     6
  9.8799706253958952E-01 a       907     0    46     1     7
 -1.0215681880304697E-01 a       908     0    46     1     8
 -1.3628848321993775E-01 a       909     0    46     1     9
 -3.0998275838053635E-01 a       910     0    46     1    10
  5.4984691108810213E-01 a       911     0    46     1    11
  1.5628105881795024E-01 a       912     0    46     1    12
 -2.1671245653300727E-01 a       913     0    46     1    13
 -2.9886685784294853E-01 a       914     0    46     1    14
 -4.2470643916880796E-02 a       915     0    46     1    15
 -3.8207815009817803E-01 a       916     0    46     1    16
  5.8771367898528670E-01 a       917     0    46     1    17
 -1.0779275208062153E-01 a       918     0    46     1    18
 -2.4683875895873722E-01 a       919     0    46     1    19
  6.8044809261799055E-01 a       920     0    46     1    20
  5.6308086070863383E-01 b       921     1     1
  1.2597750697524571E-01 b       922     1     2
 -2.1575436356727432E-01 b       923     1     3
 -5.4192799827799409E-01 b       924     1     4
  1.2491026379722290E+00 b       925     1     5
 -1.4865720709629677E+00 b       926     1     6
  8.1636608946748207E-02 b       927     1     7
 -9.1581718559923614E-02 b       928     1     8
  1.3984998226443268E+00 b       929     1     9
 -3.3019449815148670E-02 b       930     1    10
 -3.6068133183604273E-01 b       931     1    11
 -1.3581180957141470E+00 b       932     1    12
  1.1191859789370082E+00 b       933     1    13
  1.2159674482366838E+00 b       934     1    14
  1.0679309331125348E+00 b       935     1    15
  1.3580006653239984E+00 b       936     1    16
 -7.1387206600923925E-01 b       937     1    17
 -2.2487989700717634E-01 b       938     1    18
 -1.3692523890804187E+00 b       939     1    19
 -9.7689059270330902E-01 b       940     1    20
 -3.0840017409612275E-01 a       941     1     1     2     1
 -3.2742620751846563E-01 a       942     1     1     2     2
 -3.7784815929605502E-03 a       943     1     1     2     3
  5.2180851886789070E-01 a       944     1     1     2     4
  4.7916524661134258E-01 a       945     1     1     2     5
  3.7061868270798182E-01 a       946     1     1     2     6
 -4.0061785729269017E-01 a       947     1     1     2     7
 -2.7679854242356339E-01 a       948     1     1     2     8
 -5.2416939916572514E-01 a       949     1     1     2     9
  5.7449238676869119E-01 a       950     1     1     2    10
 -5.6353170574974132E-01 a       951     1     1     2    11
  1.9026047425164960E-01 a       952     1     1     2    12
  6.4155410870959995E-01 a       953     1     1     2    13
  5.2214831539726170E-01 a       954     1     1     2    14
  4.9569584907378256E-02 a       955     1     1     2    15
 -1.0631125987417611E-01 a       956     1     1     2    16
 -2.2672615769997814E-01 a       957     1     1     2    17
 -1.7141068741267274E-01 a       958     1     1     2    18
 -3.7743889826439131E-01 a       959     1     1     2    19
 -2.3155341474446692E-01 a       960     1     1     2    20
 -4.5546054680720577E-01 a       961     1     2     2     1
  1.0651220782856004E-01 a       962     1     2     2     2
  5.6039273790080246E-01 a       963     1     2     2     3
 -6.3976024046057278E-01 a       964     1     2     2     4
  2.4258460479679408E-01 a       965     1     2     2     5
  1.1451516719464386E-01 a       966     1     2     2     6
  5.4868311702752159E-01 a       967     1     2     2     7
  1.1561470150678811E-01 a       968     1     2     2     8
  6.5557951960898961E-02 a       969     1     2     2     9
 -3.0383651463477107E-01 a       970     1     2     2    10
  9.5555379916081998E-02 a       971     1     2     2    11
  2.7635801499563523E-01 a       972     1     2     2    12
  5.7888403210591621E-01 a       973     1     2     2    13
  1.9370108660583094E-01 a       974     1     2     2    14
 -5.0567974707021501E-01 a       975     1     2     2    15
  3.5527826427559367E-01 a       976     1     2     2    16
 -1.4512379401713182E-01 a       977     1     2     2    17
 -4.1702067161809264E-01 a       978     1     2     2    18
 -5.0871662760255010E-01 a       979     1     2     2    19
  1.8061173944343775E-01 a       980     1     2     2    20
 -1.1553195333974620E+00 a       981     1     3     2     1
 -1.5765710500106550E-01 a       982     1     3     2     2
 -4.3181349106303796E-01 a       983     1     3     2     3
 -5.5372603339929460E-01 a       984     1     3     2     4
 -1.1959938461176428E-01 a       985     1     3     2     5
  5.7134395594944465E-01 a       986     1     3     2     6
 -9.5943528791391008E-01 a       987     1     3     2     7
  4.6553624524138038E-01 a       988     1     3     2     8
  5.6668163585890752E-01 a       989     1     3     2     9
  1.2909692102531767E-01 a       990     1     3     2    10
  3.4686414895278722E-01 a       991     1     3     2    11
  6.6071671915357644E-01 a       992     1     3     2    12
 -3.8810574914554513E-01 a       993     1     3     2    13
 -1.9388424372911231E-01 a       994     1     3     2    14
 -3.7650571577541303E-01 a       995     1     3     2    15
 -4.5783643039186174E-02 a       996     1     3     2    16
  2.1530992160083609E-01 a       997     1     3     2    17
  4.2418169629710406E-01 a       998     1     3     2    18
  4.8551539861944470E-01 a       999     1     3     2    19
  5.3430335829834821E-02 a      1000     1     3     2    20
  1.2120903814827306E+00 a      1001     1     4     2     1
  1.9427621843505877E-01 a      1002     1     4     2     2
 -9.7911609562722712E-02 a      1003     1     4     2     3
 -6.5182945329366115E-01 a      1004     1     4     2     4
  6.4513943969306320E-01 a      1005     1     4     2     5
 -6.0238279591242627E-01 a      1006     1     4     2     6
  2.4448761839495434E-01 a      1007     1     4     2     7
 -1.3446789260634837E-01 a      1008     1     4     2     8
  4.3487626560376824E-01 a      1009     1     4     2     9
 -5.4067025108344469E-01 a      1010     1     4     2    10
 -1.2222375431660339E-01 a      1011     1     4     2    11
  2.7890257404750718E-01 a      1012     1     4     2    12
 -5.4892719931058342E-01 a      1013     1     4     2    13
 -1.6999166413816294E-01 a      1014     1     4     2    14
 -3.5443658647773374E-01 a      1015     1     4     2    15
 -6.0096202394108778E-01 a      1016     1     4     2    16
 -1.2160722886694640E-01 a      1017     1     4     2    17
  5.6877448801910191E-01 a      1018     1     4     2    18
  6.6740905130755845E-01 a      1019     1     4     2    19
  7.3251828349709514E-01 a      1020     1     4     2    20
  1.0014987375546774E-01 a      1021     1     5     2     1
  6.9416771044144243E-01 a      1022     1     5     2     2
  4.2907242703703263E-01 a      1023     1     5     2     3
  1.3623838025668386E-01 a      1024     1     5     2     4
  2.5753288166420968E-01 a      1025     1     5     2     5
  1.2965854122179948E-01 a      1026     1     5     2     6
  1.8952362541683548E-01 a      1027     1     5     2     7
 -5.2724732589453893E-01 a      1028     1     5     2     8
 -1.4841197002365630E-01 a      1029     1     5     2     9
 -2.7153034948035026E-01 a      1030     1     5     2    10
 -1.2891147314600229E+00 a      1031     1     5     2    11
 -8.6232472001164281E-02 a      1032     1     5     2    12
 -1.5847668968609371E-01 a      1033     1     5     2    13
  8.4836624435537661E-02 a      1034     1     5     2    14
 -1.9604202168377841E-01 a      1035     1     5     2    15
 -3.4402025643873962E-01 a      1036     1     5     2    16
  4.2730954331892151E-01 a      1037     1     5     2    17
 -1.5231490020205155E-01 a      1038     1     5     2    18
  2.2220654639968290E-01 a      1039     1     5     2    19
 -1.6087497567907344E-01 a      1040     1     5     2    20
  2.6613101999757421E-01 a      1041     1     6     2     1
  3.2125331188071177E-01 a      1042     1     6     2     2
  1.3288881887948545E-01 a      1043     1     6     2     3
  1.9192828602466394E-01 a      1044     1     6     2     4
 -3.3827049906255929E-01 a      1045     1     6     2     5
 -1.4824153665448903E-01 a      1046     1     6     2     6
 -1.3525503361039812E-01 a      1047     1     6     2     7
  5.2657550914687223E-01 a      1048     1     6     2     8
 -1.2600037717308318E-01 a      1049     1     6     2     9
  5.0010965423001008E-01 a      1050     1     6     2    10
 -1.0540655171317798E-02 a      1051     1     6     2    11
 -8.6494341525336293E-01 a      1052     1     6     2    12
  3.2132523243966271E-01 a      1053     1     6     2    13
  8.3616683379249412E-01 a      1054     1     6     2    14
  9.8034265997272066E-02 a      1055     1     6     2    15
 -5.2716947961756400E-01 a      1056     1     6     2    16
 -4.3532543485990499E-01 a      1057     1     6     2    17
 -4.3495538747598837E-02 a      1058     1     6     2    18
  4.2386393881339031E-02 a      1059     1     6     2    19
  3.0436555602603971E-01 a      1060     1     6     2    20
 -8.7082830313295745E-01 a      1061     1     7     2     1
 -7.0037788751156671E-01 a      1062     1     7     2     2
  1.5390856702440761E-01 a      1063     1     7     2     3
 -3.3127740405880940E-01 a      1064     1     7     2     4
 -7.3681771838412424E-01 a      1065     1     7     2     5
  5.0931181842981432E-01 a      1066     1     7     2     6
 -6.7103287932894951E-01 a      1067     1     7     2     7
  3.0410561130852459E-01 a      1068     1     7     2     8
  5.6921577897479048E-01 a      1069     1     7     2     9
  8.9568971166255701E-02 a      1070     1     7     2    10
 -7.2275018680761374E-02 a      1071     1     7     2    11
  4.5120794400173236E-01 a      1072     1     7     2    12
 -5.6139772987983971E-01 a      1073     1     7     2    13
 -5.1434676836149018E-01 a      1074     1     7     2    14
 -8.1984722673116767E-02 a      1075     1     7     2    15
 -5.1751840605903743E-01 a      1076     1     7     2    16
 -4.4983335149399134E-01 a      1077     1     7     2    17
 -2.4429764253481279E-01 a      1078     1     7     2    18
 -2.9250605697672166E-01 a      1079     1     7     2    19
 -4.7569464244033322E-01 a      1080     1     7     2    20
 -1.2242745192361810E+00 a      1081     1     8     2     1
  2.8504413266365280E-01 a      1082     1     8     2     2
 -3.1577375551979503E-01 a      1083     1     8     2     3
  6.6744501238715337E-02 a      1084     1     8     2     4
 -7.1069437706396987E-01 a      1085     1     8     2     5
 -6.3161910754432482E-01 a      1086     1     8     2     6
 -5.6178193001163079E-01 a      1087     1     8     2     7
  2.1156421681456317E-01 a      1088     1     8     2     8
  3.9539160975116477E-01 a      1089     1     8     2     9
  4.4159046770682880E-01 a      1090     1     8     2    10
 -4.4584116660092744E-02 a      1091     1     8     2    11
 -9.1551956561643139E-02 a      1092     1     8     2    12
 -1.6644049728982052E-01 a      1093     1     8     2    13
  1.7506833747402253E-01 a      1094     1     8     2    14
 -6.8209048810697437E-01 a      1095     1     8     2    15
  2.1833689586862151E-01 a      1096     1     8     2    16
  1.9496607474602851E-01 a      1097     1     8     2    17
  1.1333741113202801E-01 a      1098     1     8     2    18
  8.4346426492996687E-02 a      1099     1     8     2    19
  8.2121680894883142E-01 a      1100     1     8     2    20
 -2.0233127394299610E-02 a      1101     1     9     2     1
  3.8660532466729444E-02 a      1102     1     9     2     2
 -2.3122049205358319E-01 a      1103     1     9     2     3
 -8.9916856081392726E-01 a      1104     1     9     2     4
 -3.7464861354402534E-01 a      1105     1     9     2     5
  2.1843123510433990E-01 a      1106     1     9     2     6
 -9.1821665837968428E-02 a      1107     1     9     2     7
 -1.4978522028409172E-01 a      1108     1     9     2     8
  6.2932354369553778E-01 a      1109     1     9     2     9
 -6.7865345948099054E-01 a      1110     1     9     2    10
  6.1300178666138714E-04 a      1111     1     9     2    11
  4.1131848659136988E-01 a      1112     1     9     2    12
  4.4814944147941510E-01 a      1113     1     9     2    13
 -7.5185231092663940E-01 a      1114     1     9     2    14
  1.3193089903291941E-01 a      1115     1     9     2    15
 -2.6704726903650697E-02 a      1116     1     9     2    16
 -5.0787493416602880E-01 a      1117     1     9     2    17
 -3.1751721850338027E-01 a      1118     1     9     2    18
 -5.2655488724841504E-01 a      1119     1     9     2    19
 -7.2730542359496875E-01 a      1120     1     9     2    20
 -3.0288077426930327E-01 a      1121     1    10     2     1
  1.3272192115837300E-01 a      1122     1    10     2     2
 -4.7559636502440705E-01 a      1123     1    10     2     3
 -2.5110714148406049E-01 a      1124     1    10     2     4
 -4.7613187476939389E-01 a      1125     1    10     2     5
 -3.1857207949515309E-01 a      1126     1    10     2     6
 -5.8281961504922597E-01 a      1127     1    10     2     7
  5.9555060317862352E-01 a      1128     1    10     2     8
  6.6678079097984033E-01 a      1129     1    10     2     9
  6.8539858661206920E-01 a      1130     1    10     2    10
  3.3329912463208787E-02 a      1131     1    10     2    11
 -4.5878669827734336E-01 a      1132     1    10     2    12
 -3.5370075771155213E-01 a      1133     1    10     2    13
  1.8137931594343260E-01 a      1134     1    10     2    14
 -4.0536139042597796E-01 a      1135     1    10     2    15
  2.5821434129075616E-01 a      1136     1    10     2    16
 -3.0531957240559832E-01 a      1137     1    10     2    17
  5.0118311417428418E-01 a      1138     1    10     2    18
  5.1071060796527934E-01 a      1139     1    10     2    19
  3.6342007393810244E-01 a      1140     1    10     2    20
  2.4820669059267594E-02 a      1141     1    11     2     1
 -2.3146068611007758E-01 a      1142     1    11     2     2
 -6.4646812522568065E-01 a      1143     1    11     2     3
 -5.5228476053395403E-01 a      1144     1    11     2     4
  3.4919583902515205E-01 a      1145     1    11     2     5
  1.0682591354191262E-03 a      1146     1    11     2     6
 -5.1296103975720508E-01 a      1147     1    11     2     7
 -3.8836819644710086E-01 a      1148     1    11     2     8
  7.9888454789535313E-01 a      1149     1    11     2     9
  6.6561567823673479E-03 a      1150     1    11     2    10
  2.6896624063091453E-02 a      1151     1    11     2    11
 -5.9608367403050011E-01 a      1152     1    11     2    12
 -2.1451396925815538E-01 a      1153     1    11     2    13
 -5.3931793780209536E-03 a      1154     1    11     2    14
  3.7329406998269327E-01 a      1155     1    11     2    15
  4.2942934394123322E-01 a      1156     1    11     2    16
  1.8591004693733432E-01 a      1157     1    11     2    17
  4.0788153917045744E-01 a      1158     1    11     2    18
  2.3307170567536889E-01 a      1159     1    11     2    19
  5.3229582085944360E-01 a      1160     1    11     2    20
 -5.0295439036033518E-01 a      1161     1    12     2     1
  4.7519343870224207E-01 a      1162     1    12     2     2
  7.6917253598425134E-02 a      1163     1    12     2     3
 -1.0994975096011643E-01 a      1164     1    12     2     4
 -6.9749379502858999E-01 a      1165     1    12     2     5
 -2.4874211311717753E-01 a      1166     1    12     2     6
  5.1696494786679981E-01 a      1167     1    12     2     7
  2.1160276346986132E-01 a      1168     1    12     2     8
  6.1239751301799905E-01 a      1169     1    12     2     9
 -2.5341526972100492E-01 a      1170     1    12     2    10
 -4.0832226915131908E-01 a      1171     1    12     2    11
 -2.6528380553209568E-01 a      1172     1    12     2    12
 -1.3530310522584549E-01 a      1173     1    12     2    13
  1.0686644800344403E-01 a      1174     1    12     2    14
  4.4090599315479408E-02 a      1175     1    12     2    15
 -2.0000185528784559E-01 a      1176     1    12     2    16
  7.5597772972524713E-01 a      1177     1    12     2    17
 -5.3763440273828712E-02 a      1178     1    12     2    18
 -6.9263755940643712E-02 a      1179     1    12     2    19
 -4.9564522309984432E-01 a      1180     1    12     2    20
  1.8881689616590377E-01 a      1181     1    13     2     1
  1.8949212547167016E-01 a      1182     1    13     2     2
 -3.1259042603155979E-01 a      1183     1    13     2     3
  5.0767322899706879E-01 a      1184     1    13     2     4
  8.2731340568806974E-02 a      1185     1    13     2     5
  3.9832691612904092E-01 a      1186     1    13     2     6
 -4.4606608207886100E-01 a      1187     1    13     2     7
 -4.0532566385380031E-01 a      1188     1    13     2     8
  3.5463510412476940E-01 a      1189     1    13     2     9
 -8.4759120934349097E-01 a      1190     1    13     2    10
  9.3774586949577121E-01 a      1191     1    13     2    11
  9.3250545557254538E-02 a      1192     1    13     2    12
  5.6659088364169896E-01 a      1193     1    13     2    13
 -4.5996799001358578E-02 a      1194     1    13     2    14
 -2.6011499800486820E-01 a      1195     1    13     2    15
  2.4207145569470873E-01 a      1196     1    13     2    16
 -8.2011494778501437E-01 a      1197     1    13     2    17
 -6.4962619480592243E-01 a      1198     1    13     2    18
 -1.3843356857450997E-01 a      1199     1    13     2    19
 -3.2240414317635285E-01 a      1200     1    13     2    20
 -3.4726404034838709E-01 a      1201     1    14     2     1
 -3.5939068904069710E-01 a      1202     1    14     2     2
  5.4791006668165346E-02 a      1203     1    14     2     3
  1.6028592937271393E-03 a      1204     1    14     2     4
 -1.3814590058509527E-01 a      1205     1    14     2     5
  3.4899193226136133E-01 a      1206     1    14     2     6
  6.2840434004749990E-01 a      1207     1    14     2     7
 -7.2779790823173485E-01 a      1208     1    14     2     8
  2.6450391739628076E-01 a      1209     1    14     2     9
  2.9184634582256430E-01 a      1210     1    14     2    10
  5.6327650526403217E-01 a      1211     1    14     2    11
 -1.6452271567593840E-01 a      1212     1    14     2    12
 -1.0320461475719087E-01 a      1213     1    14     2    13
 -4.3067033280044853E-01 a      1214     1    14     2    14
  9.0988953749304088E-02 a      1215     1    14     2    15
  2.0310528593013466E-01 a      1216     1    14     2    16
  2.6486282325019544E-01 a      1217     1    14     2    17
  3.0689348009973366E-01 a      1218     1    14     2    18
  4.7693450001999493E-01 a      1219     1    14     2    19
 -4.0394270608648569E-01 a      1220     1    14     2    20
  5.3407927080330664E-01 a      1221     1    15     2     1
 -4.6827171142301194E-01 a      1222     1    15     2     2
  4.2480906146067643E-02 a      1223     1    15     2     3
 -5.8659094604869488E-01 a      1224     1    15     2     4
 -1.5424962362954697E-01 a      1225     1    15     2     5
  4.3993840228397890E-01 a      1226     1    15     2     6
  1.2054403356253142E-01 a      1227     1    15     2     7
  3.8003256109329309E-01 a      1228     1    15     2     8
  7.6925612366047491E-01 a      1229     1    15     2     9
  8.1515129283743659E-02 a      1230     1    15     2    10
  4.3634585918589935E-01 a      1231     1    15     2    11
 -2.5807280081300221E-01 a      1232     1    15     2    12
 -1.0482504670778144E-01 a      1233     1    15     2    13
  2.2207075260349077E-01 a      1234     1    15     2    14
  5.5307125188759731E-01 a      1235     1    15     2    15
  7.1979941899787614E-01 a      1236     1    15     2    16
 -5.6788161691747288E-02 a      1237     1    15     2    17
 -2.8360851522969860E-01 a      1238     1    15     2    18
  1.9918710222394949E-02 a      1239     1    15     2    19
 -6.2054378764934381E-01 a      1240     1    15     2    20
 -2.6366397479312420E-01 a      1241     1    16     2     1
 -5.0306991300644277E-01 a      1242     1    16     2     2
 -5.4352070538092589E-01 a      1243     1    16     2     3
 -8.8353618147415025E-01 a      1244     1    16     2     4
 -4.5197120853414896E-01 a      1245     1    16     2     5
 -1.1395369146216233E-01 a      1246     1    16     2     6
 -7.0785612150038157E-01 a      1247     1    16     2     7
 -5.7571155419053455E-01 a      1248     1    16     2     8
 -1.3770978137994253E-01 a      1249     1    16     2     9
 -9.1085095297810115E-03 a      1250     1    16     2    10
  4.2918673040928716E-02 a      1251     1    16     2    11
 -7.0768702419548168E-01 a      1252     1    16     2    12
  7.3767287354630051E-01 a      1253     1    16     2    13
 -1.2766430067724333E-01 a      1254     1    16     2    14
 -5.9776615811068534E-01 a      1255     1    16     2    15
 -1.7767539897666984E-01 a      1256     1    16     2    16
 -3.8209543367305027E-01 a      1257     1    16     2    17
 -2.4531480356928437E-01 a      1258     1    16     2    18
 -4.7853372069008848E-01 a      1259     1    16     2    19
 -6.1024744721363144E-01 a      1260     1    16     2    20
 -4.2330425598750643E-01 a      1261     1    17     2     1
 -1.1280439497538972E-01 a      1262     1    17     2     2
 -1.4158045417561481E-02 a      1263     1    17     2     3
 -6.2396157131577390E-01 a      1264     1    17     2     4
  4.7309816908373375E-01 a      1265     1    17     2     5
  3.0304231013666766E-01 a      1266     1    17     2     6
 -2.2791537881032958E-01 a      1267     1    17     2     7
 -2.3517042051268000E-01 a      1268     1    17     2     8
 -4.1833777114042348E-01 a      1269     1    17     2     9
 -3.3180666837486678E-01 a      1270     1    17     2    10
  5.5734093282568675E-01 a      1271     1    17     2    11
  4.7872101820920659E-01 a      1272     1    17     2    12
 -3.8613755903579688E-01 a      1273     1    17     2    13
 -8.2223080715687957E-02 a      1274     1    17     2    14
 -5.7898752274179455E-01 a      1275     1    17     2    15
  1.3363208691602574E-02 a      1276     1    17     2    16
  2.9400267117528439E-01 a      1277     1    17     2    17
 -6.2977538305270275E-01 a      1278     1    17     2    18
  3.5718692134154018E-01 a      1279     1    17     2    19
  1.6034433019970692E-01 a      1280     1    17     2    20
 -9.1582108702459819E-01 a      1281     1    18     2     1
 -8.8764951807528789E-02 a      1282     1    18     2     2
 -2.9298505888331855E-01 a      1283     1    18     2     3
 -4.7226306868348084E-01 a      1284     1    18     2     4
 -4.2912873674215152E-01 a      1285     1    18     2     5
 -7.2613292556827880E-01 a      1286     1    18     2     6
 -2.1251651433172181E-01 a      1287     1    18     2     7
 -4.2458261821655095E-02 a      1288     1    18     2     8
  6.5061535948271521E-02 a      1289     1    18     2     9
 -4.5645893586205050E-01 a      1290     1    18     2    10
  1.0365480771336730E+00 a      1291     1    18     2    11
  6.1520459659882051E-02 a      1292     1    18     2    12
 -1.7539733344609418E-01 a      1293     1    18     2    13
  1.4761794636307907E-01 a      1294     1    18     2    14
  9.5539637809865141E-01 a      1295     1    18     2    15
 -6.7261728653595376E-01 a      1296     1    18     2    16
 -3.9776021847732312E-01 a      1297     1    18     2    17
  6.3247910112851813E-01 a      1298     1    18     2    18
  5.5485619637092864E-01 a      1299     1    18     2    19
  5.7458128225083593E-01 a      1300     1    18     2    20
  1.9366174032126485E-01 a      1301     1    19     2     1
 -6.3437347323848181E-01 a      1302     1    19     2     2
  6.8295285267071137E-01 a      1303     1    19     2     3
 -1.8937975102128743E-01 a      1304     1    19     2     4
  2.9005507808253661E-01 a      1305     1    19     2     5
 -5.9762963365097077E-01 a      1306     1    19     2     6
  1.7341184838519738E-01 a      1307     1    19     2     7
  6.0094522015650931E-01 a      1308     1    19     2     8
  5.7987819124194817E-01 a      1309     1    19     2     9
 -6.6965398415102267E-02 a      1310     1    19     2    10
 -6.9908623145986970E-01 a      1311     1    19     2    11
 -7.7645650601119520E-01 a      1312     1    19     2    12
 -2.0311481319670402E-01 a      1313     1    19     2    13
  7.6564388262640882E-03 a      1314     1    19     2    14
  3.4468016691208364E-01 a      1315     1    19     2    15
 -6.1734293713577626E-01 a      1316     1    19     2    16
  4.0596645796011321E-01 a      1317     1    19     2    17
  6.4913745870226069E-01 a      1318     1    19     2    18
  3.9928707735160623E-01 a      1319     1    19     2    19
 -1.9195752896770385E-01 a      1320     1    19     2    20
  5.7119232171135059E-01 a      1321     1    20     2     1
 -8.1001899373767794E-01 a      1322     1    20     2     2
 -7.5043596968406634E-01 a      1323     1    20     2     3
  6.8749994939891079E-01 a      1324     1    20     2     4
  7.5514817148433583E-02 a      1325     1    20     2     5
  1.7788344433764725E-01 a      1326     1    20     2     6
 -2.9559400862227431E-01 a      1327     1    20     2     7
  6.2659734381139365E-01 a      1328     1    20     2     8
  6.6614766231815581E-01 a      1329     1    20     2     9
 -5.1082124465347301E-01 a      1330     1    20     2    10
 -1.8567997150798435E-01 a      1331     1    20     2    11
  2.6989061518881136E-01 a      1332     1    20     2    12
 -5.5823465470579370E-01 a      1333     1    20     2    13
 -1.0458606127577239E-01 a      1334     1    20     2    14
  2.0879240487639941E-01 a      1335     1    20     2    15
  3.1471333644480404E-01 a      1336     1    20     2    16
  2.8955384777653792E-01 a      1337     1    20     2    17
  5.5208485393229911E-01 a      1338     1    20     2    18
  3.9941352655536522E-01 a      1339     1    20     2    19
  1.6951804196360107E-01 a      1340     1    20     2    20
  8.7749652757205887E-01 b      1341     2     1
 -2.0942800847681012E-01 b      1342     2     2
 -1.1773766761307560E+00 b      1343     2     3
 -1.5079056249741236E+00 b      1344     2     4
  7.6553830955404774E-03 b      1345     2     5
  1.5821611965218274E+00 b      1346     2     6
  8.5701769620226664E-01 b      1347     2     7
  1.0549990047267361E+00 b      1348     2     8
 -8.8972251554756265E-01 b      1349     2     9
  1.2669381829690327E+00 b      1350     2    10
 -3.1781446890956166E-01 b      1351     2    11
  4.8247120248571196E-01 b      1352     2    12
  2.4816613564328749E-01 b      1353     2    13
 -7.1565046946123101E-01 b      1354     2    14
 -1.7887279449124944E+00 b      1355     2    15
  1.2755389304518556E+00 b      1356     2    16
 -6.1826518588660340E-01 b      1357     2    17
 -7.0527068884364630E-01 b      1358     2    18
 -8.8710114770567461E-01 b      1359     2    19
  2.0977539558534486E-01 b      1360     2    20
  1.4008053366989226E-01 a      1361     2     1     3     1
 -6.4687983209394273E-01 a      1362     2     2     3     1
 -8.9614992058586962E-01 a      1363     2     3     3     1
 -1.7383262943215372E+00 a      1364     2     4     3     1
  1.9237287853747821E-02 a      1365     2     5     3     1
  1.3196938105018297E+00 a      1366     2     6     3     1
 -8.1922959056408939E-01 a      1367     2     7     3     1
 -7.0806873660225456E-01 a      1368     2     8     3     1
 -9.0174918548149741E-01 a      1369     2     9     3     1
 -1.8776258722831837E-02 a      1370     2    10     3     1
 -4.4556432232901488E-01 a      1371     2    11     3     1
  1.5945849984794889E+00 a      1372     2    12     3     1
  9.6673885599067544E-01 a      1373     2    13     3     1
 -1.5536812903367152E+00 a      1374     2    14     3     1
 -1.5983777516580788E+00 a      1375     2    15     3     1
  1.1559113029495476E+00 a      1376     2    16     3     1
 -9.3704280918181104E-01 a      1377     2    17     3     1
 -1.6768238763406269E+00 a      1378     2    18     3     1
 -7.8018663134757593E-01 a      1379     2    19     3     1
 -1.4802569038747644E+00 a      1380     2    20     3     1
  2.7401572229924470E-01 b      1381     3     1
