################################################################################
# Neural network connection values (weights and biases).
################################################################################
# Col  Name       Description
################################################################################
# 1    connection Neural network connection value.
# 2    t          Connection type (a = weight, b = bias).
# 3    index      Index enumerating weights.
# 4    l_s        Starting point layer (end point layer for biases).
# 5    n_s        Starting point neuron in starting layer (end point neuron for biases).
# 6    l_e        End point layer.
# 7    n_e        End point neuron in end layer.
################################################################################
#                      1 2         3     4     5     6     7
#             connection t     index   l_s   n_s   l_e   n_e
############################################################
 -1.8207300301203344E-01 a         1     0     1     1     1
  4.0043054179418933E-02 a         2     0     1     1     2
  1.8356461226967727E-01 a         3     0     1     1     3
 -1.8377272812898318E-01 a         4     0     1     1     4
  7.8962162147275014E-02 a         5     0     1     1     5
  6.4178796627490015E-02 a         6     0     1     1     6
 -4.8505986669917800E-01 a         7     0     1     1     7
  1.3847872015037715E-01 a         8     0     1     1     8
 -1.9717504549896456E-01 a         9     0     1     1     9
 -1.5206021339182720E-02 a        10     0     1     1    10
  1.6128826942706698E-01 a        11     0     1     1    11
 -2.1921653617096734E-01 a        12     0     1     1    12
  1.6193471527832248E-01 a        13     0     1     1    13
 -1.5959928393480755E-01 a        14     0     1     1    14
  1.2286566540643258E-01 a        15     0     1     1    15
  1.8889617610367157E-01 a        16     0     1     1    16
  2.0185299796479278E-01 a        17     0     1     1    17
  2.0586272768855068E-01 a        18     0     1     1    18
  3.0801160049338377E-01 a        19     0     1     1    19
  3.5877510716633831E-01 a        20     0     1     1    20
  7.4445569764284528E-02 a        21     0     2     1     1
  9.1326085561019132E-03 a        22     0     2     1     2
  2.6337702641740290E-01 a        23     0     2     1     3
 -3.4388058615303602E-01 a        24     0     2     1     4
  2.5248180558589295E-01 a        25     0     2     1     5
  2.1772162658250110E-01 a        26     0     2     1     6
  3.4951509174847191E-02 a        27     0     2     1     7
 -3.4263819601755524E-01 a        28     0     2     1     8
  1.9441604839911641E-01 a        29     0     2     1     9
  2.2098939117291891E-01 a        30     0     2     1    10
 -3.4923124208098499E-01 a        31     0     2     1    11
 -7.8766856487505407E-02 a        32     0     2     1    12
  8.3073429696898085E-02 a        33     0     2     1    13
  1.4981896417482410E-02 a        34     0     2     1    14
 -3.7553597884475470E-01 a        35     0     2     1    15
  1.2938055878233431E-02 a        36     0     2     1    16
  2.4648754815368140E-01 a        37     0     2     1    17
  6.4259559833181060E-02 a        38     0     2     1    18
 -1.4430537270392615E-01 a        39     0     2     1    19
 -6.1625932142430256E-02 a        40     0     2     1    20
  2.0333579346378597E-02 a        41     0     3     1     1
 -8.7676004074949812E-02 a        42     0     3     1     2
 -2.7442216777584083E-01 a        43     0     3     1     3
 -5.4073714098467868E-02 a        44     0     3     1     4
  2.0144752272126581E-01 a        45     0     3     1     5
 -2.8302531076692700E-01 a        46     0     3     1     6
  2.2368689892540553E-01 a        47     0     3     1     7
  2.6045067382312570E-01 a        48     0     3     1     8
  4.0843981828559911E-01 a        49     0     3     1     9
 -2.8438791859461479E-02 a        50     0     3     1    10
  1.5978319771312638E-01 a        51     0     3     1    11
  1.7212841653372152E-01 a        52     0     3     1    12
  2.5836251170624258E-01 a        53     0     3     1    13
  1.3366478225161377E-01 a        54     0     3     1    14
  1.4976230849120711E-01 a        55     0     3     1    15
 -1.8728377782626707E-01 a        56     0     3     1    16
 -3.1836428928157756E-01 a        57     0     3     1    17
  5.1914169442854506E-02 a        58     0     3     1    18
 -3.2458996878929586E-01 a        59     0     3     1    19
 -3.8566746214847319E-01 a        60     0     3     1    20
  2.8107677139625314E-01 a        61     0     4     1     1
 -3.2841643618054794E-01 a        62     0     4     1     2
 -4.4909827800356594E-01 a        63     0     4     1     3
  3.4680971160205359E-01 a        64     0     4     1     4
 -1.3546994894032124E-01 a        65     0     4     1     5
  2.1085170128111128E-01 a        66     0     4     1     6
  1.2002045855553552E-01 a        67     0     4     1     7
  1.2702055882681096E-01 a        68     0     4     1     8
 -8.3457713006775940E-03 a        69     0     4     1     9
  1.4617867127912257E-01 a        70     0     4     1    10
 -3.0057942226215443E-02 a        71     0     4     1    11
 -1.2238364621466329E-01 a        72     0     4     1    12
 -2.7494393660128358E-01 a        73     0     4     1    13
  1.5455904473782739E-01 a        74     0     4     1    14
  2.8199917436458993E-01 a        75     0     4     1    15
 -3.6846452785734729E-01 a        76     0     4     1    16
  1.3538602079457501E-01 a        77     0     4     1    17
  3.0440439343811782E-01 a        78     0     4     1    18
 -1.7107648154092597E-01 a        79     0     4     1    19
 -2.1553265720829107E-01 a        80     0     4     1    20
  2.7506361754366077E-01 a        81     0     5     1     1
  4.8828132379517647E-01 a        82     0     5     1     2
 -1.6538210265990813E-01 a        83     0     5     1     3
  7.2088144602163035E-03 a        84     0     5     1     4
 -2.9420946843242318E-01 a        85     0     5     1     5
  6.4275040463528044E-01 a        86     0     5     1     6
  3.0916227967704873E-01 a        87     0     5     1     7
  2.9883339192116637E-01 a        88     0     5     1     8
  1.1579568055962325E-01 a        89     0     5     1     9
  1.7997777852922567E-01 a        90     0     5     1    10
 -7.1273884336039593E-03 a        91     0     5     1    11
  2.9516719208611975E-01 a        92     0     5     1    12
 -2.6334715628442834E-01 a        93     0     5     1    13
 -3.3168632898148126E-01 a        94     0     5     1    14
  5.4981181943689128E-01 a        95     0     5     1    15
 -2.0321959959490735E-01 a        96     0     5     1    16
  3.1545161497736512E-01 a        97     0     5     1    17
 -7.3156511598988894E-01 a        98     0     5     1    18
  4.0538237929592491E-02 a        99     0     5     1    19
 -1.0802706593848802E-02 a       100     0     5     1    20
  1.9745312110939181E-01 a       101     0     6     1     1
 -8.7254961687595389E-02 a       102     0     6     1     2
 -4.0480707160257023E-01 a       103     0     6     1     3
  4.9875550491266574E-01 a       104     0     6     1     4
 -3.9659461767193349E-01 a       105     0     6     1     5
  3.6965134059181204E-01 a       106     0     6     1     6
 -1.8016777022682973E-03 a       107     0     6     1     7
  5.5158271150166616E-01 a       108     0     6     1     8
 -9.5746394264404362E-03 a       109     0     6     1     9
  2.9781756302665713E-01 a       110     0     6     1    10
 -5.2478468420809066E-01 a       111     0     6     1    11
 -7.3222734432070724E-02 a       112     0     6     1    12
 -9.4183645366163624E-02 a       113     0     6     1    13
  8.9665584109463806E-02 a       114     0     6     1    14
  3.1056953207321203E-01 a       115     0     6     1    15
 -5.6988474938596312E-01 a       116     0     6     1    16
 -2.9688007127322846E-01 a       117     0     6     1    17
 -1.4806891957167256E-01 a       118     0     6     1    18
 -2.1717420037230639E-01 a       119     0     6     1    19
 -2.1995623283088253E-02 a       120     0     6     1    20
  3.0757047871542126E-02 a       121     0     7     1     1
  4.2038910862879314E-01 a       122     0     7     1     2
  3.0953425057469786E-01 a       123     0     7     1     3
 -1.3213824429939725E-01 a       124     0     7     1     4
 -2.6522425074431594E-01 a       125     0     7     1     5
 -1.9902152136984871E-01 a       126     0     7     1     6
  2.7827977591592662E-01 a       127     0     7     1     7
 -3.6704807939654155E-01 a       128     0     7     1     8
 -3.1174748281592196E-01 a       129     0     7     1     9
  4.9696827155911366E-01 a       130     0     7     1    10
 -1.2853356274780586E-01 a       131     0     7     1    11
  2.8367630529421189E-01 a       132     0     7     1    12
 -1.2412445255538276E-01 a       133     0     7     1    13
 -7.0381619939540985E-01 a       134     0     7     1    14
  1.0286263813375193E-01 a       135     0     7     1    15
  9.3528611867642886E-01 a       136     0     7     1    16
  2.1495716876076387E-01 a       137     0     7     1    17
 -3.7028458915596757E-01 a       138     0     7     1    18
  6.6401784626123811E-02 a       139     0     7     1    19
 -7.4103795464650157E-01 a       140     0     7     1    20
  1.8173710846874436E-01 a       141     0     8     1     1
 -8.7548577147094769E-02 a       142     0     8     1     2
 -1.3591325100976348E-01 a       143     0     8     1     3
 -3.3704208503404842E-01 a       144     0     8     1     4
 -2.9731386148583572E-01 a       145     0     8     1     5
 -1.2872528277019987E-01 a       146     0     8     1     6
 -2.4710661797204428E-01 a       147     0     8     1     7
 -1.0419991881845522E-01 a       148     0     8     1     8
  3.8276300985411425E-02 a       149     0     8     1     9
 -1.6098511621220907E-02 a       150     0     8     1    10
 -2.7226575020097982E-01 a       151     0     8     1    11
 -2.3060310646319099E-01 a       152     0     8     1    12
 -1.2338027200189769E-01 a       153     0     8     1    13
  2.5811748836741810E-01 a       154     0     8     1    14
  2.7932400391177076E-01 a       155     0     8     1    15
 -6.3762800432484146E-01 a       156     0     8     1    16
 -1.5098265863806923E-01 a       157     0     8     1    17
  3.1205553275699355E-01 a       158     0     8     1    18
 -2.6460573114668701E-01 a       159     0     8     1    19
  3.1421033381326208E-01 a       160     0     8     1    20
  4.5122696812754626E-01 a       161     0     9     1     1
  1.0963568589632680E-01 a       162     0     9     1     2
 -1.0366164621558419E-01 a       163     0     9     1     3
 -1.0860569456734475E-02 a       164     0     9     1     4
  1.3078409305032082E-01 a       165     0     9     1     5
  3.7990124625668725E-01 a       166     0     9     1     6
 -2.6554778589851596E-01 a       167     0     9     1     7
 -4.6891322019031643E-02 a       168     0     9     1     8
  3.0099226843412225E-01 a       169     0     9     1     9
  1.4117052737488009E-01 a       170     0     9     1    10
 -1.4415451086630853E-02 a       171     0     9     1    11
 -1.6148927044197309E-01 a       172     0     9     1    12
  3.3088703189986046E-01 a       173     0     9     1    13
  2.3720650006508159E-01 a       174     0     9     1    14
  1.1487444415958800E-01 a       175     0     9     1    15
 -8.7143911900343735E-02 a       176     0     9     1    16
 -1.9547246665499710E-01 a       177     0     9     1    17
  4.0083683799392167E-01 a       178     0     9     1    18
  2.3216789890510900E-01 a       179     0     9     1    19
 -1.6116165156430100E-02 a       180     0     9     1    20
  2.7164517096491897E-01 a       181     0    10     1     1
 -1.0105609220980766E-01 a       182     0    10     1     2
 -1.8813727999811916E-01 a       183     0    10     1     3
  2.5581413930508690E-01 a       184     0    10     1     4
 -2.3215267091280040E-01 a       185     0    10     1     5
  5.1665492012738796E-02 a       186     0    10     1     6
 -1.8740344423853528E-01 a       187     0    10     1     7
  1.7381645929302267E-01 a       188     0    10     1     8
 -1.5895781596400438E-01 a       189     0    10     1     9
  2.6018592755345504E-01 a       190     0    10     1    10
  1.3932857425835726E-01 a       191     0    10     1    11
  1.0061785736968065E-01 a       192     0    10     1    12
 -1.7303313439174228E-01 a       193     0    10     1    13
 -1.3656070843393386E-01 a       194     0    10     1    14
  1.6308174748926690E-01 a       195     0    10     1    15
 -2.7284918320881313E-01 a       196     0    10     1    16
 -8.2174999232055887E-02 a       197     0    10     1    17
 -5.8116206577026375E-02 a       198     0    10     1    18
  3.8468881819731882E-01 a       199     0    10     1    19
 -1.1855849581134092E-01 a       200     0    10     1    20
 -4.6054273559731213E-01 a       201     0    11     1     1
 -1.1384549301421086E-01 a       202     0    11     1     2
  2.8582210436890182E-01 a       203     0    11     1     3
 -4.6577014605115241E-01 a       204     0    11     1     4
 -2.8357270518003349E-02 a       205     0    11     1     5
 -3.0609982716446782E-01 a       206     0    11     1     6
  1.0806198969519271E-01 a       207     0    11     1     7
 -6.8830992388541443E-02 a       208     0    11     1     8
 -7.1206981712225670E-02 a       209     0    11     1     9
 -3.2466452605251211E-01 a       210     0    11     1    10
 -2.2112307479031992E-01 a       211     0    11     1    11
  2.1387623531188169E-01 a       212     0    11     1    12
  2.6829677438840310E-01 a       213     0    11     1    13
 -8.8479808972629831E-02 a       214     0    11     1    14
 -2.2358416867867489E-01 a       215     0    11     1    15
 -4.0078132441769545E-03 a       216     0    11     1    16
  1.7327318082726384E-01 a       217     0    11     1    17
 -1.2709049493224598E-02 a       218     0    11     1    18
  2.6485214485546577E-01 a       219     0    11     1    19
 -4.5457794701916854E-02 a       220     0    11     1    20
  9.3278255547810177E-02 a       221     0    12     1     1
 -1.6514556330335992E-01 a       222     0    12     1     2
  1.1980649020252973E-01 a       223     0    12     1     3
 -1.6966353659271050E-01 a       224     0    12     1     4
  2.8622542775925452E-01 a       225     0    12     1     5
  1.3741282126261928E-01 a       226     0    12     1     6
  4.3278187697730974E-01 a       227     0    12     1     7
  5.1488607400984532E-01 a       228     0    12     1     8
  4.2480081574237005E-01 a       229     0    12     1     9
  1.8803303644914296E-01 a       230     0    12     1    10
 -2.5566070317248352E-01 a       231     0    12     1    11
  1.1143022559131428E-01 a       232     0    12     1    12
 -8.0413612596403044E-03 a       233     0    12     1    13
 -2.8723425863900441E-03 a       234     0    12     1    14
 -1.7101931434261930E-01 a       235     0    12     1    15
  3.5623964983678214E-01 a       236     0    12     1    16
  1.4738891253560585E-01 a       237     0    12     1    17
  9.7580233898962615E-02 a       238     0    12     1    18
  1.9479157621981680E-01 a       239     0    12     1    19
  7.9086574180285696E-02 a       240     0    12     1    20
  8.6662342656150984E-02 a       241     0    13     1     1
  1.7443513781415430E-02 a       242     0    13     1     2
 -1.7295636181945662E-01 a       243     0    13     1     3
 -2.0683361571260156E-01 a       244     0    13     1     4
 -2.7886451731786183E-01 a       245     0    13     1     5
 -2.5057455392476191E-01 a       246     0    13     1     6
  9.2041801090586586E-02 a       247     0    13     1     7
 -8.3967496543215253E-02 a       248     0    13     1     8
 -3.3385785245428581E-02 a       249     0    13     1     9
  5.2572117553189746E-01 a       250     0    13     1    10
 -3.3625042378289477E-01 a       251     0    13     1    11
  4.3286302488293554E-01 a       252     0    13     1    12
  1.1082917080845968E-02 a       253     0    13     1    13
 -1.1858942835203273E-01 a       254     0    13     1    14
 -1.1012405058122422E-01 a       255     0    13     1    15
 -4.0439967275235100E-01 a       256     0    13     1    16
 -5.1220857640719886E-01 a       257     0    13     1    17
  5.6715860054759461E-02 a       258     0    13     1    18
 -1.8459935712781236E-01 a       259     0    13     1    19
 -2.7865936212255493E-01 a       260     0    13     1    20
  5.3655914088256906E-01 a       261     0    14     1     1
 -3.9948775879420673E-01 a       262     0    14     1     2
  1.3480263027267017E-01 a       263     0    14     1     3
 -2.5937187554531793E-01 a       264     0    14     1     4
  1.0355424145579434E-01 a       265     0    14     1     5
  1.2425285520110320E-01 a       266     0    14     1     6
 -9.8643889608457158E-02 a       267     0    14     1     7
  3.6223454600039506E-01 a       268     0    14     1     8
 -4.7130721315950147E-01 a       269     0    14     1     9
 -4.6833920081305168E-05 a       270     0    14     1    10
 -2.7741307219634187E-01 a       271     0    14     1    11
  1.7561627437885610E-01 a       272     0    14     1    12
  1.6657619560200998E-01 a       273     0    14     1    13
  5.8164173676585307E-01 a       274     0    14     1    14
 -4.3200673156378921E-01 a       275     0    14     1    15
 -3.9422731605352945E-01 a       276     0    14     1    16
  4.4396215219385815E-01 a       277     0    14     1    17
 -2.6233947627728332E-01 a       278     0    14     1    18
  1.2417098726293209E-01 a       279     0    14     1    19
 -3.6365957590656522E-01 a       280     0    14     1    20
  3.0928964401079184E-01 a       281     0    15     1     1
 -9.7109453839158658E-02 a       282     0    15     1     2
  1.6494582668288094E-01 a       283     0    15     1     3
  1.4212483028707774E-02 a       284     0    15     1     4
 -1.2308010128104304E-02 a       285     0    15     1     5
  1.4777363380768599E-01 a       286     0    15     1     6
  2.5566626749187464E-02 a       287     0    15     1     7
 -2.9533026013017893E-01 a       288     0    15     1     8
 -1.0764814210952062E-03 a       289     0    15     1     9
 -3.4438621712209222E-01 a       290     0    15     1    10
 -1.1150556406166862E-01 a       291     0    15     1    11
 -8.9694074765806819E-02 a       292     0    15     1    12
 -1.1757352071004087E-01 a       293     0    15     1    13
  5.4533854800343862E-01 a       294     0    15     1    14
  3.2455958592275480E-01 a       295     0    15     1    15
  3.4321734838683648E-01 a       296     0    15     1    16
  3.6949171704497535E-01 a       297     0    15     1    17
 -5.1368003466425183E-01 a       298     0    15     1    18
 -2.0564458873881616E-01 a       299     0    15     1    19
  1.1455773984397985E-01 a       300     0    15     1    20
 -6.9197314707030388E-01 a       301     0    16     1     1
  2.3238682005393185E-01 a       302     0    16     1     2
 -7.9620305909422029E-01 a       303     0    16     1     3
  5.4677231038747331E-01 a       304     0    16     1     4
 -6.1763138569332199E-01 a       305     0    16     1     5
 -1.2681342488253684E-02 a       306     0    16     1     6
  1.6842510387673648E-01 a       307     0    16     1     7
 -7.6918693789935455E-01 a       308     0    16     1     8
  3.0906953137000259E-01 a       309     0    16     1     9
  2.7381968811109887E-02 a       310     0    16     1    10
  2.2457437949548453E-01 a       311     0    16     1    11
  2.0962034814432212E-01 a       312     0    16     1    12
  5.6416561076104665E-01 a       313     0    16     1    13
 -8.2969367242829750E-01 a       314     0    16     1    14
  5.9036383480289978E-01 a       315     0    16     1    15
  9.3131872619716405E-01 a       316     0    16     1    16
 -1.4781503428191634E-01 a       317     0    16     1    17
  4.2252812188646488E-01 a       318     0    16     1    18
 -6.4745907181418993E-01 a       319     0    16     1    19
 -1.3710699607657537E+00 a       320     0    16     1    20
  1.5035462493302681E-01 a       321     0    17     1     1
  2.7704771117016336E-01 a       322     0    17     1     2
  1.7880155757281396E-02 a       323     0    17     1     3
 -3.3642613993284531E-01 a       324     0    17     1     4
  6.2067991982101756E-01 a       325     0    17     1     5
 -2.1326060995152673E-02 a       326     0    17     1     6
 -1.3290476194204882E-02 a       327     0    17     1     7
  1.3355412862024587E+00 a       328     0    17     1     8
 -3.6316353475966212E-01 a       329     0    17     1     9
  9.7255855541873104E-02 a       330     0    17     1    10
  1.3997714799171374E-01 a       331     0    17     1    11
 -2.0551515117513611E-01 a       332     0    17     1    12
 -3.1688105467873878E-01 a       333     0    17     1    13
  1.0953366009369294E+00 a       334     0    17     1    14
 -6.3706781306232163E-01 a       335     0    17     1    15
 -5.6095478716947722E-01 a       336     0    17     1    16
 -2.7121611556758848E-02 a       337     0    17     1    17
  8.4728842971694207E-01 a       338     0    17     1    18
  3.9338158005813401E-01 a       339     0    17     1    19
  1.4574689261316511E+00 a       340     0    17     1    20
 -6.2066006585948996E-03 a       341     0    18     1     1
 -5.2516531265125821E-01 a       342     0    18     1     2
  2.1726634735841183E-01 a       343     0    18     1     3
  2.7003053970346313E-01 a       344     0    18     1     4
  5.7226886943067407E-02 a       345     0    18     1     5
  1.0356775004396772E-01 a       346     0    18     1     6
 -7.3092526828925009E-01 a       347     0    18     1     7
  5.6785314036974670E-02 a       348     0    18     1     8
 -4.1119398749988850E-02 a       349     0    18     1     9
 -3.1643277077157206E-01 a       350     0    18     1    10
 -1.4384980982409759E-01 a       351     0    18     1    11
 -2.2207223816290492E-01 a       352     0    18     1    12
 -7.0271911208650270E-02 a       353     0    18     1    13
  4.7910086665319887E-02 a       354     0    18     1    14
 -1.5898762050788817E-01 a       355     0    18     1    15
 -6.7702788136364245E-01 a       356     0    18     1    16
  1.4178430715453880E-01 a       357     0    18     1    17
 -2.4138845914971524E-01 a       358     0    18     1    18
 -7.8923358645082053E-01 a       359     0    18     1    19
  4.3280162818518381E-01 a       360     0    18     1    20
 -2.0790792218866047E-01 a       361     0    19     1     1
  9.6514052398318104E-02 a       362     0    19     1     2
 -2.9456236798790358E-01 a       363     0    19     1     3
 -4.4543184886978737E-01 a       364     0    19     1     4
 -1.4008354144394539E-01 a       365     0    19     1     5
 -1.3049804562981465E-01 a       366     0    19     1     6
  7.5963017440450487E-01 a       367     0    19     1     7
 -1.3408289538336432E-01 a       368     0    19     1     8
  1.9305649334532879E-01 a       369     0    19     1     9
  3.7151637277562766E-02 a       370     0    19     1    10
  2.9697703676541531E-01 a       371     0    19     1    11
 -5.2445183443923327E-01 a       372     0    19     1    12
  2.5177462305712234E-01 a       373     0    19     1    13
 -8.3710277940866307E-01 a       374     0    19     1    14
  6.3033041274165269E-01 a       375     0    19     1    15
  6.9607591509816558E-01 a       376     0    19     1    16
  9.9497185896431070E-02 a       377     0    19     1    17
 -1.9977757019967757E-01 a       378     0    19     1    18
  5.9613549180451453E-01 a       379     0    19     1    19
 -6.3514934455529026E-01 a       380     0    19     1    20
  3.4515326608739189E-01 a       381     0    20     1     1
 -2.1220743295338171E-02 a       382     0    20     1     2
  5.6382271026175956E-01 a       383     0    20     1     3
  2.9292354406300797E-01 a       384     0    20     1     4
  4.0554534168102507E-01 a       385     0    20     1     5
  4.1618539759120865E-01 a       386     0    20     1     6
 -1.3587721011426504E-01 a       387     0    20     1     7
  9.1510151074126944E-01 a       388     0    20     1     8
  1.5731702073250994E-01 a       389     0    20     1     9
 -8.7715049730971481E-02 a       390     0    20     1    10
 -3.0097696360814774E-01 a       391     0    20     1    11
 -1.1612873743821889E-01 a       392     0    20     1    12
 -4.4489668132189003E-01 a       393     0    20     1    13
  7.5067314127470441E-01 a       394     0    20     1    14
 -1.9594973646279940E-01 a       395     0    20     1    15
 -4.1319058461553237E-01 a       396     0    20     1    16
  9.1866749666619132E-04 a       397     0    20     1    17
 -8.6272511907100433E-02 a       398     0    20     1    18
 -5.7297204838515536E-01 a       399     0    20     1    19
  8.3982119485146023E-01 a       400     0    20     1    20
 -3.7744736757913025E-02 a       401     0    21     1     1
 -4.7690986031425325E-01 a       402     0    21     1     2
  2.8432868733880040E-01 a       403     0    21     1     3
  3.1757438118432613E-01 a       404     0    21     1     4
  7.4523840569947819E-02 a       405     0    21     1     5
 -3.9470989364193082E-01 a       406     0    21     1     6
 -1.2260227841540311E-01 a       407     0    21     1     7
 -5.9233850327873494E-01 a       408     0    21     1     8
 -9.6071716926520057E-02 a       409     0    21     1     9
 -1.1315993092429888E-02 a       410     0    21     1    10
  1.3589033262976419E-02 a       411     0    21     1    11
  4.0315583452896409E-01 a       412     0    21     1    12
  5.2458318067286858E-01 a       413     0    21     1    13
 -1.3579178353378024E-01 a       414     0    21     1    14
  1.9945711647340957E-02 a       415     0    21     1    15
  5.4506795873849945E-01 a       416     0    21     1    16
  3.6263084584847022E-01 a       417     0    21     1    17
 -3.6422332457782383E-02 a       418     0    21     1    18
  2.6653424498912281E-01 a       419     0    21     1    19
 -3.0374833525213557E-01 a       420     0    21     1    20
  2.1996703956538352E-01 a       421     0    22     1     1
  9.1943811164773334E-02 a       422     0    22     1     2
 -5.4033187728754117E-01 a       423     0    22     1     3
 -4.1775411152881897E-01 a       424     0    22     1     4
 -2.8854289087153490E-01 a       425     0    22     1     5
 -2.2805177707114971E-01 a       426     0    22     1     6
  3.1808916078408722E-01 a       427     0    22     1     7
 -2.8418579723297047E-02 a       428     0    22     1     8
 -4.1252100131583697E-01 a       429     0    22     1     9
 -1.9367532733477605E-01 a       430     0    22     1    10
  1.9967209914715289E-02 a       431     0    22     1    11
 -4.1704229783994329E-01 a       432     0    22     1    12
 -2.9214904856677754E-01 a       433     0    22     1    13
 -4.9815073618646322E-01 a       434     0    22     1    14
  1.0967370651639884E-01 a       435     0    22     1    15
  3.6697836068650225E-01 a       436     0    22     1    16
 -5.8489057998532001E-01 a       437     0    22     1    17
  1.1958746890254056E-01 a       438     0    22     1    18
 -2.3095605902139257E-01 a       439     0    22     1    19
 -5.9529869304057870E-01 a       440     0    22     1    20
 -2.7932355790637875E-01 a       441     0    23     1     1
  6.5340170587428792E-01 a       442     0    23     1     2
  3.4558185364158153E-02 a       443     0    23     1     3
  8.9364162140268821E-02 a       444     0    23     1     4
 -4.5127526666883529E-02 a       445     0    23     1     5
  2.2654712627594958E-01 a       446     0    23     1     6
 -1.6062732877894470E-01 a       447     0    23     1     7
  2.6409106942837463E-01 a       448     0    23     1     8
 -1.8717485393099451E-01 a       449     0    23     1     9
  5.4873843636736963E-01 a       450     0    23     1    10
 -1.7093062393888342E-01 a       451     0    23     1    11
  8.1507654309695265E-01 a       452     0    23     1    12
 -9.4985178509802690E-02 a       453     0    23     1    13
  9.0349119906029551E-01 a       454     0    23     1    14
 -7.5439245640170483E-01 a       455     0    23     1    15
 -6.7869505416142306E-01 a       456     0    23     1    16
  6.8743520191325402E-02 a       457     0    23     1    17
 -1.2512024895524346E-01 a       458     0    23     1    18
 -1.8254381411952200E-01 a       459     0    23     1    19
  5.6348869941294299E-01 a       460     0    23     1    20
 -2.1483974215853373E-02 a       461     0    24     1     1
  3.7410975335644014E-01 a       462     0    24     1     2
 -1.3746674126845665E-01 a       463     0    24     1     3
 -1.3187255966368022E-01 a       464     0    24     1     4
  2.4510912713060712E-01 a       465     0    24     1     5
  1.5796928028667243E-01 a       466     0    24     1     6
 -2.2184673889582940E-01 a       467     0    24     1     7
  1.7572080254803876E-01 a       468     0    24     1     8
  2.9614989911751638E-01 a       469     0    24     1     9
  1.3135048732527721E-01 a       470     0    24     1    10
 -1.6593720059464198E-01 a       471     0    24     1    11
 -1.1726681162294776E-02 a       472     0    24     1    12
 -1.7361334042292706E-01 a       473     0    24     1    13
 -4.6096554517821209E-01 a       474     0    24     1    14
  1.1195399059612803E-01 a       475     0    24     1    15
 -7.1465713093551500E-02 a       476     0    24     1    16
  8.1105178261067657E-03 a       477     0    24     1    17
 -2.6025297840082751E-01 a       478     0    24     1    18
 -7.7207919742853293E-02 a       479     0    24     1    19
  2.6947955454543177E-01 a       480     0    24     1    20
 -7.0856916112749146E-01 a       481     0    25     1     1
  2.0689511684739850E-01 a       482     0    25     1     2
  1.2385416018728286E-01 a       483     0    25     1     3
  6.3410295620676882E-01 a       484     0    25     1     4
  3.0090691647624457E-01 a       485     0    25     1     5
 -3.9958309998935737E-02 a       486     0    25     1     6
 -3.9486525960380575E-01 a       487     0    25     1     7
  3.5553026893754192E-01 a       488     0    25     1     8
  2.2146581479708927E-01 a       489     0    25     1     9
 -4.8917017972574578E-01 a       490     0    25     1    10
 -9.5155330329630816E-01 a       491     0    25     1    11
  4.8207023919584313E-02 a       492     0    25     1    12
  1.1146855553996102E-01 a       493     0    25     1    13
  6.8205552803468439E-01 a       494     0    25     1    14
 -4.1367824436231193E-01 a       495     0    25     1    15
 -4.5839951342354995E-01 a       496     0    25     1    16
  2.6478126146860492E-01 a       497     0    25     1    17
 -3.5679727402088435E-01 a       498     0    25     1    18
 -6.3072907315034274E-03 a       499     0    25     1    19
  5.4708752852872755E-01 a       500     0    25     1    20
 -4.3455963070323754E-02 a       501     0    26     1     1
  2.5533095276373252E-01 a       502     0    26     1     2
 -2.2853297423441157E-01 a       503     0    26     1     3
 -6.5519216027461102E-01 a       504     0    26     1     4
  4.9032689803783236E-01 a       505     0    26     1     5
  3.9157448241947135E-01 a       506     0    26     1     6
  3.3271062066306650E-01 a       507     0    26     1     7
 -8.8322191647187420E-01 a       508     0    26     1     8
  5.0831252348300097E-02 a       509     0    26     1     9
 -5.7206865824161540E-02 a       510     0    26     1    10
  1.7229053475825909E-01 a       511     0    26     1    11
 -2.1232761788190188E-01 a       512     0    26     1    12
  1.4097236877971400E-01 a       513     0    26     1    13
 -1.4013416261543038E-01 a       514     0    26     1    14
  1.3864813774545354E-01 a       515     0    26     1    15
 -2.6224092549284850E-01 a       516     0    26     1    16
 -2.5983800786677391E-01 a       517     0    26     1    17
  1.0426528247145909E-01 a       518     0    26     1    18
  2.0852215514441060E-02 a       519     0    26     1    19
 -6.0905246988355732E-01 a       520     0    26     1    20
 -2.4859882565710137E-01 a       521     0    27     1     1
  3.6611399345230189E-01 a       522     0    27     1     2
  6.7997815117098417E-02 a       523     0    27     1     3
 -2.1120705307246174E-01 a       524     0    27     1     4
 -5.3418725391198940E-01 a       525     0    27     1     5
  5.1530462197550538E-02 a       526     0    27     1     6
  6.6277803014366798E-01 a       527     0    27     1     7
 -6.0249724395091830E-01 a       528     0    27     1     8
 -4.5698889943762686E-02 a       529     0    27     1     9
  4.0950054197317365E-01 a       530     0    27     1    10
  5.0879173560157365E-01 a       531     0    27     1    11
  2.0855703642993337E-01 a       532     0    27     1    12
 -5.3937306715006261E-01 a       533     0    27     1    13
  4.5685288353636461E-01 a       534     0    27     1    14
 -2.1232481309147133E-01 a       535     0    27     1    15
  3.3862624242575030E-02 a       536     0    27     1    16
  1.4695474587622059E-01 a       537     0    27     1    17
  4.3525113053454095E-01 a       538     0    27     1    18
  2.2237953391579637E-01 a       539     0    27     1    19
 -3.4100313363560014E-01 a       540     0    27     1    20
  2.3918463589656883E-01 a       541     0    28     1     1
 -4.0033285344652420E-02 a       542     0    28     1     2
 -1.8840451797651578E-01 a       543     0    28     1     3
  1.1918442953430940E-01 a       544     0    28     1     4
 -4.1890017423207454E-01 a       545     0    28     1     5
  1.9016567553356546E-02 a       546     0    28     1     6
  7.5116741400499454E-02 a       547     0    28     1     7
  8.2049626766334580E-02 a       548     0    28     1     8
  7.4385288551009315E-02 a       549     0    28     1     9
 -1.0184457195875525E-01 a       550     0    28     1    10
  1.8974280323564263E-01 a       551     0    28     1    11
  3.6065248985438764E-01 a       552     0    28     1    12
 -7.4847521987513269E-03 a       553     0    28     1    13
 -1.4719793559125452E-01 a       554     0    28     1    14
 -1.2715652859408602E-01 a       555     0    28     1    15
 -7.8256116282457433E-02 a       556     0    28     1    16
 -4.0519721316758139E-01 a       557     0    28     1    17
 -9.3910179531495760E-02 a       558     0    28     1    18
 -2.5829932996606636E-01 a       559     0    28     1    19
 -3.3681697080576906E-01 a       560     0    28     1    20
 -4.1818166716240157E-01 a       561     0    29     1     1
 -5.2667306329139552E-01 a       562     0    29     1     2
 -7.4175397586257227E-02 a       563     0    29     1     3
  4.5128011912548355E-01 a       564     0    29     1     4
  3.7710188056173632E-01 a       565     0    29     1     5
  1.3635694074136409E-01 a       566     0    29     1     6
  6.0773419672471563E-01 a       567     0    29     1     7
  9.8599510533164125E-02 a       568     0    29     1     8
  3.6699507068741921E-02 a       569     0    29     1     9
 -4.1784492931502443E-01 a       570     0    29     1    10
  1.2937029040385124E+00 a       571     0    29     1    11
  8.1342252107039847E-01 a       572     0    29     1    12
  1.8117999918053160E-01 a       573     0    29     1    13
  2.8147805373883683E-01 a       574     0    29     1    14
 -4.5112717821439319E-01 a       575     0    29     1    15
 -1.0324316799290248E-01 a       576     0    29     1    16
  1.8066566805754716E-01 a       577     0    29     1    17
  4.4072051112384950E-02 a       578     0    29     1    18
  2.1392256151240849E-01 a       579     0    29     1    19
 -4.9281091613737632E-01 a       580     0    29     1    20
 -3.3871982752686813E-01 a       581     0    30     1     1
 -5.6118584972900128E-02 a       582     0    30     1     2
  2.3603638415907274E-01 a       583     0    30     1     3
 -1.6958515212147626E-02 a       584     0    30     1     4
  3.2080305472324644E-01 a       585     0    30     1     5
 -2.8939546157173340E-01 a       586     0    30     1     6
  1.3027982757971898E-01 a       587     0    30     1     7
 -1.5948277346478820E-01 a       588     0    30     1     8
  2.0278030169575736E-01 a       589     0    30     1     9
  1.1929077353134530E-01 a       590     0    30     1    10
  4.1437539788501274E-02 a       591     0    30     1    11
  1.9038482402987403E-02 a       592     0    30     1    12
  9.4510930534248097E-02 a       593     0    30     1    13
 -2.4249381907523485E-01 a       594     0    30     1    14
 -4.3006224649019309E-01 a       595     0    30     1    15
  5.5025084590175577E-01 a       596     0    30     1    16
  2.3585362010927764E-02 a       597     0    30     1    17
 -3.2749461813015926E-02 a       598     0    30     1    18
  2.3574810308883926E-01 a       599     0    30     1    19
 -3.0096506564578368E-01 a       600     0    30     1    20
 -3.3161471989832980E-01 a       601     0    31     1     1
  1.3870323806293228E-01 a       602     0    31     1     2
 -1.9522794742369806E-01 a       603     0    31     1     3
 -2.8644129528855194E-01 a       604     0    31     1     4
 -3.9492623532757798E-01 a       605     0    31     1     5
  7.7442242074930820E-02 a       606     0    31     1     6
  3.4259402409926815E-01 a       607     0    31     1     7
 -5.2286263027286617E-01 a       608     0    31     1     8
  1.3104976769906318E-02 a       609     0    31     1     9
  6.7839271347476561E-03 a       610     0    31     1    10
 -6.4624702413053059E-01 a       611     0    31     1    11
  2.0815299608839150E-01 a       612     0    31     1    12
 -3.8577187364906958E-02 a       613     0    31     1    13
 -6.0472956096787413E-02 a       614     0    31     1    14
 -2.1307569124126444E-01 a       615     0    31     1    15
 -3.9350594520561716E-01 a       616     0    31     1    16
 -9.4052516582949316E-02 a       617     0    31     1    17
  1.8222474927933355E-01 a       618     0    31     1    18
 -2.0868880736392958E-01 a       619     0    31     1    19
 -7.7891366900930611E-02 a       620     0    31     1    20
 -2.1251527470943196E-01 a       621     0    32     1     1
  2.2144202479597883E-01 a       622     0    32     1     2
 -1.8133696419551325E-02 a       623     0    32     1     3
  7.9992355281479161E-02 a       624     0    32     1     4
  3.4446389226585700E-01 a       625     0    32     1     5
  1.9951763490930122E-01 a       626     0    32     1     6
 -1.5671780898278589E-01 a       627     0    32     1     7
 -4.9177400817053696E-01 a       628     0    32     1     8
 -3.4753531770633068E-02 a       629     0    32     1     9
  1.5287249478081932E-01 a       630     0    32     1    10
  6.7482331132670131E-02 a       631     0    32     1    11
  4.5987701454474977E-01 a       632     0    32     1    12
 -3.5378609658061833E-01 a       633     0    32     1    13
  1.2312234150750747E+00 a       634     0    32     1    14
  6.6597157888339101E-02 a       635     0    32     1    15
 -1.3460103535134957E-01 a       636     0    32     1    16
  2.1442746261263321E-01 a       637     0    32     1    17
 -3.3101291828908580E-01 a       638     0    32     1    18
  3.9602467205312247E-01 a       639     0    32     1    19
 -5.0938368377346399E-01 a       640     0    32     1    20
 -1.4856058328824229E-01 a       641     0    33     1     1
 -1.4362707451038084E-01 a       642     0    33     1     2
  3.5023104427190022E-01 a       643     0    33     1     3
  8.0830803938428541E-01 a       644     0    33     1     4
 -1.4993225322283612E-02 a       645     0    33     1     5
  1.1408496131560011E-01 a       646     0    33     1     6
 -5.1310728694383612E-01 a       647     0    33     1     7
  3.0222356215771246E-01 a       648     0    33     1     8
  1.6340739013423458E-01 a       649     0    33     1     9
 -1.3546552569784168E-01 a       650     0    33     1    10
  5.7299563514533869E-01 a       651     0    33     1    11
 -5.0818522730102433E-01 a       652     0    33     1    12
  1.1671082288854183E-02 a       653     0    33     1    13
 -6.4693471478384623E-01 a       654     0    33     1    14
  4.6256680144060208E-01 a       655     0    33     1    15
  4.8614233870651924E-01 a       656     0    33     1    16
 -4.6811180372320027E-01 a       657     0    33     1    17
  5.0029100144466918E-02 a       658     0    33     1    18
  7.7806234361434398E-02 a       659     0    33     1    19
 -3.4202055317351276E-01 a       660     0    33     1    20
  1.7105823165747722E-01 a       661     0    34     1     1
  9.6756339158743446E-02 a       662     0    34     1     2
  5.2256166299626469E-02 a       663     0    34     1     3
 -7.6543538202695022E-02 a       664     0    34     1     4
  1.9427940791489096E-01 a       665     0    34     1     5
  6.5879601924313891E-01 a       666     0    34     1     6
 -3.0009714558344341E-01 a       667     0    34     1     7
 -4.7196724488322345E-01 a       668     0    34     1     8
 -1.0469592789637147E-01 a       669     0    34     1     9
  2.1034387544437250E-01 a       670     0    34     1    10
  6.9068459467680310E-01 a       671     0    34     1    11
 -3.0745117175348663E-01 a       672     0    34     1    12
  9.3107613030804448E-02 a       673     0    34     1    13
  1.0937076712902427E+00 a       674     0    34     1    14
  3.0657119939771174E-02 a       675     0    34     1    15
  2.6577799263574890E-02 a       676     0    34     1    16
  6.0033974494954423E-01 a       677     0    34     1    17
  1.1044093212354544E-01 a       678     0    34     1    18
 -5.9041370710970669E-03 a       679     0    34     1    19
 -2.8343376242482254E-01 a       680     0    34     1    20
  9.7546266706780582E-01 a       681     0    35     1     1
  2.2263854790796420E-01 a       682     0    35     1     2
 -1.5401441666078838E-01 a       683     0    35     1     3
 -3.5536577999861402E-01 a       684     0    35     1     4
 -6.0719681021047345E-01 a       685     0    35     1     5
 -7.5774273638490999E-02 a       686     0    35     1     6
  1.3896150207480756E-01 a       687     0    35     1     7
  7.4768982949833229E-01 a       688     0    35     1     8
  3.1433934899219318E-01 a       689     0    35     1     9
 -2.9954611409206376E-02 a       690     0    35     1    10
 -3.2547174097924864E-01 a       691     0    35     1    11
  5.1553040301537800E-01 a       692     0    35     1    12
  7.0167000291951265E-01 a       693     0    35     1    13
 -9.9315876223717314E-01 a       694     0    35     1    14
  2.7981407012644088E-01 a       695     0    35     1    15
 -2.8780749539416722E-01 a       696     0    35     1    16
 -1.0553807769582713E+00 a       697     0    35     1    17
  6.2339230437547988E-01 a       698     0    35     1    18
 -4.0896029422022623E-01 a       699     0    35     1    19
  7.6393240763978354E-01 a       700     0    35     1    20
  6.2111806369118883E-01 a       701     0    36     1     1
  1.8830678368573889E-01 a       702     0    36     1     2
  6.1619071229588462E-01 a       703     0    36     1     3
 -2.1526049414595277E-01 a       704     0    36     1     4
 -3.0858601055553497E-01 a       705     0    36     1     5
  1.0615272897511455E-01 a       706     0    36     1     6
  5.6666136090668873E-01 a       707     0    36     1     7
  4.2582711072839297E-01 a       708     0    36     1     8
 -7.8370598811222630E-02 a       709     0    36     1     9
  2.6482307019926776E-01 a       710     0    36     1    10
 -2.3263333040880127E-01 a       711     0    36     1    11
 -4.3359479178389138E-01 a       712     0    36     1    12
 -1.1395498871641777E-01 a       713     0    36     1    13
 -2.0162830061460157E-01 a       714     0    36     1    14
 -4.6433620322791891E-01 a       715     0    36     1    15
 -4.1600780120352543E-01 a       716     0    36     1    16
 -3.4851681777652749E-01 a       717     0    36     1    17
 -4.7922465156824029E-01 a       718     0    36     1    18
  6.2805154180420972E-02 a       719     0    36     1    19
 -2.1436941745693186E-01 a       720     0    36     1    20
  2.2164373712113172E-01 a       721     0    37     1     1
  1.5118943403452170E-01 a       722     0    37     1     2
 -6.4568166674668359E-02 a       723     0    37     1     3
 -1.2514307115428702E-01 a       724     0    37     1     4
  2.2601404584449386E-01 a       725     0    37     1     5
 -1.0475168574849973E-02 a       726     0    37     1     6
 -1.8034136725382241E-01 a       727     0    37     1     7
  5.2242173357535171E-01 a       728     0    37     1     8
  4.1201247634342947E-01 a       729     0    37     1     9
 -3.3158711515095884E-01 a       730     0    37     1    10
 -2.0912014966745054E-01 a       731     0    37     1    11
  3.0252605561164381E-01 a       732     0    37     1    12
 -1.5427153422637194E-01 a       733     0    37     1    13
  4.6190796575053711E-01 a       734     0    37     1    14
  1.6417925691770741E-02 a       735     0    37     1    15
 -5.2331878870194626E-01 a       736     0    37     1    16
  1.5028146762348984E-01 a       737     0    37     1    17
 -3.8441114366746582E-01 a       738     0    37     1    18
 -1.2301868440927866E-01 a       739     0    37     1    19
  9.1403350665377858E-01 a       740     0    37     1    20
 -5.8483703662334896E-01 a       741     0    38     1     1
  8.3657710757619796E-02 a       742     0    38     1     2
 -4.7968345643762667E-01 a       743     0    38     1     3
  4.8375078823926171E-01 a       744     0    38     1     4
  1.2462293208704857E-01 a       745     0    38     1     5
 -2.7869618465175622E-01 a       746     0    38     1     6
  3.4528530209710145E-01 a       747     0    38     1     7
 -4.0097800769226100E-01 a       748     0    38     1     8
 -4.7544281867393533E-02 a       749     0    38     1     9
  4.2753410886730930E-02 a       750     0    38     1    10
 -4.1940875559230106E-01 a       751     0    38     1    11
 -1.2288016576701113E-01 a       752     0    38     1    12
  5.0667881534251009E-02 a       753     0    38     1    13
 -1.7265682906096955E-01 a       754     0    38     1    14
  1.4347497669323489E-01 a       755     0    38     1    15
 -1.2561532119651314E-01 a       756     0    38     1    16
 -2.0371242590920421E-01 a       757     0    38     1    17
  4.0639204768889592E-01 a       758     0    38     1    18
 -3.3297660994042216E-01 a       759     0    38     1    19
  7.8208479122409844E-02 a       760     0    38     1    20
 -3.0654472852185688E-01 a       761     0    39     1     1
 -1.8850956635774110E-01 a       762     0    39     1     2
 -4.0392914646297913E-02 a       763     0    39     1     3
  2.5867066136250666E-01 a       764     0    39     1     4
  3.0994717961008855E-01 a       765     0    39     1     5
 -5.1859498890793249E-02 a       766     0    39     1     6
 -3.7942000670959719E-01 a       767     0    39     1     7
  3.5208346416980141E-01 a       768     0    39     1     8
  9.3973938937469109E-02 a       769     0    39     1     9
  7.2050665332999933E-02 a       770     0    39     1    10
 -1.4445203223994271E-01 a       771     0    39     1    11
  1.1968673617156265E-01 a       772     0    39     1    12
  3.7521126285840645E-01 a       773     0    39     1    13
  5.3184455923804375E-01 a       774     0    39     1    14
  3.5642575313088046E-03 a       775     0    39     1    15
 -3.3694626530426924E-01 a       776     0    39     1    16
  4.0498101545023041E-01 a       777     0    39     1    17
 -1.4134289966803004E-01 a       778     0    39     1    18
  4.6973402009864954E-02 a       779     0    39     1    19
  7.0855903921363594E-01 a       780     0    39     1    20
 -2.0026311202097657E-01 a       781     0    40     1     1
  4.3798719931158733E-02 a       782     0    40     1     2
 -1.6494456430487461E-01 a       783     0    40     1     3
  8.3932671878655732E-02 a       784     0    40     1     4
 -1.5798781035293700E-02 a       785     0    40     1     5
 -4.8969211050378991E-01 a       786     0    40     1     6
 -5.9893947095314459E-01 a       787     0    40     1     7
  1.7385425055048723E-01 a       788     0    40     1     8
 -4.0684454532312470E-01 a       789     0    40     1     9
  1.5987182342636513E-01 a       790     0    40     1    10
  4.2454898916692951E-01 a       791     0    40     1    11
  3.2090055657737437E-01 a       792     0    40     1    12
 -1.8262935219712173E-01 a       793     0    40     1    13
 -1.3072420951864444E-01 a       794     0    40     1    14
 -3.2152689984082405E-01 a       795     0    40     1    15
  4.6937411802869305E-01 a       796     0    40     1    16
  1.9764136429159668E-01 a       797     0    40     1    17
  1.8951922551883901E-01 a       798     0    40     1    18
 -5.7565927607649982E-02 a       799     0    40     1    19
 -3.2176805145809301E-01 a       800     0    40     1    20
  3.9366997296791095E-01 a       801     0    41     1     1
 -1.8897111155713300E-01 a       802     0    41     1     2
 -8.1829927298668559E-02 a       803     0    41     1     3
  3.5984841325084421E-01 a       804     0    41     1     4
  1.8791633501142015E-02 a       805     0    41     1     5
 -4.0321871785546672E-03 a       806     0    41     1     6
  2.7046892732867304E-02 a       807     0    41     1     7
  4.9789051388115502E-01 a       808     0    41     1     8
 -4.8902677237888728E-02 a       809     0    41     1     9
  2.2964748412945865E-02 a       810     0    41     1    10
 -5.2661909232102353E-03 a       811     0    41     1    11
 -2.0437965419699400E-01 a       812     0    41     1    12
 -2.2859627091279622E-01 a       813     0    41     1    13
 -7.4498135183581407E-02 a       814     0    41     1    14
  1.5225733387162588E-01 a       815     0    41     1    15
  3.7706992085933108E-03 a       816     0    41     1    16
 -1.8820724719919982E-01 a       817     0    41     1    17
 -2.0977323137138090E-01 a       818     0    41     1    18
 -3.1609549530578751E-01 a       819     0    41     1    19
  1.1180000519659097E-01 a       820     0    41     1    20
  4.1138349063737110E-02 a       821     0    42     1     1
  3.2263235429378999E-02 a       822     0    42     1     2
 -8.5482285668715061E-02 a       823     0    42     1     3
 -7.4236471127874543E-02 a       824     0    42     1     4
  2.0574481586218010E-01 a       825     0    42     1     5
 -2.3390796880053969E-02 a       826     0    42     1     6
 -6.6013131262513458E-02 a       827     0    42     1     7
 -1.3123448126942455E-01 a       828     0    42     1     8
 -2.0990123156363016E-02 a       829     0    42     1     9
  2.2068966217013128E-01 a       830     0    42     1    10
 -2.7195382446827665E-01 a       831     0    42     1    11
  3.0901883845805589E-01 a       832     0    42     1    12
  3.8125278743575497E-01 a       833     0    42     1    13
  4.2552805770965246E-01 a       834     0    42     1    14
  7.8213526568447697E-02 a       835     0    42     1    15
 -2.5059526133388738E-01 a       836     0    42     1    16
  1.8763379944243447E-01 a       837     0    42     1    17
 -2.8683897163767635E-01 a       838     0    42     1    18
  3.4205591038155470E-01 a       839     0    42     1    19
 -1.2073956502840198E-01 a       840     0    42     1    20
  7.3930275697043621E-02 a       841     0    43     1     1
  2.9966051769954608E-02 a       842     0    43     1     2
 -3.7080109615753809E-01 a       843     0    43     1     3
 -3.3421118569905073E-01 a       844     0    43     1     4
  8.0101877542550475E-03 a       845     0    43     1     5
  1.6367258105033933E-01 a       846     0    43     1     6
  1.5776977094979391E-01 a       847     0    43     1     7
  1.3803565818091357E-01 a       848     0    43     1     8
  2.4247842147556271E-02 a       849     0    43     1     9
  1.0142125627802813E-01 a       850     0    43     1    10
 -1.0836636389746555E-01 a       851     0    43     1    11
  4.3065197982810660E-01 a       852     0    43     1    12
  1.8329725224630260E-02 a       853     0    43     1    13
  3.2860521767337197E-02 a       854     0    43     1    14
 -3.1385631653898571E-01 a       855     0    43     1    15
 -7.1626180229933001E-02 a       856     0    43     1    16
  2.6103880656189504E-01 a       857     0    43     1    17
 -1.1166365035136214E-01 a       858     0    43     1    18
  2.9200102970241754E-02 a       859     0    43     1    19
 -1.7279342672079784E-01 a       860     0    43     1    20
 -3.4193895253913609E-01 a       861     0    44     1     1
  1.8578814882686709E-01 a       862     0    44     1     2
  5.9885678437281675E-01 a       863     0    44     1     3
 -9.5263345983489012E-02 a       864     0    44     1     4
 -2.8828981528415187E-01 a       865     0    44     1     5
 -1.5008790758415738E-01 a       866     0    44     1     6
 -1.2297791319593449E-01 a       867     0    44     1     7
 -5.1376532979180245E-01 a       868     0    44     1     8
 -1.1902689176090557E-01 a       869     0    44     1     9
 -1.1520110791658505E-01 a       870     0    44     1    10
  5.4913706744232738E-01 a       871     0    44     1    11
 -7.9551740555239814E-01 a       872     0    44     1    12
 -2.3112140158699815E-01 a       873     0    44     1    13
 -4.5729578572071006E-01 a       874     0    44     1    14
  3.1733974942163645E-01 a       875     0    44     1    15
 -2.1235896181009392E-02 a       876     0    44     1    16
 -3.8564718784563778E-01 a       877     0    44     1    17
  5.1743069002791364E-01 a       878     0    44     1    18
 -1.3947685214383607E-01 a       879     0    44     1    19
  2.0937273793071470E-01 a       880     0    44     1    20
 -4.1106653298550616E-01 a       881     0    45     1     1
 -2.8096273593394439E-01 a       882     0    45     1     2
  8.2741383619149664E-02 a       883     0    45     1     3
  1.0734616209747670E-01 a       884     0    45     1     4
 -1.5676424211636623E-02 a       885     0    45     1     5
  3.4984117402723414E-01 a       886     0    45     1     6
 -7.1542736272335108E-02 a       887     0    45     1     7
 -1.3411468764491902E-01 a       888     0    45     1     8
 -2.8383907761259280E-01 a       889     0    45     1     9
 -3.4668933155251630E-01 a       890     0    45     1    10
 -1.1058652466824669E-01 a       891     0    45     1    11
  4.3689120533557602E-01 a       892     0    45     1    12
  2.9176277647778075E-02 a       893     0    45     1    13
  6.5510686314992383E-01 a       894     0    45     1    14
 -3.1117343581443596E-01 a       895     0    45     1    15
  3.1683213809976440E-01 a       896     0    45     1    16
  7.4866367782974508E-01 a       897     0    45     1    17
 -6.1496048871824982E-01 a       898     0    45     1    18
 -7.1787194476728455E-01 a       899     0    45     1    19
 -2.3395606500044842E-02 a       900     0    45     1    20
  5.8090361764401455E-01 a       901     0    46     1     1
 -3.5737909425287834E-01 a       902     0    46     1     2
 -2.8102963737450104E-01 a       903     0    46     1     3
  4.7051859812550023E-01 a       904     0    46     1     4
 -1.5335196372198467E-01 a       905     0    46     1     5
 -3.2363051248419296E-02 a       906     0    46     1     6
 -2.1539351183999955E-01 a       907     0    46     1     7
 -5.3989732551150449E-01 a       908     0    46     1     8
  2.7870880069016590E-01 a       909     0    46     1     9
 -2.7502880766143135E-02 a       910     0    46     1    10
  1.7886178399362915E-01 a       911     0    46     1    11
 -2.8443236716449660E-01 a       912     0    46     1    12
  4.0071071861467089E-01 a       913     0    46     1    13
 -1.0644179781682894E+00 a       914     0    46     1    14
  6.7903077981694748E-01 a       915     0    46     1    15
  3.9379772376369145E-02 a       916     0    46     1    16
 -1.1695811988556211E-01 a       917     0    46     1    17
  2.0481472935438874E-01 a       918     0    46     1    18
  6.0350668429255128E-01 a       919     0    46     1    19
 -7.3456072716148213E-01 a       920     0    46     1    20
  3.4724254876226335E-01 a       921     0    47     1     1
  2.5958407631439750E-01 a       922     0    47     1     2
 -1.1484507059337205E-01 a       923     0    47     1     3
 -7.2314005993014838E-02 a       924     0    47     1     4
  8.2290583080066079E-02 a       925     0    47     1     5
  1.1247808918530473E-01 a       926     0    47     1     6
 -3.1960019299524967E-02 a       927     0    47     1     7
 -3.8178462342183611E-01 a       928     0    47     1     8
  2.4163271941011510E-01 a       929     0    47     1     9
  1.9175994318267886E-01 a       930     0    47     1    10
 -2.6987624474353461E-01 a       931     0    47     1    11
  3.3113544436262832E-01 a       932     0    47     1    12
  6.5960809900216855E-02 a       933     0    47     1    13
 -3.9050050406183270E-02 a       934     0    47     1    14
  1.8904440059940272E-01 a       935     0    47     1    15
 -4.5416528488610713E-01 a       936     0    47     1    16
 -8.2771129436986168E-01 a       937     0    47     1    17
  6.2726861654282440E-01 a       938     0    47     1    18
  4.1917393460916763E-01 a       939     0    47     1    19
 -2.4436985129849523E-01 a       940     0    47     1    20
 -9.7291835842396715E-02 a       941     0    48     1     1
 -1.1346335018442735E-03 a       942     0    48     1     2
  3.3271931870404073E-02 a       943     0    48     1     3
  2.0110176822736370E-01 a       944     0    48     1     4
  6.8831266695588478E-02 a       945     0    48     1     5
  9.6532100834259889E-03 a       946     0    48     1     6
  1.0722962272728331E-01 a       947     0    48     1     7
  3.0069743169402041E-01 a       948     0    48     1     8
  4.1265500833514901E-01 a       949     0    48     1     9
 -5.9630782301688008E-02 a       950     0    48     1    10
  1.6763938387161701E-02 a       951     0    48     1    11
 -5.0236577537007698E-01 a       952     0    48     1    12
  1.9741762563701212E-01 a       953     0    48     1    13
 -5.6746150955800115E-02 a       954     0    48     1    14
  5.0628902204975748E-02 a       955     0    48     1    15
  1.5329482516864951E-01 a       956     0    48     1    16
  1.3659681920913175E-01 a       957     0    48     1    17
  1.1824819103351356E-01 a       958     0    48     1    18
 -3.8035195316043123E-02 a       959     0    48     1    19
  2.6529893932429588E-01 a       960     0    48     1    20
  1.9786803446520063E-01 a       961     0    49     1     1
  2.6098798175658888E-01 a       962     0    49     1     2
  1.6983175056654626E-01 a       963     0    49     1     3
 -8.4130300712362022E-02 a       964     0    49     1     4
 -3.2758284605018763E-02 a       965     0    49     1     5
 -3.5121461581632651E-01 a       966     0    49     1     6
 -6.4950177899470529E-01 a       967     0    49     1     7
  8.4663488157677236E-01 a       968     0    49     1     8
  9.5688535088212401E-02 a       969     0    49     1     9
 -1.4477362368407663E-02 a       970     0    49     1    10
  1.4022046618033748E+00 a       971     0    49     1    11
  1.7389662655742491E-01 a       972     0    49     1    12
 -2.8460465854770683E-01 a       973     0    49     1    13
  7.3317226327291696E-01 a       974     0    49     1    14
  4.2700485450766013E-01 a       975     0    49     1    15
  4.0032923036658458E-01 a       976     0    49     1    16
  6.9740309034474679E-01 a       977     0    49     1    17
  1.7839609660160829E-01 a       978     0    49     1    18
  2.1886627961779265E-01 a       979     0    49     1    19
  1.4813513918439216E+00 a       980     0    49     1    20
 -6.7764984688612051E-01 a       981     0    50     1     1
 -8.7732037894647064E-01 a       982     0    50     1     2
  1.3895416107814840E-01 a       983     0    50     1     3
  5.1045799706617123E-01 a       984     0    50     1     4
 -6.2188946826323965E-01 a       985     0    50     1     5
 -3.3110166196944663E-01 a       986     0    50     1     6
  6.1368981718211080E-01 a       987     0    50     1     7
 -1.3992318168281757E+00 a       988     0    50     1     8
 -8.1148482882210582E-01 a       989     0    50     1     9
 -2.5652064749606956E-01 a       990     0    50     1    10
 -6.7868111824208366E-01 a       991     0    50     1    11
 -5.5794125232900282E-01 a       992     0    50     1    12
  9.4069102991610979E-03 a       993     0    50     1    13
 -2.2225073928731454E+00 a       994     0    50     1    14
 -1.0653626815235184E-01 a       995     0    50     1    15
  1.0151923539415069E+00 a       996     0    50     1    16
 -5.0293838831971671E-01 a       997     0    50     1    17
 -7.0158081783363990E-01 a       998     0    50     1    18
  1.5488971713399691E-01 a       999     0    50     1    19
 -1.8704564932492309E+00 a      1000     0    50     1    20
 -1.6603312510004209E-01 a      1001     0    51     1     1
 -8.7011011198982163E-02 a      1002     0    51     1     2
  1.2430448866223558E-01 a      1003     0    51     1     3
  4.0815473548523090E-01 a      1004     0    51     1     4
  1.7757013433962104E-01 a      1005     0    51     1     5
 -1.8841219973340616E-02 a      1006     0    51     1     6
  5.2170554424819313E-02 a      1007     0    51     1     7
  4.5283759729543149E-01 a      1008     0    51     1     8
  1.9040502409341573E-01 a      1009     0    51     1     9
 -5.0377394542249357E-03 a      1010     0    51     1    10
  1.8891698655002151E-01 a      1011     0    51     1    11
 -3.7264021771428901E-01 a      1012     0    51     1    12
 -1.9895389312634029E-01 a      1013     0    51     1    13
 -3.5706415343119052E-01 a      1014     0    51     1    14
  2.3460473246152344E-02 a      1015     0    51     1    15
  1.1277483265665141E-01 a      1016     0    51     1    16
 -4.0594390471459874E-03 a      1017     0    51     1    17
  3.1667213200971595E-01 a      1018     0    51     1    18
 -1.7760393415471801E-01 a      1019     0    51     1    19
  4.5023035209805240E-01 a      1020     0    51     1    20
  3.3500821934487252E-01 b      1021     1     1
  4.8558395573341663E-02 b      1022     1     2
 -1.8235780606123515E+00 b      1023     1     3
  1.0502023127846003E+00 b      1024     1     4
 -3.3598390229569175E-01 b      1025     1     5
 -7.2691935100600361E-02 b      1026     1     6
  2.9398931250411753E-01 b      1027     1     7
  1.2988044960827354E+00 b      1028     1     8
 -8.4961028821266638E-01 b      1029     1     9
  6.4498900199282527E-01 b      1030     1    10
 -4.5764099690957744E-01 b      1031     1    11
 -3.2325515644444452E-01 b      1032     1    12
 -4.1334357881606759E-01 b      1033     1    13
  1.2822894570906240E+00 b      1034     1    14
 -1.1618830700661003E+00 b      1035     1    15
 -7.0401037503345698E-01 b      1036     1    16
 -9.2737937016384631E-01 b      1037     1    17
  1.0240666690347222E+00 b      1038     1    18
 -1.3669825571161398E+00 b      1039     1    19
 -7.8841386393357848E-01 b      1040     1    20
  2.8902372634200396E-01 a      1041     1     1     2     1
 -7.6564142305804272E-01 a      1042     1     1     2     2
  2.7207870201444545E-01 a      1043     1     1     2     3
 -4.8834092875225921E-01 a      1044     1     1     2     4
  7.2510183498892142E-02 a      1045     1     1     2     5
  2.3455261570451044E-01 a      1046     1     1     2     6
 -1.5171716743626068E-01 a      1047     1     1     2     7
 -1.1742636165819573E-01 a      1048     1     1     2     8
 -3.8375743796507711E-01 a      1049     1     1     2     9
  1.6207850389201714E-01 a      1050     1     1     2    10
 -2.1777488852425708E-01 a      1051     1     1     2    11
 -6.9363181899983639E-02 a      1052     1     1     2    12
  3.2016391121430215E-01 a      1053     1     1     2    13
  1.4976587573488198E-01 a      1054     1     1     2    14
 -4.8354424196198048E-01 a      1055     1     1     2    15
  1.4192414321089017E-01 a      1056     1     1     2    16
 -2.7864269356231014E-01 a      1057     1     1     2    17
 -1.6859240783953089E-01 a      1058     1     1     2    18
  6.4304972262363547E-01 a      1059     1     1     2    19
 -3.1517442493855352E-02 a      1060     1     1     2    20
  1.0772343131237982E+00 a      1061     1     2     2     1
  3.3837806506659275E-02 a      1062     1     2     2     2
  4.3733909060162035E-01 a      1063     1     2     2     3
 -7.5179762133943939E-01 a      1064     1     2     2     4
  6.8315662994521009E-01 a      1065     1     2     2     5
 -4.2367603187114566E-01 a      1066     1     2     2     6
  3.4617282318350845E-01 a      1067     1     2     2     7
 -2.4910886052498013E-01 a      1068     1     2     2     8
  1.4363728150760890E-01 a      1069     1     2     2     9
 -8.5563496068792683E-02 a      1070     1     2     2    10
 -1.5740380129167555E-01 a      1071     1     2     2    11
 -2.4946921257372726E-01 a      1072     1     2     2    12
  1.4179220049952962E-01 a      1073     1     2     2    13
 -6.8821112016982533E-01 a      1074     1     2     2    14
  3.1443240762405966E-01 a      1075     1     2     2    15
  3.8362724598381448E-01 a      1076     1     2     2    16
 -6.9991640550607948E-01 a      1077     1     2     2    17
 -3.8665030110377002E-01 a      1078     1     2     2    18
  9.6050121407512767E-01 a      1079     1     2     2    19
 -9.5504283152466507E-02 a      1080     1     2     2    20
  7.3440443486187165E-03 a      1081     1     3     2     1
  1.4974753490392290E-01 a      1082     1     3     2     2
  2.1993435471160488E-01 a      1083     1     3     2     3
 -9.6246914561285768E-01 a      1084     1     3     2     4
 -6.3477975291064170E-01 a      1085     1     3     2     5
 -3.0830848807809574E-01 a      1086     1     3     2     6
  2.4476516073981125E-01 a      1087     1     3     2     7
  6.1842015467605305E-01 a      1088     1     3     2     8
 -2.6041492414268880E-01 a      1089     1     3     2     9
 -3.2515128806308657E-01 a      1090     1     3     2    10
 -6.0257780272943628E-01 a      1091     1     3     2    11
  6.2732906204302163E-02 a      1092     1     3     2    12
 -5.2925641237385368E-01 a      1093     1     3     2    13
  5.6953688291607496E-01 a      1094     1     3     2    14
  4.8871704082019590E-01 a      1095     1     3     2    15
 -1.8088078541590441E-01 a      1096     1     3     2    16
  1.4907141233249213E-01 a      1097     1     3     2    17
 -6.0379356915466609E-01 a      1098     1     3     2    18
 -6.7749009454310047E-02 a      1099     1     3     2    19
 -2.1899398803628467E-01 a      1100     1     3     2    20
 -3.4699604663137795E-01 a      1101     1     4     2     1
  1.6448378234019884E-01 a      1102     1     4     2     2
 -6.7057273085637181E-01 a      1103     1     4     2     3
 -1.0317486386362024E-01 a      1104     1     4     2     4
 -4.5689215621394386E-01 a      1105     1     4     2     5
  1.4002651389736215E-01 a      1106     1     4     2     6
  4.6278458864795241E-01 a      1107     1     4     2     7
  4.6964059385417961E-01 a      1108     1     4     2     8
  2.8830046957170563E-01 a      1109     1     4     2     9
  1.7475738332945592E-02 a      1110     1     4     2    10
  2.5509484394428539E-01 a      1111     1     4     2    11
  4.6882504138162133E-02 a      1112     1     4     2    12
 -1.5587363905237975E-01 a      1113     1     4     2    13
 -3.7593373484067683E-01 a      1114     1     4     2    14
 -6.0391216287116389E-01 a      1115     1     4     2    15
  7.3727027852370494E-02 a      1116     1     4     2    16
 -4.9822069448598363E-02 a      1117     1     4     2    17
 -6.7178610055150842E-02 a      1118     1     4     2    18
  7.9826627753942156E-02 a      1119     1     4     2    19
 -2.2915910259532013E-01 a      1120     1     4     2    20
  6.0237054218406971E-01 a      1121     1     5     2     1
  4.2665226265230954E-01 a      1122     1     5     2     2
 -1.9596752331288522E-01 a      1123     1     5     2     3
 -3.7677969613893547E-01 a      1124     1     5     2     4
  2.0321555599500929E-01 a      1125     1     5     2     5
 -8.4618442390624202E-02 a      1126     1     5     2     6
  4.3833709887727368E-01 a      1127     1     5     2     7
  7.1608966148296108E-02 a      1128     1     5     2     8
  3.8466430526585771E-01 a      1129     1     5     2     9
  4.7954331272164152E-01 a      1130     1     5     2    10
  3.8436783122211449E-01 a      1131     1     5     2    11
 -4.4728546166020622E-01 a      1132     1     5     2    12
 -3.3205042608298724E-01 a      1133     1     5     2    13
  1.8361072705774339E-01 a      1134     1     5     2    14
  2.3241962893328250E-01 a      1135     1     5     2    15
  5.1025717195651776E-01 a      1136     1     5     2    16
  2.1498328500447353E-01 a      1137     1     5     2    17
 -6.6960851363032559E-01 a      1138     1     5     2    18
 -2.8072023332063106E-01 a      1139     1     5     2    19
 -4.5902184666138615E-02 a      1140     1     5     2    20
  6.6865841932237227E-02 a      1141     1     6     2     1
  2.2155967732103696E-02 a      1142     1     6     2     2
  1.0425053290553834E+00 a      1143     1     6     2     3
  3.7017674077332163E-01 a      1144     1     6     2     4
  2.7270768282742519E-01 a      1145     1     6     2     5
 -4.6739272925010317E-02 a      1146     1     6     2     6
  3.2416838052446401E-01 a      1147     1     6     2     7
  4.1576283080860527E-01 a      1148     1     6     2     8
 -2.6835383380000477E-01 a      1149     1     6     2     9
 -2.6117838436855140E-01 a      1150     1     6     2    10
  6.1819427851614650E-01 a      1151     1     6     2    11
  2.6623270495704199E-01 a      1152     1     6     2    12
  1.5552731427421845E-01 a      1153     1     6     2    13
 -1.9547171223963958E-01 a      1154     1     6     2    14
  1.2214900911643590E-03 a      1155     1     6     2    15
 -4.0250895037255929E-01 a      1156     1     6     2    16
  4.0904464667910062E-01 a      1157     1     6     2    17
  7.9587047020331425E-02 a      1158     1     6     2    18
  6.0497607795509167E-01 a      1159     1     6     2    19
 -5.6701688217929436E-01 a      1160     1     6     2    20
  1.4231073635335884E-01 a      1161     1     7     2     1
 -6.7377789985784964E-01 a      1162     1     7     2     2
  1.0088392833486171E+00 a      1163     1     7     2     3
 -4.5367565643564706E-01 a      1164     1     7     2     4
  7.7693888725467120E-02 a      1165     1     7     2     5
  4.6206279320415289E-01 a      1166     1     7     2     6
  2.5570110367965054E-01 a      1167     1     7     2     7
  4.1075289973363560E-01 a      1168     1     7     2     8
 -9.0512952001191160E-01 a      1169     1     7     2     9
  2.1997949397523450E-01 a      1170     1     7     2    10
 -1.5017460997301843E-01 a      1171     1     7     2    11
  1.9405946039453664E-01 a      1172     1     7     2    12
  6.0303087214180473E-01 a      1173     1     7     2    13
 -6.4578458394098071E-01 a      1174     1     7     2    14
 -4.2099553937389095E-01 a      1175     1     7     2    15
 -3.1787824075991911E-01 a      1176     1     7     2    16
 -2.3792346892328795E-01 a      1177     1     7     2    17
  3.5111982818791410E-01 a      1178     1     7     2    18
  4.2478918512137909E-01 a      1179     1     7     2    19
 -7.5947099603767250E-03 a      1180     1     7     2    20
  4.1484886084019279E-01 a      1181     1     8     2     1
  2.9048728334737084E-01 a      1182     1     8     2     2
 -6.8527556246668164E-01 a      1183     1     8     2     3
  2.9816409614564149E-01 a      1184     1     8     2     4
 -2.6886436273109932E-01 a      1185     1     8     2     5
 -1.9874802202919907E-02 a      1186     1     8     2     6
 -3.8268919549480235E-01 a      1187     1     8     2     7
  3.9043011021169827E-01 a      1188     1     8     2     8
  2.0581631743920664E-01 a      1189     1     8     2     9
 -5.5448604059215345E-01 a      1190     1     8     2    10
 -2.0395493061522266E-01 a      1191     1     8     2    11
  3.9184995478971679E-01 a      1192     1     8     2    12
 -3.4508304796200057E-01 a      1193     1     8     2    13
 -2.2558688522155093E-01 a      1194     1     8     2    14
 -2.4491933027526466E-01 a      1195     1     8     2    15
  6.7582174282309365E-02 a      1196     1     8     2    16
 -4.0216257013562268E-01 a      1197     1     8     2    17
  5.3302144334327756E-02 a      1198     1     8     2    18
 -1.1768209815728456E+00 a      1199     1     8     2    19
 -1.3561998797807021E-01 a      1200     1     8     2    20
  4.8705704941192157E-01 a      1201     1     9     2     1
  2.1472291481733627E-01 a      1202     1     9     2     2
  6.3891848162581755E-01 a      1203     1     9     2     3
 -9.6294115250343856E-02 a      1204     1     9     2     4
  1.5994589392376138E-01 a      1205     1     9     2     5
  3.0509772541883140E-01 a      1206     1     9     2     6
 -4.6174802199636100E-01 a      1207     1     9     2     7
 -5.1777751458976373E-01 a      1208     1     9     2     8
  1.8469288969110048E-01 a      1209     1     9     2     9
 -4.9803019605058946E-01 a      1210     1     9     2    10
 -4.7895599572494024E-01 a      1211     1     9     2    11
 -5.0684387070963066E-01 a      1212     1     9     2    12
 -5.1834517113283163E-01 a      1213     1     9     2    13
  6.1140208963467302E-01 a      1214     1     9     2    14
  7.7357238312956281E-02 a      1215     1     9     2    15
  5.1777170463616540E-01 a      1216     1     9     2    16
 -4.7867803303227102E-03 a      1217     1     9     2    17
 -3.5986041274199221E-01 a      1218     1     9     2    18
  1.3525009518196794E-02 a      1219     1     9     2    19
  4.5159240665403544E-01 a      1220     1     9     2    20
 -1.9575224591296089E-01 a      1221     1    10     2     1
 -8.8703296118365371E-01 a      1222     1    10     2     2
  3.6448099542771073E-01 a      1223     1    10     2     3
  1.7005892382129267E-01 a      1224     1    10     2     4
 -2.8143506471605001E-01 a      1225     1    10     2     5
  8.2232489990375621E-02 a      1226     1    10     2     6
  1.6155127240194178E-01 a      1227     1    10     2     7
 -2.2487509165168146E-01 a      1228     1    10     2     8
  4.8136183701935631E-01 a      1229     1    10     2     9
 -1.5454937274167607E-01 a      1230     1    10     2    10
  3.3746040344291811E-01 a      1231     1    10     2    11
  5.2491292829547764E-01 a      1232     1    10     2    12
  5.4923937631226538E-01 a      1233     1    10     2    13
 -6.0131819091568495E-01 a      1234     1    10     2    14
 -5.4559509409040252E-01 a      1235     1    10     2    15
 -2.9191889558309819E-01 a      1236     1    10     2    16
  3.0272374116659135E-02 a      1237     1    10     2    17
  6.1116383488974857E-02 a      1238     1    10     2    18
 -5.6337579752075551E-01 a      1239     1    10     2    19
  3.1483493182428268E-01 a      1240     1    10     2    20
 -3.4386113477106345E-01 a      1241     1    11     2     1
 -4.9757576318232755E-01 a      1242     1    11     2     2
  9.8066570856800750E-01 a      1243     1    11     2     3
 -3.5188076216545366E-01 a      1244     1    11     2     4
  1.0151447051223239E-01 a      1245     1    11     2     5
  1.5586073532637609E-01 a      1246     1    11     2     6
 -4.8306351905212380E-01 a      1247     1    11     2     7
  7.2671276991068601E-01 a      1248     1    11     2     8
 -1.6252787213934874E-01 a      1249     1    11     2     9
  4.7587515666823144E-01 a      1250     1    11     2    10
 -2.3386171030175373E-01 a      1251     1    11     2    11
 -3.5032991066945374E-01 a      1252     1    11     2    12
 -2.0165726478715976E-01 a      1253     1    11     2    13
 -4.4730762676596286E-01 a      1254     1    11     2    14
 -1.5254618618180754E-01 a      1255     1    11     2    15
 -3.0815627965187037E-01 a      1256     1    11     2    16
 -3.3062714890762812E-01 a      1257     1    11     2    17
 -1.2705329869999604E-01 a      1258     1    11     2    18
 -4.7340694341355627E-01 a      1259     1    11     2    19
 -7.8693536851841845E-03 a      1260     1    11     2    20
  4.2378982555727723E-01 a      1261     1    12     2     1
 -3.2572975582590002E-01 a      1262     1    12     2     2
 -2.8991890339646526E-01 a      1263     1    12     2     3
 -2.7631045015702638E-01 a      1264     1    12     2     4
 -2.6933608565944128E-01 a      1265     1    12     2     5
 -2.1027995140046055E-01 a      1266     1    12     2     6
 -5.0480483396954978E-01 a      1267     1    12     2     7
 -4.1250822132932080E-01 a      1268     1    12     2     8
 -1.3107159666727727E-01 a      1269     1    12     2     9
 -8.3953195677267653E-02 a      1270     1    12     2    10
 -2.2154543354206271E-01 a      1271     1    12     2    11
 -6.7970542447969379E-02 a      1272     1    12     2    12
  8.8273824620200211E-02 a      1273     1    12     2    13
  6.6960045657631029E-02 a      1274     1    12     2    14
 -2.1708050723604985E-02 a      1275     1    12     2    15
  3.9153827133243041E-01 a      1276     1    12     2    16
 -2.4936767803210402E-01 a      1277     1    12     2    17
 -5.7752625406165414E-01 a      1278     1    12     2    18
 -8.1943639614092123E-01 a      1279     1    12     2    19
  7.4340282077871314E-02 a      1280     1    12     2    20
  2.3741775013999492E-01 a      1281     1    13     2     1
  1.0203380058093453E-01 a      1282     1    13     2     2
 -1.6624398223284187E-01 a      1283     1    13     2     3
 -6.8008208123013725E-02 a      1284     1    13     2     4
  2.9631549250296740E-01 a      1285     1    13     2     5
  3.5627205036676879E-01 a      1286     1    13     2     6
 -9.8380104874313271E-02 a      1287     1    13     2     7
 -4.8010066898394632E-01 a      1288     1    13     2     8
 -2.4122593710840929E-02 a      1289     1    13     2     9
  9.1044834124365204E-02 a      1290     1    13     2    10
 -2.4143029055556972E-01 a      1291     1    13     2    11
  1.7079610144035273E-01 a      1292     1    13     2    12
 -2.2494837321346181E-01 a      1293     1    13     2    13
 -3.2317786716541252E-01 a      1294     1    13     2    14
 -2.5018682807252507E-01 a      1295     1    13     2    15
 -1.1523265536842239E-01 a      1296     1    13     2    16
 -4.1567575354709724E-01 a      1297     1    13     2    17
 -1.3837536977911055E-01 a      1298     1    13     2    18
  4.4941751887216566E-02 a      1299     1    13     2    19
 -8.8553548295712520E-02 a      1300     1    13     2    20
 -6.2903927909312130E-01 a      1301     1    14     2     1
 -2.5275873514361202E-01 a      1302     1    14     2     2
  3.9894098184903698E-01 a      1303     1    14     2     3
  4.5233962413638116E-03 a      1304     1    14     2     4
 -7.9623396637280508E-01 a      1305     1    14     2     5
  4.5137453860640296E-02 a      1306     1    14     2     6
 -9.9536283795822480E-04 a      1307     1    14     2     7
  3.7083070391690937E-01 a      1308     1    14     2     8
 -6.8038269525498712E-02 a      1309     1    14     2     9
 -4.6290891025186598E-01 a      1310     1    14     2    10
  8.0057592206208422E-02 a      1311     1    14     2    11
  6.1544057235570260E-01 a      1312     1    14     2    12
 -5.4202225236719359E-01 a      1313     1    14     2    13
 -3.1070103223149276E-01 a      1314     1    14     2    14
 -5.8583250032604339E-01 a      1315     1    14     2    15
 -3.6036105749018460E-01 a      1316     1    14     2    16
  1.6583848752086472E-01 a      1317     1    14     2    17
  3.2884876024851623E-01 a      1318     1    14     2    18
 -1.1789918925040053E+00 a      1319     1    14     2    19
  2.8393198585186602E-01 a      1320     1    14     2    20
  3.4299899252169175E-01 a      1321     1    15     2     1
 -4.7093001538352014E-01 a      1322     1    15     2     2
 -1.8967949806316106E-01 a      1323     1    15     2     3
 -5.1317556967859312E-01 a      1324     1    15     2     4
 -7.9760452821172900E-01 a      1325     1    15     2     5
 -8.1361002407361702E-02 a      1326     1    15     2     6
 -1.0794771030620708E-01 a      1327     1    15     2     7
 -1.6013762365335008E-01 a      1328     1    15     2     8
  6.0875021994202548E-02 a      1329     1    15     2     9
 -8.9167532526930493E-01 a      1330     1    15     2    10
  6.7744734338817347E-01 a      1331     1    15     2    11
  6.0496622627900037E-02 a      1332     1    15     2    12
  8.3979632864606468E-01 a      1333     1    15     2    13
 -4.6742671787276058E-01 a      1334     1    15     2    14
  5.1088207575584788E-01 a      1335     1    15     2    15
 -5.7794455366567499E-01 a      1336     1    15     2    16
  8.6774441407214931E-01 a      1337     1    15     2    17
  4.3898486708976786E-01 a      1338     1    15     2    18
  8.2476262320918403E-01 a      1339     1    15     2    19
 -1.5338947359866401E-01 a      1340     1    15     2    20
  6.2166646778014445E-01 a      1341     1    16     2     1
 -2.3137129460763947E-01 a      1342     1    16     2     2
 -1.3925955106354868E-01 a      1343     1    16     2     3
 -8.5297882189792354E-02 a      1344     1    16     2     4
 -1.0664796327742232E-01 a      1345     1    16     2     5
  7.3646450185710949E-02 a      1346     1    16     2     6
  4.0452498744243737E-01 a      1347     1    16     2     7
 -1.2400298595543499E-01 a      1348     1    16     2     8
  3.5352047243840878E-01 a      1349     1    16     2     9
  3.1393900416542209E-01 a      1350     1    16     2    10
  4.5498172070950132E-01 a      1351     1    16     2    11
  5.7454709032554374E-01 a      1352     1    16     2    12
  1.9314309510677346E-02 a      1353     1    16     2    13
  3.2977405445497870E-01 a      1354     1    16     2    14
 -3.2833094927113754E-01 a      1355     1    16     2    15
  6.2765910219280052E-01 a      1356     1    16     2    16
  1.1211580957601222E-01 a      1357     1    16     2    17
 -7.3827096160458072E-02 a      1358     1    16     2    18
  4.3235290479827310E-01 a      1359     1    16     2    19
  8.2451471916770880E-02 a      1360     1    16     2    20
 -1.8429871001502135E-01 a      1361     1    17     2     1
 -5.8713979009710959E-01 a      1362     1    17     2     2
 -1.6375898558268087E-01 a      1363     1    17     2     3
 -1.1420911881166371E-01 a      1364     1    17     2     4
 -1.2186003794370692E-01 a      1365     1    17     2     5
 -5.8618037765481723E-01 a      1366     1    17     2     6
 -3.1455809105009169E-01 a      1367     1    17     2     7
 -3.7294704555387331E-01 a      1368     1    17     2     8
 -3.5051289443360539E-01 a      1369     1    17     2     9
  2.7920497930748123E-01 a      1370     1    17     2    10
 -7.0934396518458620E-02 a      1371     1    17     2    11
 -6.1324241771714350E-01 a      1372     1    17     2    12
  7.0762298795567258E-01 a      1373     1    17     2    13
  2.0933316794337858E-01 a      1374     1    17     2    14
  4.1822163672001467E-01 a      1375     1    17     2    15
 -3.0319304289284715E-01 a      1376     1    17     2    16
  5.8013713649165821E-01 a      1377     1    17     2    17
  1.7909387853132452E-01 a      1378     1    17     2    18
  3.1722078317833219E-01 a      1379     1    17     2    19
  3.4006318921132772E-01 a      1380     1    17     2    20
  2.4724118442445508E-01 a      1381     1    18     2     1
  5.8724685925712533E-02 a      1382     1    18     2     2
  2.9342990664941632E-01 a      1383     1    18     2     3
  3.5196210083353818E-01 a      1384     1    18     2     4
  1.8509316772130249E-01 a      1385     1    18     2     5
 -5.9133866488091258E-01 a      1386     1    18     2     6
 -3.3442783097830907E-02 a      1387     1    18     2     7
  2.4060035135111135E-01 a      1388     1    18     2     8
 -5.7142754898544001E-01 a      1389     1    18     2     9
 -1.5745727402323048E-01 a      1390     1    18     2    10
 -3.2629733124705440E-01 a      1391     1    18     2    11
  2.2444723780019957E-01 a      1392     1    18     2    12
 -3.6489789529336664E-01 a      1393     1    18     2    13
 -8.0061922141497732E-01 a      1394     1    18     2    14
  2.4766943292642948E-01 a      1395     1    18     2    15
 -3.2492930952722393E-01 a      1396     1    18     2    16
 -3.7355163122655155E-01 a      1397     1    18     2    17
 -1.6856544635957080E-01 a      1398     1    18     2    18
  3.7528790945734058E-01 a      1399     1    18     2    19
  5.6221546646588205E-01 a      1400     1    18     2    20
 -3.1753213244782297E-01 a      1401     1    19     2     1
  3.7242094623236360E-01 a      1402     1    19     2     2
 -2.6114343263168893E-01 a      1403     1    19     2     3
  3.7087145847934572E-01 a      1404     1    19     2     4
 -8.8977706446153915E-01 a      1405     1    19     2     5
 -9.2420379458149549E-01 a      1406     1    19     2     6
  3.0287688872201796E-01 a      1407     1    19     2     7
  6.6568878211045435E-01 a      1408     1    19     2     8
  4.0993489501292213E-01 a      1409     1    19     2     9
 -6.1005299612326624E-01 a      1410     1    19     2    10
 -4.6393606379590696E-01 a      1411     1    19     2    11
  2.7884550045370615E-01 a      1412     1    19     2    12
 -2.1902994976526019E-01 a      1413     1    19     2    13
  4.6486718572535946E-02 a      1414     1    19     2    14
  6.4182767047467815E-01 a      1415     1    19     2    15
  2.2227712278085385E-01 a      1416     1    19     2    16
  4.0787438601749387E-01 a      1417     1    19     2    17
  6.6473837394864010E-01 a      1418     1    19     2    18
 -6.5658331755496513E-01 a      1419     1    19     2    19
 -6.5809009623983106E-01 a      1420     1    19     2    20
  4.2876103088916095E-01 a      1421     1    20     2     1
  3.5448972762233733E-01 a      1422     1    20     2     2
  1.1547052956443560E+00 a      1423     1    20     2     3
 -3.2046068245922343E-01 a      1424     1    20     2     4
 -1.4578550951083288E-01 a      1425     1    20     2     5
  3.9053980842938885E-01 a      1426     1    20     2     6
  1.9937741794936356E-01 a      1427     1    20     2     7
 -1.2304922614550955E+00 a      1428     1    20     2     8
  6.3368809767346856E-01 a      1429     1    20     2     9
  3.6041071951245696E-01 a      1430     1    20     2    10
  3.1281038387090510E-02 a      1431     1    20     2    11
 -2.0005486062766931E-01 a      1432     1    20     2    12
  3.2415303898550699E-02 a      1433     1    20     2    13
 -3.5823965608689540E-01 a      1434     1    20     2    14
  2.7437881609329959E-02 a      1435     1    20     2    15
 -2.5576089634496202E-01 a      1436     1    20     2    16
 -5.6097331367773999E-02 a      1437     1    20     2    17
  3.3177237392719094E-01 a      1438     1    20     2    18
 -9.2198500113920123E-03 a      1439     1    20     2    19
 -1.8257684369739252E-01 a      1440     1    20     2    20
 -8.9419264593029513E-01 b      1441     2     1
 -2.0646258474547013E-01 b      1442     2     2
  9.4376766008870372E-01 b      1443     2     3
 -2.6238986569053335E-01 b      1444     2     4
  1.0962227960276718E+00 b      1445     2     5
  1.6020258219719428E+00 b      1446     2     6
  1.4436240889533711E+00 b      1447     2     7
 -1.0021612583038177E+00 b      1448     2     8
  9.9224788231813910E-01 b      1449     2     9
 -3.7058198549804572E-01 b      1450     2    10
  8.0203722576883407E-01 b      1451     2    11
  1.6988351272023583E+00 b      1452     2    12
  1.1464500935766611E+00 b      1453     2    13
 -1.0495908345817828E+00 b      1454     2    14
 -1.7634689126123859E+00 b      1455     2    15
  1.0060977949254393E+00 b      1456     2    16
 -5.7504569707081221E-01 b      1457     2    17
 -2.0980165806618400E-01 b      1458     2    18
  1.2794645959479534E+00 b      1459     2    19
  1.6115352203391962E+00 b      1460     2    20
 -1.0917140639438001E+00 a      1461     2     1     3     1
  3.7345839914632611E-01 a      1462     2     2     3     1
  1.7218307317016990E-01 a      1463     2     3     3     1
  1.7879150307386131E+00 a      1464     2     4     3     1
  1.6408900083719509E+00 a      1465     2     5     3     1
  1.7513784292651065E+00 a      1466     2     6     3     1
  8.8737624339471899E-01 a      1467     2     7     3     1
 -4.2506650099412968E-01 a      1468     2     8     3     1
  3.4663291157129711E-01 a      1469     2     9     3     1
 -4.2565299165420911E-01 a      1470     2    10     3     1
  8.4745026592874428E-01 a      1471     2    11     3     1
  2.2859518452326495E+00 a      1472     2    12     3     1
  8.9849944517290381E-01 a      1473     2    13     3     1
 -1.9427138160104096E+00 a      1474     2    14     3     1
 -2.9129794012882448E+00 a      1475     2    15     3     1
  8.5158522656760349E-01 a      1476     2    16     3     1
 -1.7245358259917998E+00 a      1477     2    17     3     1
  1.5070155079223399E-01 a      1478     2    18     3     1
  2.0256916758543492E-01 a      1479     2    19     3     1
  3.2510439079269653E+00 a      1480     2    20     3     1
  1.9654586124021922E+00 b      1481     3     1
