################################################################################
# Neural network connection values (weights and biases).
################################################################################
# Col  Name       Description
################################################################################
# 1    connection Neural network connection value.
# 2    t          Connection type (a = weight, b = bias).
# 3    index      Index enumerating weights.
# 4    l_s        Starting point layer (end point layer for biases).
# 5    n_s        Starting point neuron in starting layer (end point neuron for biases).
# 6    l_e        End point layer.
# 7    n_e        End point neuron in end layer.
################################################################################
#                      1 2         3     4     5     6     7
#             connection t     index   l_s   n_s   l_e   n_e
############################################################
  1.6495743529117224E-01 a         1     0     1     1     1
 -2.7884181190934741E-02 a         2     0     1     1     2
  4.1263240761946962E-01 a         3     0     1     1     3
  8.9111214753844092E-02 a         4     0     1     1     4
 -5.7544123481733274E-02 a         5     0     1     1     5
 -3.7587205804090124E-01 a         6     0     1     1     6
  6.9261012460016397E-02 a         7     0     1     1     7
 -2.7145611836076073E-03 a         8     0     1     1     8
  1.3438285905314092E-02 a         9     0     1     1     9
 -5.4684969639941350E-01 a        10     0     1     1    10
 -3.0287769523307972E-01 a        11     0     1     1    11
 -4.9288657385666562E-01 a        12     0     1     1    12
  5.7770293456559985E-02 a        13     0     1     1    13
  5.4688783664962126E-01 a        14     0     1     1    14
 -2.1785173752525308E-01 a        15     0     1     1    15
  3.6537867151728459E-01 a        16     0     1     1    16
 -3.1554246003282099E-01 a        17     0     1     1    17
  2.1015716806844886E-02 a        18     0     1     1    18
  3.1629712758645323E-01 a        19     0     1     1    19
 -4.3901824356625108E-01 a        20     0     1     1    20
  3.1110307932382168E-02 a        21     0     2     1     1
 -2.7885946862459460E-02 a        22     0     2     1     2
 -1.5314829389695972E-01 a        23     0     2     1     3
 -7.2637812571127613E-02 a        24     0     2     1     4
  8.5818553376736009E-02 a        25     0     2     1     5
 -2.2692482952971765E-01 a        26     0     2     1     6
  1.2840620279779832E-01 a        27     0     2     1     7
 -7.9059311117200590E-02 a        28     0     2     1     8
  3.3763241469245742E-01 a        29     0     2     1     9
 -3.7124174975811192E-01 a        30     0     2     1    10
 -4.2453424570918880E-01 a        31     0     2     1    11
  1.0973943638604147E-01 a        32     0     2     1    12
  3.0321454341700020E-02 a        33     0     2     1    13
  3.8373671116041308E-01 a        34     0     2     1    14
 -1.2569119585610625E-01 a        35     0     2     1    15
  2.4328163767285516E-01 a        36     0     2     1    16
 -5.5161737120637644E-01 a        37     0     2     1    17
  1.9092139620753644E-02 a        38     0     2     1    18
  4.1460370881438668E-02 a        39     0     2     1    19
  4.7211685214321716E-02 a        40     0     2     1    20
  2.5235109330964950E-01 a        41     0     3     1     1
 -1.7366364959869629E-01 a        42     0     3     1     2
  3.3158289433805982E-01 a        43     0     3     1     3
  1.1918583835284087E-01 a        44     0     3     1     4
 -4.5622612703715337E-01 a        45     0     3     1     5
  2.5301474828476167E-01 a        46     0     3     1     6
 -1.7501158194277250E-01 a        47     0     3     1     7
 -2.3984394573501919E-01 a        48     0     3     1     8
 -2.4282217500889064E-01 a        49     0     3     1     9
  1.0207364055449332E-01 a        50     0     3     1    10
  1.8558360317185374E-01 a        51     0     3     1    11
  2.3955667274322556E-01 a        52     0     3     1    12
 -1.0073044978656211E-01 a        53     0     3     1    13
 -3.1009191445590484E-01 a        54     0     3     1    14
 -3.4500577430536733E-01 a        55     0     3     1    15
 -7.7453891048124113E-02 a        56     0     3     1    16
 -3.9119904087239066E-01 a        57     0     3     1    17
 -6.7984609863224091E-02 a        58     0     3     1    18
 -3.0556538822291396E-01 a        59     0     3     1    19
 -1.2691028143292801E-02 a        60     0     3     1    20
 -1.8595396641028880E-01 a        61     0     4     1     1
  2.8482617648037051E-01 a        62     0     4     1     2
 -8.4402607760054621E-02 a        63     0     4     1     3
 -2.5902969572171169E-01 a        64     0     4     1     4
  1.2099646567294096E-01 a        65     0     4     1     5
  6.1756372398825998E-01 a        66     0     4     1     6
  2.1121692557198038E-01 a        67     0     4     1     7
  1.8123782818913639E-01 a        68     0     4     1     8
  3.0820618754473533E-01 a        69     0     4     1     9
  2.6601502420751411E-01 a        70     0     4     1    10
  2.2715536564381852E-01 a        71     0     4     1    11
  7.3148672416738891E-02 a        72     0     4     1    12
  2.7357887536004716E-01 a        73     0     4     1    13
  1.2616627948054251E-01 a        74     0     4     1    14
 -3.2189561067676753E-01 a        75     0     4     1    15
 -6.1446334082250043E-01 a        76     0     4     1    16
  3.1188029909634563E-01 a        77     0     4     1    17
 -2.5332015594338553E-01 a        78     0     4     1    18
 -3.9758871981409960E-01 a        79     0     4     1    19
 -5.1992046159767036E-01 a        80     0     4     1    20
 -5.4644687580082327E-02 a        81     0     5     1     1
 -2.9104261163076972E-01 a        82     0     5     1     2
 -1.1213310288578585E-01 a        83     0     5     1     3
  6.7826750031814331E-01 a        84     0     5     1     4
 -8.8807598387691783E-02 a        85     0     5     1     5
 -7.0152223111574175E-01 a        86     0     5     1     6
  3.9542848896338733E-03 a        87     0     5     1     7
 -5.3793113236547307E-01 a        88     0     5     1     8
 -1.5113673051074855E-01 a        89     0     5     1     9
  6.1537925940207916E-01 a        90     0     5     1    10
  4.2702290728635228E-01 a        91     0     5     1    11
  4.7105062387420876E-01 a        92     0     5     1    12
 -6.9099818996374657E-02 a        93     0     5     1    13
 -2.3563495511253330E-01 a        94     0     5     1    14
 -7.0373155693781261E-02 a        95     0     5     1    15
  2.4184604251492767E-01 a        96     0     5     1    16
  8.9448382650458558E-01 a        97     0     5     1    17
  1.0748050421179507E-01 a        98     0     5     1    18
 -3.2901779572588280E-01 a        99     0     5     1    19
  3.3953872607447855E-01 a       100     0     5     1    20
 -3.9945201829254007E-01 a       101     0     6     1     1
 -6.4613525206351541E-01 a       102     0     6     1     2
 -3.8644412209300083E-01 a       103     0     6     1     3
  4.6737318001706757E-01 a       104     0     6     1     4
  2.4087732407277318E-01 a       105     0     6     1     5
 -1.8483802899863161E-01 a       106     0     6     1     6
 -4.4708483085922912E-01 a       107     0     6     1     7
  1.2719425438958018E-01 a       108     0     6     1     8
  4.0727491240817931E-01 a       109     0     6     1     9
  5.0254209921124915E-01 a       110     0     6     1    10
  4.0210995290141029E-02 a       111     0     6     1    11
  3.8092579171169233E-01 a       112     0     6     1    12
 -2.3192739900370341E-01 a       113     0     6     1    13
 -1.0480004459763113E+00 a       114     0     6     1    14
  1.2128877951340036E-01 a       115     0     6     1    15
  2.6018395987671014E-02 a       116     0     6     1    16
  6.5578396292151075E-01 a       117     0     6     1    17
 -3.4833301687329937E-01 a       118     0     6     1    18
 -3.8736212052973777E-02 a       119     0     6     1    19
 -1.3300024630772368E-03 a       120     0     6     1    20
 -6.8628387545663569E-02 a       121     0     7     1     1
  9.1087491986390945E-01 a       122     0     7     1     2
  3.3522336247276165E-02 a       123     0     7     1     3
 -1.0824207062425337E+00 a       124     0     7     1     4
 -4.2914485775401273E-02 a       125     0     7     1     5
  2.4031650160784432E-01 a       126     0     7     1     6
  3.7867448161669565E-01 a       127     0     7     1     7
  3.4895652902742591E-01 a       128     0     7     1     8
 -3.2124344890736972E-01 a       129     0     7     1     9
 -1.6738613457900986E-01 a       130     0     7     1    10
  1.7525257305738776E-01 a       131     0     7     1    11
 -1.2384267924574560E-01 a       132     0     7     1    12
  3.7861481628978993E-01 a       133     0     7     1    13
  9.5588055453420584E-01 a       134     0     7     1    14
 -4.1409798806420811E-01 a       135     0     7     1    15
 -1.2554441184771674E+00 a       136     0     7     1    16
 -9.9400914568925647E-01 a       137     0     7     1    17
 -3.0971085773129214E-01 a       138     0     7     1    18
  5.4457606502080824E-01 a       139     0     7     1    19
  1.2298472261660816E-01 a       140     0     7     1    20
 -2.9561398735454835E-02 a       141     0     8     1     1
 -4.5897243850834496E-01 a       142     0     8     1     2
  1.0289450622108863E-01 a       143     0     8     1     3
  4.8927715299313251E-02 a       144     0     8     1     4
 -3.2557318161229554E-01 a       145     0     8     1     5
  1.9021502926445510E-01 a       146     0     8     1     6
  9.1729147367278441E-02 a       147     0     8     1     7
 -1.4620927559415570E-01 a       148     0     8     1     8
  3.1194459744456177E-01 a       149     0     8     1     9
 -2.8939513446255211E-01 a       150     0     8     1    10
 -2.6216813203859457E-01 a       151     0     8     1    11
  2.4897985991811625E-01 a       152     0     8     1    12
 -1.7417734035105772E-01 a       153     0     8     1    13
 -1.3813970826012817E-01 a       154     0     8     1    14
  4.0106558799115050E-01 a       155     0     8     1    15
  4.0578906794229896E-01 a       156     0     8     1    16
 -3.7827685468866987E-02 a       157     0     8     1    17
  2.0798006482323363E-02 a       158     0     8     1    18
  1.3394747624410325E-01 a       159     0     8     1    19
 -4.6498735727013790E-01 a       160     0     8     1    20
 -7.7340492586371146E-01 a       161     0     9     1     1
 -7.2885641944655433E-01 a       162     0     9     1     2
  5.7821485681065443E-01 a       163     0     9     1     3
  1.0206811228666993E-01 a       164     0     9     1     4
 -2.4014606779740036E-01 a       165     0     9     1     5
 -5.1446665283376936E-01 a       166     0     9     1     6
  7.3962660706214134E-01 a       167     0     9     1     7
  9.7139102622110707E-01 a       168     0     9     1     8
 -2.4598574940743465E-01 a       169     0     9     1     9
 -8.2527639081757132E-03 a       170     0     9     1    10
  4.5560003834593715E-01 a       171     0     9     1    11
  1.9939374583226932E-01 a       172     0     9     1    12
  5.2052163327181955E-01 a       173     0     9     1    13
  5.6544269461582519E-01 a       174     0     9     1    14
 -4.5452808689406754E-01 a       175     0     9     1    15
 -1.1549531020726128E-01 a       176     0     9     1    16
  2.0899825591626304E+00 a       177     0     9     1    17
 -6.9086066391364798E-01 a       178     0     9     1    18
  9.3251705695043707E-02 a       179     0     9     1    19
 -4.4602694202174398E-01 a       180     0     9     1    20
  4.3224728742727453E-01 a       181     0    10     1     1
  9.4926774627252797E-01 a       182     0    10     1     2
 -8.9595777927890405E-02 a       183     0    10     1     3
  1.4984170039455547E-01 a       184     0    10     1     4
  6.1153137811576730E-01 a       185     0    10     1     5
  1.3735327661221119E-01 a       186     0    10     1     6
  2.8784119490750648E-01 a       187     0    10     1     7
 -1.8509466283151672E+00 a       188     0    10     1     8
 -8.4697921574629165E-01 a       189     0    10     1     9
  3.5682972456059958E-01 a       190     0    10     1    10
 -1.1154241361771865E-01 a       191     0    10     1    11
 -3.7019299601931788E-01 a       192     0    10     1    12
 -4.7961572173147582E-01 a       193     0    10     1    13
 -9.7686584107743812E-01 a       194     0    10     1    14
  9.5279988647941483E-01 a       195     0    10     1    15
 -4.2704074015784116E-01 a       196     0    10     1    16
 -1.7934575534548032E+00 a       197     0    10     1    17
  4.4198723680188245E-01 a       198     0    10     1    18
  6.0173603880109443E-02 a       199     0    10     1    19
  1.4559205096114997E-01 a       200     0    10     1    20
 -6.0331023877875645E-01 a       201     0    11     1     1
  7.7461555316608566E-01 a       202     0    11     1     2
 -6.7094076723708362E-01 a       203     0    11     1     3
 -5.8219365676351809E-01 a       204     0    11     1     4
  1.2998251039795905E-01 a       205     0    11     1     5
  3.6891094845364575E-01 a       206     0    11     1     6
 -1.6222610783010349E-01 a       207     0    11     1     7
 -2.3936311439441793E-01 a       208     0    11     1     8
  6.6390190581049036E-01 a       209     0    11     1     9
 -1.9071514062713668E-01 a       210     0    11     1    10
  1.3600442661720671E-01 a       211     0    11     1    11
 -2.0046220068228301E-01 a       212     0    11     1    12
 -3.2066541835209172E-01 a       213     0    11     1    13
  3.9768170067374375E-02 a       214     0    11     1    14
  4.0470509848138009E-01 a       215     0    11     1    15
 -2.7923210540625915E-01 a       216     0    11     1    16
 -9.5058718290694189E-01 a       217     0    11     1    17
  9.1464635080645573E-01 a       218     0    11     1    18
 -1.6990479637524636E-01 a       219     0    11     1    19
  5.3690504302104181E-01 a       220     0    11     1    20
 -3.9974342896379544E-01 a       221     0    12     1     1
 -3.6993917480891692E-01 a       222     0    12     1     2
  3.2402903597076732E-01 a       223     0    12     1     3
  3.7735325015992921E-01 a       224     0    12     1     4
  2.0297658920909775E-02 a       225     0    12     1     5
 -2.0230864480133276E-01 a       226     0    12     1     6
 -3.9218352209977186E-01 a       227     0    12     1     7
  9.3440352658684522E-01 a       228     0    12     1     8
 -2.2860872645702393E-01 a       229     0    12     1     9
 -3.7580949583744522E-01 a       230     0    12     1    10
 -1.5338246296238614E-01 a       231     0    12     1    11
  4.3379697922602450E-01 a       232     0    12     1    12
 -3.9793607741297303E-02 a       233     0    12     1    13
  3.5960006824094343E-01 a       234     0    12     1    14
 -2.3463693791011281E-01 a       235     0    12     1    15
  7.8240985498281568E-01 a       236     0    12     1    16
  1.4313353077981468E+00 a       237     0    12     1    17
 -6.9462201502150367E-01 a       238     0    12     1    18
  3.5260374450194304E-01 a       239     0    12     1    19
 -1.2013771380666245E+00 a       240     0    12     1    20
 -2.9404859387384968E-01 a       241     0    13     1     1
  2.5474066907781417E-01 a       242     0    13     1     2
 -4.5523169857325174E-01 a       243     0    13     1     3
 -1.4924879527276383E-01 a       244     0    13     1     4
  4.3138306013252786E-01 a       245     0    13     1     5
 -1.0137333938096112E-01 a       246     0    13     1     6
 -6.0376460715378100E-01 a       247     0    13     1     7
  6.6170090001111848E-02 a       248     0    13     1     8
  1.0287535944047532E+00 a       249     0    13     1     9
  3.6968430678056308E-01 a       250     0    13     1    10
 -4.1508610500436843E-01 a       251     0    13     1    11
 -5.6922238500128237E-02 a       252     0    13     1    12
  1.9988671039994316E-01 a       253     0    13     1    13
 -1.2933125570807067E-02 a       254     0    13     1    14
 -1.3552048209835807E-01 a       255     0    13     1    15
  1.7643953855913191E-01 a       256     0    13     1    16
 -1.1570611738700451E-01 a       257     0    13     1    17
  8.1387590871838267E-01 a       258     0    13     1    18
  2.5487298159093075E-01 a       259     0    13     1    19
  1.7959600725736133E-01 a       260     0    13     1    20
  2.5515119504611805E-01 a       261     0    14     1     1
  1.2448060146952385E-01 a       262     0    14     1     2
  7.8928355740839806E-01 a       263     0    14     1     3
 -5.8857269670835777E-01 a       264     0    14     1     4
 -5.7552704951532263E-01 a       265     0    14     1     5
  1.3176149163915002E-01 a       266     0    14     1     6
  5.2702478369747285E-01 a       267     0    14     1     7
  5.6389598696073219E-02 a       268     0    14     1     8
  1.6793008400452974E-01 a       269     0    14     1     9
 -3.0355159075862387E-01 a       270     0    14     1    10
  2.3607442472798434E-03 a       271     0    14     1    11
 -4.0241239735361656E-01 a       272     0    14     1    12
 -3.1269081867519055E-01 a       273     0    14     1    13
  5.3877821658368552E-01 a       274     0    14     1    14
 -4.9998890615730020E-02 a       275     0    14     1    15
 -3.5490176195283601E-01 a       276     0    14     1    16
  4.1578756882891715E-01 a       277     0    14     1    17
 -3.7455443036935337E-01 a       278     0    14     1    18
  1.4248240148531613E-01 a       279     0    14     1    19
  3.8229753349324264E-01 a       280     0    14     1    20
 -7.8112863645901864E-02 a       281     0    15     1     1
  4.0384115904031415E-01 a       282     0    15     1     2
 -3.1218330698757379E-01 a       283     0    15     1     3
  5.6703764772078176E-02 a       284     0    15     1     4
 -1.2791053026289492E-01 a       285     0    15     1     5
 -2.4315757728570228E-01 a       286     0    15     1     6
 -3.7838964790370760E-01 a       287     0    15     1     7
  6.5920921654609360E-02 a       288     0    15     1     8
  7.3997803711585999E-02 a       289     0    15     1     9
 -3.0297552609517553E-01 a       290     0    15     1    10
  2.9792191829523856E-01 a       291     0    15     1    11
  3.3069592882435067E-01 a       292     0    15     1    12
  1.3180151608063456E-01 a       293     0    15     1    13
  4.6971639560838419E-01 a       294     0    15     1    14
 -7.3889233268080071E-02 a       295     0    15     1    15
 -6.2804079093562515E-01 a       296     0    15     1    16
 -7.3110813327817006E-02 a       297     0    15     1    17
  3.6519413429789517E-02 a       298     0    15     1    18
 -3.1398662229895757E-01 a       299     0    15     1    19
  2.7359683656317846E-01 a       300     0    15     1    20
  1.7627342024036169E-01 a       301     0    16     1     1
 -8.6060690961492170E-01 a       302     0    16     1     2
 -3.5623439836170095E-01 a       303     0    16     1     3
  1.4211685827286674E-01 a       304     0    16     1     4
 -3.3105858349683565E-01 a       305     0    16     1     5
  1.5756770312658708E-01 a       306     0    16     1     6
  7.5713557221450456E-01 a       307     0    16     1     7
  2.2552590043725333E-02 a       308     0    16     1     8
  2.0675206628663342E-01 a       309     0    16     1     9
 -8.8872867905236491E-02 a       310     0    16     1    10
 -5.4859072512628622E-02 a       311     0    16     1    11
 -4.5630972586030966E-01 a       312     0    16     1    12
  2.8262526929370865E-02 a       313     0    16     1    13
 -4.6134515894772099E-01 a       314     0    16     1    14
 -6.2336009716467855E-01 a       315     0    16     1    15
  5.0461574239254037E-01 a       316     0    16     1    16
  7.4593622033504581E-01 a       317     0    16     1    17
 -1.7277379685923669E-01 a       318     0    16     1    18
 -4.0508572502893486E-01 a       319     0    16     1    19
 -5.7172489105711388E-01 a       320     0    16     1    20
 -3.5588824117695074E-02 a       321     0    17     1     1
  5.8333381747626911E-01 a       322     0    17     1     2
 -1.9720566405632084E-01 a       323     0    17     1     3
 -6.7528866898867934E-01 a       324     0    17     1     4
 -3.7646967277694655E-02 a       325     0    17     1     5
 -2.0080932272677418E-01 a       326     0    17     1     6
  3.4199532797956527E-03 a       327     0    17     1     7
 -3.5678224379220486E-01 a       328     0    17     1     8
 -8.4766197030375107E-02 a       329     0    17     1     9
 -2.6115761338800469E-01 a       330     0    17     1    10
 -1.2722710059237144E-01 a       331     0    17     1    11
  1.3440730785367186E-01 a       332     0    17     1    12
  6.4214679170801203E-02 a       333     0    17     1    13
  1.2334293505406839E-01 a       334     0    17     1    14
  3.1239384357983707E-01 a       335     0    17     1    15
 -3.3873942516543298E-01 a       336     0    17     1    16
 -3.8311059606343434E-01 a       337     0    17     1    17
  8.0716582372512935E-01 a       338     0    17     1    18
 -4.2423746480799357E-01 a       339     0    17     1    19
  6.9043408031401265E-01 a       340     0    17     1    20
  1.7642654112533149E-01 a       341     0    18     1     1
 -6.1071428805280803E-01 a       342     0    18     1     2
 -5.7065868386574348E-01 a       343     0    18     1     3
  1.8031064024383242E-01 a       344     0    18     1     4
  4.7810748762463046E-01 a       345     0    18     1     5
 -4.9180391297614945E-01 a       346     0    18     1     6
 -4.5320925922398225E-01 a       347     0    18     1     7
  6.6492719671439904E-01 a       348     0    18     1     8
 -4.5565432619840895E-01 a       349     0    18     1     9
  7.0236868252315787E-02 a       350     0    18     1    10
  7.7300483467178285E-02 a       351     0    18     1    11
 -2.5518125264765257E-01 a       352     0    18     1    12
 -3.3137626507942702E-01 a       353     0    18     1    13
  2.7117212189349638E-01 a       354     0    18     1    14
  6.7087351463271522E-02 a       355     0    18     1    15
  7.5134392672502315E-01 a       356     0    18     1    16
  1.2582760521604366E-01 a       357     0    18     1    17
 -6.8841543728469079E-01 a       358     0    18     1    18
 -6.2211630537408502E-01 a       359     0    18     1    19
 -3.1923575144570748E-01 a       360     0    18     1    20
  3.2474472105229718E-01 a       361     0    19     1     1
  1.1222442493695621E-01 a       362     0    19     1     2
  1.1848755250908251E-01 a       363     0    19     1     3
  1.2294800849570517E-01 a       364     0    19     1     4
 -2.9788868375179517E-01 a       365     0    19     1     5
  5.2858637051547841E-01 a       366     0    19     1     6
  1.5259992045176837E-01 a       367     0    19     1     7
  6.6606143208397861E-01 a       368     0    19     1     8
 -1.8984073015140937E-01 a       369     0    19     1     9
  8.7005796675419067E-01 a       370     0    19     1    10
  1.3195154937486150E-01 a       371     0    19     1    11
  1.3708347070936935E-01 a       372     0    19     1    12
 -6.3863564840235931E-01 a       373     0    19     1    13
 -3.3531519022594540E-02 a       374     0    19     1    14
  1.4540730752328435E-01 a       375     0    19     1    15
 -6.6111808295379271E-01 a       376     0    19     1    16
  1.9862508226787068E-01 a       377     0    19     1    17
  2.8691027815351577E-01 a       378     0    19     1    18
 -1.0950001344184976E+00 a       379     0    19     1    19
 -1.0537682806139408E+00 a       380     0    19     1    20
  1.3705808582284023E-02 a       381     0    20     1     1
  1.5059755080059936E-01 a       382     0    20     1     2
  2.5957877997752576E-01 a       383     0    20     1     3
 -3.7647304680351622E-02 a       384     0    20     1     4
 -1.9522911522489589E-01 a       385     0    20     1     5
 -1.2642038905808126E-01 a       386     0    20     1     6
  3.1877848649416074E-01 a       387     0    20     1     7
 -2.6143427883074855E-01 a       388     0    20     1     8
 -1.4618475162000736E-02 a       389     0    20     1     9
 -4.6519337872110805E-01 a       390     0    20     1    10
 -3.8940319185162470E-02 a       391     0    20     1    11
  1.3292842629500681E-01 a       392     0    20     1    12
 -5.3928388747527520E-02 a       393     0    20     1    13
  5.2028244623877762E-01 a       394     0    20     1    14
 -1.5183035415823454E-01 a       395     0    20     1    15
 -1.0805164001876855E-01 a       396     0    20     1    16
 -1.5020462703958359E-01 a       397     0    20     1    17
  1.0165367361955494E-01 a       398     0    20     1    18
  2.6996369461202369E-01 a       399     0    20     1    19
 -8.0095939512874567E-02 a       400     0    20     1    20
 -1.7381838104933264E-01 a       401     0    21     1     1
  1.2532664625174694E-01 a       402     0    21     1     2
 -7.6635490002524298E-01 a       403     0    21     1     3
 -4.4321116782882253E-02 a       404     0    21     1     4
 -6.7489788157533967E-02 a       405     0    21     1     5
  4.2645703526173889E-02 a       406     0    21     1     6
  1.4812979040138569E-01 a       407     0    21     1     7
  1.1042984510721866E-01 a       408     0    21     1     8
 -4.7341385558782606E-01 a       409     0    21     1     9
 -3.1441928458620877E-01 a       410     0    21     1    10
 -2.4834445582174880E-01 a       411     0    21     1    11
  1.1270695270187961E-01 a       412     0    21     1    12
 -2.5284350204807021E-01 a       413     0    21     1    13
  2.7548537560653041E-01 a       414     0    21     1    14
  6.3777231134542556E-01 a       415     0    21     1    15
  4.7069952760815137E-01 a       416     0    21     1    16
 -1.7218209580424318E-01 a       417     0    21     1    17
  3.8203541326104917E-01 a       418     0    21     1    18
 -2.3114500904881333E-02 a       419     0    21     1    19
  4.5700060803501513E-01 a       420     0    21     1    20
  1.1056127704494363E-01 a       421     0    22     1     1
  1.6090190881718738E-01 a       422     0    22     1     2
  5.0327305641217880E-02 a       423     0    22     1     3
  1.8057865706138573E-01 a       424     0    22     1     4
  5.5928450609637326E-01 a       425     0    22     1     5
 -4.5437263886520496E-01 a       426     0    22     1     6
 -2.4081561682055755E-01 a       427     0    22     1     7
 -1.7288554786497171E-01 a       428     0    22     1     8
 -4.2622816899217936E-01 a       429     0    22     1     9
  1.8997707640477246E-01 a       430     0    22     1    10
  1.2027406454733519E-01 a       431     0    22     1    11
 -8.1045089435668027E-01 a       432     0    22     1    12
  5.9263844468517723E-01 a       433     0    22     1    13
 -2.6350849963971013E-01 a       434     0    22     1    14
 -2.4518664915226929E-01 a       435     0    22     1    15
  4.0929771465479875E-01 a       436     0    22     1    16
  4.5945229040817737E-01 a       437     0    22     1    17
  5.3572134588634723E-01 a       438     0    22     1    18
 -8.8947189263776053E-02 a       439     0    22     1    19
  5.7523909808969265E-01 a       440     0    22     1    20
  3.4454378317873818E-01 a       441     0    23     1     1
 -2.0794744422582651E-01 a       442     0    23     1     2
  1.4407456442285707E-01 a       443     0    23     1     3
  4.7577555162225510E-01 a       444     0    23     1     4
  3.7044708823283812E-02 a       445     0    23     1     5
  4.1083138940680985E-01 a       446     0    23     1     6
  2.0385009171221294E-01 a       447     0    23     1     7
  1.9924976446697470E-01 a       448     0    23     1     8
 -2.1361137539458427E-01 a       449     0    23     1     9
  4.2400476007027571E-01 a       450     0    23     1    10
 -1.2284930812997924E-02 a       451     0    23     1    11
  1.0599843897291912E-01 a       452     0    23     1    12
 -2.0294441179169667E-01 a       453     0    23     1    13
 -1.6345503929675570E-01 a       454     0    23     1    14
  2.1469523227166271E-01 a       455     0    23     1    15
 -8.9257862138385824E-02 a       456     0    23     1    16
  1.1754245590873766E-01 a       457     0    23     1    17
 -1.3131115286539735E-01 a       458     0    23     1    18
 -7.4219454519861705E-01 a       459     0    23     1    19
 -1.9337961849019109E-01 a       460     0    23     1    20
  2.0278394513645251E-01 a       461     0    24     1     1
 -8.4795859195241047E-02 a       462     0    24     1     2
 -3.3586357864928246E-01 a       463     0    24     1     3
  4.2349454807045095E-01 a       464     0    24     1     4
 -4.8241918348170681E-01 a       465     0    24     1     5
 -1.8414689870102616E-02 a       466     0    24     1     6
  6.8994738479291207E-01 a       467     0    24     1     7
 -8.4576214134853986E-02 a       468     0    24     1     8
 -5.7158574575404286E-01 a       469     0    24     1     9
 -1.1520271097688593E-01 a       470     0    24     1    10
 -2.9471948623676542E-01 a       471     0    24     1    11
  1.4506097642263258E-01 a       472     0    24     1    12
  8.0697576046213226E-01 a       473     0    24     1    13
 -2.3065568737840378E-01 a       474     0    24     1    14
 -4.2188797185918492E-01 a       475     0    24     1    15
 -3.1321187898289771E-01 a       476     0    24     1    16
 -1.0164341608582467E-01 a       477     0    24     1    17
 -4.9986443680692133E-01 a       478     0    24     1    18
 -3.1617169494068253E-01 a       479     0    24     1    19
 -6.2138103541217321E-02 a       480     0    24     1    20
  1.8722175229238247E-01 a       481     0    25     1     1
  1.9769227116764609E-01 a       482     0    25     1     2
  9.9304178767398843E-01 a       483     0    25     1     3
  8.1008903567653145E-01 a       484     0    25     1     4
  3.2357131939004836E-02 a       485     0    25     1     5
  1.7635435357593605E-02 a       486     0    25     1     6
 -5.1969512370931215E-01 a       487     0    25     1     7
 -3.1803929708091351E-02 a       488     0    25     1     8
  1.2219659041514035E+00 a       489     0    25     1     9
  8.5151931993357644E-01 a       490     0    25     1    10
  1.3369180353035148E-01 a       491     0    25     1    11
  2.0427557235787194E-01 a       492     0    25     1    12
 -5.3168898822910204E-01 a       493     0    25     1    13
 -3.2917002034676524E-01 a       494     0    25     1    14
  4.6881993935050825E-01 a       495     0    25     1    15
  1.3237687169874149E-01 a       496     0    25     1    16
  6.4275413231586942E-01 a       497     0    25     1    17
  5.4488231653979136E-01 a       498     0    25     1    18
 -1.5777224050191201E+00 a       499     0    25     1    19
 -3.7373983155378265E-01 a       500     0    25     1    20
  5.1153046061282077E-02 a       501     0    26     1     1
 -2.9354556350825473E-01 a       502     0    26     1     2
  2.6615837382880880E-01 a       503     0    26     1     3
 -2.4421650901641009E-01 a       504     0    26     1     4
  1.3436237593794711E-01 a       505     0    26     1     5
  1.2069535880072471E-02 a       506     0    26     1     6
 -7.6046470220733742E-01 a       507     0    26     1     7
  1.0335920406825465E-01 a       508     0    26     1     8
  3.1911536819308350E-01 a       509     0    26     1     9
  1.7201872140768779E-01 a       510     0    26     1    10
  4.5682735159140675E-01 a       511     0    26     1    11
 -2.1751654330487805E-01 a       512     0    26     1    12
 -6.1205081734313160E-01 a       513     0    26     1    13
 -3.8877723677167603E-01 a       514     0    26     1    14
  1.7778894275257578E-01 a       515     0    26     1    15
  1.9454680663729204E-01 a       516     0    26     1    16
  1.6806758424243781E-01 a       517     0    26     1    17
  2.2660966087454429E-01 a       518     0    26     1    18
  2.9252301012178722E-01 a       519     0    26     1    19
  2.7474147290045564E-01 a       520     0    26     1    20
  8.4620909250297860E-02 a       521     0    27     1     1
  7.3095925647759949E-02 a       522     0    27     1     2
 -1.2366173017156825E+00 a       523     0    27     1     3
 -7.9175570417295804E-01 a       524     0    27     1     4
 -4.7683556365929886E-01 a       525     0    27     1     5
 -2.6255148362896508E-01 a       526     0    27     1     6
  4.8587385703140890E-02 a       527     0    27     1     7
  2.8749550586442102E-01 a       528     0    27     1     8
 -1.6496325259342763E+00 a       529     0    27     1     9
 -3.3558977978986210E-01 a       530     0    27     1    10
 -2.0732884061593521E-01 a       531     0    27     1    11
 -2.3682463620000074E-01 a       532     0    27     1    12
  1.3723014563608460E-01 a       533     0    27     1    13
 -8.9087716969095024E-02 a       534     0    27     1    14
 -5.5707533470495563E-01 a       535     0    27     1    15
 -5.1414181794271285E-01 a       536     0    27     1    16
 -2.6875112058077666E-01 a       537     0    27     1    17
 -5.1240092431056339E-01 a       538     0    27     1    18
  2.5309922846485322E-01 a       539     0    27     1    19
 -2.1018536507186836E-01 a       540     0    27     1    20
 -4.2888644002419324E-01 a       541     0    28     1     1
 -2.1428131401057199E-01 a       542     0    28     1     2
 -2.5591490861965305E-01 a       543     0    28     1     3
 -2.3421855264650962E-01 a       544     0    28     1     4
 -2.0431881064057164E-01 a       545     0    28     1     5
 -1.3392731631410679E-01 a       546     0    28     1     6
 -4.3366223432442258E-01 a       547     0    28     1     7
  5.4283521582415117E-01 a       548     0    28     1     8
  1.9748318328760672E-01 a       549     0    28     1     9
 -4.7830781154930813E-01 a       550     0    28     1    10
  2.1363151039890166E-01 a       551     0    28     1    11
  1.8056072797402350E-01 a       552     0    28     1    12
  3.2561420085374176E-01 a       553     0    28     1    13
  1.9506397443127746E-01 a       554     0    28     1    14
  4.8504200020563035E-02 a       555     0    28     1    15
  6.2326344969132974E-01 a       556     0    28     1    16
  3.8053490125210021E-01 a       557     0    28     1    17
 -6.0887128112134870E-02 a       558     0    28     1    18
 -2.1465924816114726E-01 a       559     0    28     1    19
 -4.9042503627804795E-02 a       560     0    28     1    20
  8.3266514871548111E-02 a       561     0    29     1     1
 -1.3871710088112474E-01 a       562     0    29     1     2
 -2.2591586831334989E-01 a       563     0    29     1     3
  4.4343680651901352E-01 a       564     0    29     1     4
 -3.4180246933347175E-01 a       565     0    29     1     5
 -2.3526442090534688E-01 a       566     0    29     1     6
  8.6927933077510303E-02 a       567     0    29     1     7
 -5.0631005966584139E-02 a       568     0    29     1     8
 -4.9306570772092873E-01 a       569     0    29     1     9
  2.8356789741674465E-01 a       570     0    29     1    10
  3.8858213921727724E-01 a       571     0    29     1    11
  2.8088422798256865E-02 a       572     0    29     1    12
 -7.4877991339050431E-02 a       573     0    29     1    13
  1.3084183673366206E-01 a       574     0    29     1    14
  1.8636849710330547E-01 a       575     0    29     1    15
  5.1300113627144439E-01 a       576     0    29     1    16
  1.3726436524227538E-02 a       577     0    29     1    17
  4.3938740511437126E-02 a       578     0    29     1    18
  1.2580318737962271E-01 a       579     0    29     1    19
 -5.7073424159613294E-03 a       580     0    29     1    20
 -1.6365702068064614E-01 a       581     0    30     1     1
  1.6870008164850689E-01 a       582     0    30     1     2
 -1.2056276006242465E-01 a       583     0    30     1     3
  1.6168983029245332E-01 a       584     0    30     1     4
  4.1932108509399646E-01 a       585     0    30     1     5
  9.7560000170770628E-02 a       586     0    30     1     6
  2.9136433526999939E-01 a       587     0    30     1     7
 -4.1342562125173060E-01 a       588     0    30     1     8
  4.8285006390640223E-01 a       589     0    30     1     9
 -8.9026624756325196E-02 a       590     0    30     1    10
 -5.4298847458609467E-01 a       591     0    30     1    11
  1.7426120647529111E-01 a       592     0    30     1    12
 -3.5995896720496928E-01 a       593     0    30     1    13
  6.8642388216758488E-01 a       594     0    30     1    14
 -8.9202406091158717E-02 a       595     0    30     1    15
 -2.7485416738710428E-01 a       596     0    30     1    16
 -1.3594405338660689E-01 a       597     0    30     1    17
 -1.7995487901403193E-01 a       598     0    30     1    18
 -9.0590715881078324E-02 a       599     0    30     1    19
  4.9997330096952292E-01 a       600     0    30     1    20
  1.2453693739776991E-01 a       601     0    31     1     1
 -2.0587932949921167E-01 a       602     0    31     1     2
  1.4321794770480406E-01 a       603     0    31     1     3
 -4.8216973216907594E-01 a       604     0    31     1     4
  5.8265784993784087E-01 a       605     0    31     1     5
  4.1250312849713122E-01 a       606     0    31     1     6
  4.8678855898773110E-01 a       607     0    31     1     7
 -7.4971157463052118E-01 a       608     0    31     1     8
  5.1265341474669723E-01 a       609     0    31     1     9
  3.2803523861599743E-01 a       610     0    31     1    10
  8.2376894913502988E-02 a       611     0    31     1    11
 -4.5767360203730256E-01 a       612     0    31     1    12
 -9.5882375006389242E-02 a       613     0    31     1    13
  5.5743955589908645E-01 a       614     0    31     1    14
  4.9270240540434121E-02 a       615     0    31     1    15
 -1.6763377247997285E-01 a       616     0    31     1    16
 -3.7842179920795360E-01 a       617     0    31     1    17
  6.2583034549635055E-02 a       618     0    31     1    18
 -1.5468225975109341E-02 a       619     0    31     1    19
 -4.0341413448710384E-01 a       620     0    31     1    20
  8.3217630915211130E-02 a       621     0    32     1     1
 -2.3046814986911426E-01 a       622     0    32     1     2
  2.9078142288406611E-01 a       623     0    32     1     3
 -3.4070909920413339E-01 a       624     0    32     1     4
  1.1825268544734183E-01 a       625     0    32     1     5
 -3.2676041489217844E-01 a       626     0    32     1     6
  6.6993411969846883E-01 a       627     0    32     1     7
 -5.4273685074693684E-02 a       628     0    32     1     8
  1.7302541009042410E-01 a       629     0    32     1     9
 -1.7537386379810618E-01 a       630     0    32     1    10
  2.6046741959466813E-01 a       631     0    32     1    11
 -2.5411947539802937E-01 a       632     0    32     1    12
  6.6344802507920830E-01 a       633     0    32     1    13
 -5.5876284416113797E-01 a       634     0    32     1    14
 -3.2062980397170814E-03 a       635     0    32     1    15
  1.8181948664743292E-01 a       636     0    32     1    16
  6.9495372106794240E-01 a       637     0    32     1    17
  1.6730550726612628E-01 a       638     0    32     1    18
  1.0354972827215232E+00 a       639     0    32     1    19
 -8.7910779981235407E-02 a       640     0    32     1    20
  2.5304019337868205E-01 a       641     0    33     1     1
  5.1885153048031048E-02 a       642     0    33     1     2
  4.5814132714477140E-01 a       643     0    33     1     3
 -1.7007662787704697E-01 a       644     0    33     1     4
  3.9130132717621208E-01 a       645     0    33     1     5
  1.5251041850768376E-01 a       646     0    33     1     6
  1.1423958042194925E-01 a       647     0    33     1     7
 -3.6597052021458139E-02 a       648     0    33     1     8
 -2.3457568399047751E-01 a       649     0    33     1     9
  7.5212843074959945E-01 a       650     0    33     1    10
  2.9745169736023421E-02 a       651     0    33     1    11
 -3.1611294464816703E-01 a       652     0    33     1    12
  1.9706100838460558E-01 a       653     0    33     1    13
 -9.6691529734176496E-02 a       654     0    33     1    14
 -2.8848225092223795E-01 a       655     0    33     1    15
  1.4238552007384220E-01 a       656     0    33     1    16
  1.8928019267881090E-02 a       657     0    33     1    17
 -7.3729353074579507E-02 a       658     0    33     1    18
 -4.2229300638519590E-01 a       659     0    33     1    19
 -2.3938833568572065E-01 a       660     0    33     1    20
  6.8285714645596698E-02 a       661     0    34     1     1
 -5.4914324215581289E-02 a       662     0    34     1     2
 -3.7526382035382611E-02 a       663     0    34     1     3
  9.3619791320902104E-02 a       664     0    34     1     4
 -1.9496096357370032E-01 a       665     0    34     1     5
  8.1312301929933106E-02 a       666     0    34     1     6
  1.5883973319902556E-01 a       667     0    34     1     7
 -4.2801050915444595E-02 a       668     0    34     1     8
  2.4596969755198924E-02 a       669     0    34     1     9
 -4.1971168669282050E-01 a       670     0    34     1    10
 -1.9105496293842013E-02 a       671     0    34     1    11
  2.6968881059188715E-01 a       672     0    34     1    12
 -1.1718645280214707E-01 a       673     0    34     1    13
  4.8562262185052545E-02 a       674     0    34     1    14
  1.5189078724590158E-01 a       675     0    34     1    15
  1.5446262368342903E-01 a       676     0    34     1    16
 -1.1817596504949160E-01 a       677     0    34     1    17
 -2.2507154454386522E-01 a       678     0    34     1    18
  6.8931639856725957E-02 a       679     0    34     1    19
  1.2993786795227795E-02 a       680     0    34     1    20
 -4.0888104708024553E-01 a       681     0    35     1     1
 -6.4937723892539811E-01 a       682     0    35     1     2
 -5.4790974392525083E-01 a       683     0    35     1     3
  4.1414500791694786E-01 a       684     0    35     1     4
  1.8545562757432721E-01 a       685     0    35     1     5
  1.7634909901572085E-01 a       686     0    35     1     6
 -1.5850307073286582E-01 a       687     0    35     1     7
 -3.1023067203308258E-01 a       688     0    35     1     8
 -9.2547299177975814E-02 a       689     0    35     1     9
  4.6628141363635933E-01 a       690     0    35     1    10
 -3.5009146504347799E-01 a       691     0    35     1    11
  8.8603975565335558E-01 a       692     0    35     1    12
  9.4873271683516835E-02 a       693     0    35     1    13
  1.2106748876764097E-01 a       694     0    35     1    14
  5.1950889113616672E-01 a       695     0    35     1    15
 -2.7760694478244402E-01 a       696     0    35     1    16
 -3.9708179945171684E-01 a       697     0    35     1    17
 -2.2002569148359294E-01 a       698     0    35     1    18
 -3.9059704147048641E-01 a       699     0    35     1    19
  2.7045926106976670E-01 a       700     0    35     1    20
  7.5172094981830473E-01 a       701     0    36     1     1
  4.0063321272764948E-02 a       702     0    36     1     2
  2.6592291694287645E-01 a       703     0    36     1     3
 -1.5097678426596875E-01 a       704     0    36     1     4
  8.1194846412129845E-02 a       705     0    36     1     5
 -1.4929280172725365E-01 a       706     0    36     1     6
 -4.7467683613522139E-03 a       707     0    36     1     7
  2.5249074051773950E-02 a       708     0    36     1     8
  3.1553301396895495E-01 a       709     0    36     1     9
  2.9979897284201329E-01 a       710     0    36     1    10
 -2.0376139218860854E-02 a       711     0    36     1    11
  3.3251396832673585E-02 a       712     0    36     1    12
  1.9200176385109585E-01 a       713     0    36     1    13
  8.7612400758537934E-01 a       714     0    36     1    14
 -7.1234711120421079E-01 a       715     0    36     1    15
  5.0963093836644235E-01 a       716     0    36     1    16
 -5.5009006772477653E-01 a       717     0    36     1    17
  3.0180796862251369E-01 a       718     0    36     1    18
  4.6933782819875070E-01 a       719     0    36     1    19
 -2.0887292699043358E-01 a       720     0    36     1    20
 -1.5203471977019062E-01 a       721     0    37     1     1
 -2.2057959291780260E-01 a       722     0    37     1     2
 -2.2466553536277789E-01 a       723     0    37     1     3
 -7.0678328722095174E-02 a       724     0    37     1     4
 -4.1134863848233388E-01 a       725     0    37     1     5
 -6.1483119920308846E-02 a       726     0    37     1     6
 -6.7941780497911039E-02 a       727     0    37     1     7
  1.0504113608366593E-01 a       728     0    37     1     8
  2.3623071302807300E-01 a       729     0    37     1     9
 -3.9940636054358891E-01 a       730     0    37     1    10
  1.3557670118664616E-01 a       731     0    37     1    11
  4.9331303276340577E-01 a       732     0    37     1    12
 -5.2785190723709373E-02 a       733     0    37     1    13
  6.7066572016707016E-02 a       734     0    37     1    14
  1.5955668066995052E-01 a       735     0    37     1    15
  1.0233381648236606E-02 a       736     0    37     1    16
 -2.3032747670056458E-01 a       737     0    37     1    17
  1.3875292812557813E-01 a       738     0    37     1    18
  3.5103508144181583E-01 a       739     0    37     1    19
  1.9712098312397716E-01 a       740     0    37     1    20
  1.0869415194460653E-01 a       741     0    38     1     1
  1.1007870165997144E-01 a       742     0    38     1     2
  1.8531121755002500E-01 a       743     0    38     1     3
  2.4081480037692107E-01 a       744     0    38     1     4
  2.1575106178005527E-02 a       745     0    38     1     5
  1.0310094073969280E-01 a       746     0    38     1     6
 -1.6012584051129303E-01 a       747     0    38     1     7
  1.7232968521718853E-01 a       748     0    38     1     8
 -5.0588234518425512E-01 a       749     0    38     1     9
  3.3925248484931045E-02 a       750     0    38     1    10
 -2.0435405553676556E-01 a       751     0    38     1    11
 -5.3351952394525781E-01 a       752     0    38     1    12
  1.1716584649074943E-01 a       753     0    38     1    13
 -9.2370005641944453E-01 a       754     0    38     1    14
  3.3823897475190511E-02 a       755     0    38     1    15
 -3.0947947170467366E-01 a       756     0    38     1    16
  3.2527664046764942E-01 a       757     0    38     1    17
 -5.2998400647666206E-02 a       758     0    38     1    18
 -1.6817103928826527E-01 a       759     0    38     1    19
 -3.0853770846485762E-01 a       760     0    38     1    20
  3.9274643029372636E-01 a       761     0    39     1     1
  2.0243072103079998E-01 a       762     0    39     1     2
 -3.5832849975775161E-01 a       763     0    39     1     3
  5.7873554902450630E-01 a       764     0    39     1     4
  2.5513534271877558E-01 a       765     0    39     1     5
  1.1612445996561114E-02 a       766     0    39     1     6
  4.4017165845115232E-02 a       767     0    39     1     7
 -6.9947167464351212E-01 a       768     0    39     1     8
 -7.8938395647569617E-02 a       769     0    39     1     9
 -2.8770389147237335E-01 a       770     0    39     1    10
  2.3800935709559537E-01 a       771     0    39     1    11
 -3.4162221275350590E-01 a       772     0    39     1    12
  4.7187402104880433E-01 a       773     0    39     1    13
 -1.8689422888367488E-01 a       774     0    39     1    14
 -7.7596203101890182E-01 a       775     0    39     1    15
 -2.8249147561819660E-01 a       776     0    39     1    16
 -7.5790272106337619E-01 a       777     0    39     1    17
 -1.4132242804040898E-01 a       778     0    39     1    18
  1.4465647009828900E-01 a       779     0    39     1    19
 -2.9198531719071408E-01 a       780     0    39     1    20
  1.1396921580089263E-01 a       781     0    40     1     1
 -3.6261555953887503E-01 a       782     0    40     1     2
  2.9503121541192578E-01 a       783     0    40     1     3
  2.9041359853244653E-01 a       784     0    40     1     4
 -9.6935070683230165E-02 a       785     0    40     1     5
  4.6194672816526883E-01 a       786     0    40     1     6
 -2.9797204560452439E-01 a       787     0    40     1     7
  2.2674675528579574E-01 a       788     0    40     1     8
 -3.5583669711862714E-01 a       789     0    40     1     9
  1.4799109699796269E+00 a       790     0    40     1    10
 -2.9810925520115872E-01 a       791     0    40     1    11
 -6.5604035499820168E-01 a       792     0    40     1    12
 -1.8536086896770962E-01 a       793     0    40     1    13
 -6.1312983790139108E-01 a       794     0    40     1    14
  7.6054683038923243E-01 a       795     0    40     1    15
  4.2446996917975038E-01 a       796     0    40     1    16
  6.6963143360657518E-01 a       797     0    40     1    17
  2.0341888108486747E-01 a       798     0    40     1    18
  3.6059701843188047E-01 a       799     0    40     1    19
  1.1019172088233996E-01 a       800     0    40     1    20
  6.7323943196423885E-01 a       801     0    41     1     1
  1.8311630257386732E-01 a       802     0    41     1     2
 -7.5356491687250435E-02 a       803     0    41     1     3
 -3.6401531437071322E-01 a       804     0    41     1     4
 -2.2395037667241380E-01 a       805     0    41     1     5
  1.2988695918079540E-01 a       806     0    41     1     6
 -1.3795657291098282E-01 a       807     0    41     1     7
 -8.7282998197156209E-02 a       808     0    41     1     8
  3.5824226117598051E-01 a       809     0    41     1     9
 -8.0659049813410849E-02 a       810     0    41     1    10
  3.0579484417319847E-01 a       811     0    41     1    11
  3.9246953995275158E-01 a       812     0    41     1    12
  5.1761975055720533E-01 a       813     0    41     1    13
 -2.2990498387458990E-02 a       814     0    41     1    14
 -2.9295539366115469E-01 a       815     0    41     1    15
  5.8399527946077015E-02 a       816     0    41     1    16
  1.8140982574014305E-01 a       817     0    41     1    17
  8.2210626266341416E-02 a       818     0    41     1    18
  3.9522233130748008E-01 a       819     0    41     1    19
  4.5000070026644101E-01 a       820     0    41     1    20
  1.9923520147966298E-01 a       821     0    42     1     1
  1.2074046009898530E-01 a       822     0    42     1     2
  2.8571583209753365E-01 a       823     0    42     1     3
  3.6387576844237451E-01 a       824     0    42     1     4
  1.3330970731218811E-01 a       825     0    42     1     5
 -3.7203564583064436E-01 a       826     0    42     1     6
  2.3208983228420252E-01 a       827     0    42     1     7
  2.1855265619092604E-01 a       828     0    42     1     8
 -8.0007973561279533E-01 a       829     0    42     1     9
 -8.5527419272189698E-01 a       830     0    42     1    10
  5.3521631976732154E-01 a       831     0    42     1    11
  3.0591993841065462E-01 a       832     0    42     1    12
 -7.8981413721638660E-01 a       833     0    42     1    13
 -1.5956077938758303E-01 a       834     0    42     1    14
 -2.1018122793910973E-01 a       835     0    42     1    15
 -1.4856302687981099E-01 a       836     0    42     1    16
  3.1751468136831912E-01 a       837     0    42     1    17
 -4.1139702099350017E-01 a       838     0    42     1    18
  5.7063064590509160E-01 a       839     0    42     1    19
 -1.1051310668522889E-01 a       840     0    42     1    20
 -2.4925802696290053E-01 a       841     0    43     1     1
  1.8195236654661359E-01 a       842     0    43     1     2
  6.1383343032169724E-01 a       843     0    43     1     3
 -2.0093546593863879E-01 a       844     0    43     1     4
  3.8910510529528264E-01 a       845     0    43     1     5
 -2.5056922993100933E-01 a       846     0    43     1     6
 -2.2711059052282193E-01 a       847     0    43     1     7
 -1.7477256740315891E-01 a       848     0    43     1     8
 -5.0750058975804528E-02 a       849     0    43     1     9
  1.2951922421394116E-01 a       850     0    43     1    10
 -7.6681510641138121E-03 a       851     0    43     1    11
  9.3736929820531723E-02 a       852     0    43     1    12
  8.0465749250698837E-01 a       853     0    43     1    13
  2.7640319287732623E-01 a       854     0    43     1    14
  2.5800333864911251E-01 a       855     0    43     1    15
 -5.2667496628638943E-01 a       856     0    43     1    16
 -8.0306381468213250E-01 a       857     0    43     1    17
 -3.7219665209541619E-01 a       858     0    43     1    18
 -1.3094137435907988E-01 a       859     0    43     1    19
  3.5569843911271409E-01 a       860     0    43     1    20
 -6.0874995456055925E-01 a       861     0    44     1     1
 -5.9461952340897450E-01 a       862     0    44     1     2
 -5.4752591265006111E-02 a       863     0    44     1     3
 -1.8675208734703973E-02 a       864     0    44     1     4
  1.0225002754291680E-01 a       865     0    44     1     5
 -2.4962302251226778E-02 a       866     0    44     1     6
  1.6822513474411313E-01 a       867     0    44     1     7
 -2.9504413939787756E-03 a       868     0    44     1     8
 -1.9720280398178591E-01 a       869     0    44     1     9
 -4.4152128582744594E-02 a       870     0    44     1    10
  2.3002064679600422E-03 a       871     0    44     1    11
 -1.3004751489700880E-01 a       872     0    44     1    12
 -5.4319553746639571E-01 a       873     0    44     1    13
 -5.2029493680918992E-01 a       874     0    44     1    14
 -2.7121454875043093E-02 a       875     0    44     1    15
 -5.2024186572418578E-02 a       876     0    44     1    16
  2.3111000988910495E-02 a       877     0    44     1    17
 -1.2292520759778096E-01 a       878     0    44     1    18
 -2.8400830684160888E-01 a       879     0    44     1    19
 -4.0980225219809691E-01 a       880     0    44     1    20
 -4.0038581446235139E-01 a       881     0    45     1     1
  2.4097360105355764E-01 a       882     0    45     1     2
  3.4888551673942653E-01 a       883     0    45     1     3
  2.2004199369097024E-01 a       884     0    45     1     4
  1.8603322514167780E-01 a       885     0    45     1     5
  4.4373411363877929E-01 a       886     0    45     1     6
 -5.5285323433211575E-01 a       887     0    45     1     7
 -1.2250692686928563E-01 a       888     0    45     1     8
  2.8742797377554384E-02 a       889     0    45     1     9
 -3.4343788969289163E-01 a       890     0    45     1    10
 -1.5683008414458560E-01 a       891     0    45     1    11
 -3.3975702345991488E-01 a       892     0    45     1    12
 -3.9115676174459757E-01 a       893     0    45     1    13
  2.5143129914358253E-01 a       894     0    45     1    14
  6.9785268072451501E-02 a       895     0    45     1    15
  2.6973697965204424E-01 a       896     0    45     1    16
 -1.1223517181230731E+00 a       897     0    45     1    17
  1.9647177808291297E-01 a       898     0    45     1    18
 -7.8774324924868314E-02 a       899     0    45     1    19
  7.1839737640841395E-01 a       900     0    45     1    20
 -1.0323125751203029E-01 a       901     0    46     1     1
  8.7961928199682882E-01 a       902     0    46     1     2
 -2.4174020477823852E-01 a       903     0    46     1     3
 -4.6520011039930181E-01 a       904     0    46     1     4
  4.6961974116804854E-02 a       905     0    46     1     5
 -3.2448356395233846E-01 a       906     0    46     1     6
 -4.4624701863127070E-01 a       907     0    46     1     7
  5.4814344179128438E-01 a       908     0    46     1     8
  3.5019245681223615E-01 a       909     0    46     1     9
 -3.7970760682284516E-01 a       910     0    46     1    10
 -8.6095484083760554E-01 a       911     0    46     1    11
  5.2701701713577698E-01 a       912     0    46     1    12
  4.6376155490852627E-01 a       913     0    46     1    13
  5.5110310648944016E-01 a       914     0    46     1    14
 -2.0121650249104797E-01 a       915     0    46     1    15
 -5.3614783468490232E-02 a       916     0    46     1    16
  1.9170396553458366E-01 a       917     0    46     1    17
  2.3776822828000141E-01 a       918     0    46     1    18
 -2.8051888723825530E-01 a       919     0    46     1    19
  4.9354990759511425E-01 a       920     0    46     1    20
 -7.0787042772699638E-01 b       921     1     1
  2.4404103924878140E-01 b       922     1     2
 -7.1877067910902381E-01 b       923     1     3
  1.2031285712942348E+00 b       924     1     4
  2.3290277509486063E-01 b       925     1     5
  1.0195793401779467E-02 b       926     1     6
  1.4400652355681800E+00 b       927     1     7
 -4.9840177616042031E-01 b       928     1     8
 -9.0077410550443704E-01 b       929     1     9
 -4.6622948278903281E-01 b       930     1    10
 -1.2348880903227581E+00 b       931     1    11
 -4.0925445212816558E-01 b       932     1    12
  7.0441223202764236E-01 b       933     1    13
  7.2054097665247840E-01 b       934     1    14
 -4.6757951057437980E-01 b       935     1    15
 -5.3170213031666969E-01 b       936     1    16
  5.9878175062748284E-01 b       937     1    17
 -3.9539197440171103E-01 b       938     1    18
 -1.5759709579768155E+00 b       939     1    19
  5.8152962104792272E-01 b       940     1    20
  2.0622912041429318E-02 a       941     1     1     2     1
 -5.3191786575397318E-02 a       942     1     1     2     2
 -3.4432512964487222E-01 a       943     1     1     2     3
  8.6152777839367356E-01 a       944     1     1     2     4
 -5.2841600500162567E-02 a       945     1     1     2     5
  2.5235873953484611E-01 a       946     1     1     2     6
  3.5903049797941478E-01 a       947     1     1     2     7
 -1.5836060605532729E-01 a       948     1     1     2     8
  5.6026004587869449E-01 a       949     1     1     2     9
 -4.3297430086483751E-01 a       950     1     1     2    10
  7.7214125863985650E-01 a       951     1     1     2    11
 -7.2109223470910899E-01 a       952     1     1     2    12
  2.4138021934150027E-02 a       953     1     1     2    13
  2.2010581507423335E-01 a       954     1     1     2    14
 -4.3226645949310366E-01 a       955     1     1     2    15
 -1.8573319826942002E-02 a       956     1     1     2    16
  6.5111260367998114E-01 a       957     1     1     2    17
  2.7008618678985880E-02 a       958     1     1     2    18
  2.6527521564786610E-01 a       959     1     1     2    19
  8.2388561746136138E-02 a       960     1     1     2    20
 -2.7587489196773024E-01 a       961     1     2     2     1
 -1.2284213393236343E+00 a       962     1     2     2     2
 -3.6809290681297957E-01 a       963     1     2     2     3
 -5.5608018135065995E-01 a       964     1     2     2     4
 -1.3501503263947578E-01 a       965     1     2     2     5
  5.0695746298504629E-01 a       966     1     2     2     6
 -4.7386842068308160E-01 a       967     1     2     2     7
 -1.9337439845277721E-01 a       968     1     2     2     8
  4.7624534940495622E-01 a       969     1     2     2     9
  9.9151049281815014E-03 a       970     1     2     2    10
 -3.9186584910000044E-02 a       971     1     2     2    11
  1.0274043077348045E-01 a       972     1     2     2    12
  3.8286050333896859E-01 a       973     1     2     2    13
 -1.5464899475277898E+00 a       974     1     2     2    14
  3.1200336908942772E-01 a       975     1     2     2    15
 -4.5794358048337797E-01 a       976     1     2     2    16
  3.6019662638432343E-01 a       977     1     2     2    17
 -8.7949995434956532E-02 a       978     1     2     2    18
  3.3548903004334152E-01 a       979     1     2     2    19
 -3.7252868545397438E-01 a       980     1     2     2    20
  1.3846293024794232E-01 a       981     1     3     2     1
 -2.7316890397444027E-01 a       982     1     3     2     2
  4.0398402225341851E-01 a       983     1     3     2     3
 -5.4389512063235679E-01 a       984     1     3     2     4
  3.1396363660473647E-01 a       985     1     3     2     5
 -7.6185429808779503E-01 a       986     1     3     2     6
 -5.2312332993390342E-01 a       987     1     3     2     7
  1.0502312824258411E+00 a       988     1     3     2     8
 -4.7682143297186974E-01 a       989     1     3     2     9
 -6.1055065679404097E-01 a       990     1     3     2    10
  5.0979890873529210E-01 a       991     1     3     2    11
 -5.9663856078639166E-02 a       992     1     3     2    12
 -6.3372169008526036E-01 a       993     1     3     2    13
  8.5460623851739170E-01 a       994     1     3     2    14
 -2.7239239198838711E-01 a       995     1     3     2    15
 -4.9339283005978268E-01 a       996     1     3     2    16
 -7.1561106650434825E-01 a       997     1     3     2    17
  1.9794265836537170E-01 a       998     1     3     2    18
  7.9155331151895980E-01 a       999     1     3     2    19
 -1.6367616834726526E-01 a      1000     1     3     2    20
  3.6203061046635010E-01 a      1001     1     4     2     1
  6.1152020570266730E-01 a      1002     1     4     2     2
 -2.5655780969256431E-01 a      1003     1     4     2     3
 -4.8553176560919870E-01 a      1004     1     4     2     4
 -5.0746308775371718E-01 a      1005     1     4     2     5
 -2.7075495694470464E-01 a      1006     1     4     2     6
 -1.6800308322728449E-01 a      1007     1     4     2     7
 -3.9284061584566132E-01 a      1008     1     4     2     8
  5.2818388903452351E-01 a      1009     1     4     2     9
 -6.7449633606554416E-01 a      1010     1     4     2    10
  1.3967524531527198E-01 a      1011     1     4     2    11
  3.4671329819149282E-01 a      1012     1     4     2    12
 -7.5244368810038920E-01 a      1013     1     4     2    13
  6.0454305342680892E-01 a      1014     1     4     2    14
  1.7594501165372278E-01 a      1015     1     4     2    15
 -8.0036703069126650E-02 a      1016     1     4     2    16
 -3.5080061487510544E-01 a      1017     1     4     2    17
  5.6181369706827433E-01 a      1018     1     4     2    18
  4.0374936851573251E-01 a      1019     1     4     2    19
 -7.8476178422697329E-01 a      1020     1     4     2    20
 -1.7960200496935197E-01 a      1021     1     5     2     1
 -1.8405480539618876E-01 a      1022     1     5     2     2
  1.9354793067265966E-01 a      1023     1     5     2     3
 -1.8014264996952637E-02 a      1024     1     5     2     4
 -1.0962792151674648E-01 a      1025     1     5     2     5
  4.3949447796320273E-01 a      1026     1     5     2     6
 -4.4814850071990703E-01 a      1027     1     5     2     7
  2.1646927017532425E-01 a      1028     1     5     2     8
  1.4980048941758364E-01 a      1029     1     5     2     9
  5.8661903664344296E-02 a      1030     1     5     2    10
 -1.7419481530017206E-01 a      1031     1     5     2    11
 -6.2676129992714469E-01 a      1032     1     5     2    12
  5.4348686033135168E-02 a      1033     1     5     2    13
 -9.0448890977469110E-01 a      1034     1     5     2    14
 -1.0792835589563297E-01 a      1035     1     5     2    15
  1.6649120497764933E-01 a      1036     1     5     2    16
  2.4149464499637682E-01 a      1037     1     5     2    17
 -3.1166155360289477E-01 a      1038     1     5     2    18
 -2.4001537220181616E-02 a      1039     1     5     2    19
 -8.7606175601086900E-01 a      1040     1     5     2    20
  1.7156560389689466E-02 a      1041     1     6     2     1
 -2.9155306190377550E-01 a      1042     1     6     2     2
  5.2724732073782110E-01 a      1043     1     6     2     3
 -2.8589596251162130E-01 a      1044     1     6     2     4
 -3.4559893377951084E-01 a      1045     1     6     2     5
  5.8337367264054563E-01 a      1046     1     6     2     6
 -5.2057945708851094E-01 a      1047     1     6     2     7
 -5.9366221908659811E-02 a      1048     1     6     2     8
 -1.3565744283879433E-01 a      1049     1     6     2     9
 -1.0344707769330845E-01 a      1050     1     6     2    10
  9.8827315353912759E-02 a      1051     1     6     2    11
 -7.6398544938729177E-02 a      1052     1     6     2    12
 -1.0923905656513196E-01 a      1053     1     6     2    13
  5.3251412307763468E-01 a      1054     1     6     2    14
 -4.1387533508748714E-01 a      1055     1     6     2    15
 -1.0634411563581271E-01 a      1056     1     6     2    16
  3.7941223402212287E-01 a      1057     1     6     2    17
 -7.5646787277720551E-01 a      1058     1     6     2    18
 -1.6457961568942431E-01 a      1059     1     6     2    19
 -4.2407915033712629E-01 a      1060     1     6     2    20
  8.7048501641257228E-02 a      1061     1     7     2     1
 -1.4226398072924618E-01 a      1062     1     7     2     2
 -6.9873921931886884E-01 a      1063     1     7     2     3
  3.1621690900215971E-01 a      1064     1     7     2     4
 -5.9645933212031943E-01 a      1065     1     7     2     5
  1.1193272257674005E+00 a      1066     1     7     2     6
  4.2155340591977264E-01 a      1067     1     7     2     7
 -4.6757381755067567E-01 a      1068     1     7     2     8
  1.4966257876210956E-01 a      1069     1     7     2     9
  7.2597091960906679E-01 a      1070     1     7     2    10
  4.7753705075504282E-01 a      1071     1     7     2    11
 -6.3652576881950529E-01 a      1072     1     7     2    12
  3.0077741666037805E-01 a      1073     1     7     2    13
  5.7072943511517293E-01 a      1074     1     7     2    14
 -3.6012868730155473E-01 a      1075     1     7     2    15
  6.5048043821554891E-01 a      1076     1     7     2    16
 -1.4073718795692478E-01 a      1077     1     7     2    17
  1.0066520114546769E-01 a      1078     1     7     2    18
  3.6374703861412133E-01 a      1079     1     7     2    19
 -8.2133471196860275E-01 a      1080     1     7     2    20
  5.6696634309159977E-01 a      1081     1     8     2     1
  4.1047970830985386E-01 a      1082     1     8     2     2
  3.7027081384672916E-01 a      1083     1     8     2     3
  7.7464127555619400E-01 a      1084     1     8     2     4
  7.0886782843328822E-01 a      1085     1     8     2     5
  6.6679363217992293E-01 a      1086     1     8     2     6
  1.1314129427065449E-01 a      1087     1     8     2     7
  1.0652318832585230E+00 a      1088     1     8     2     8
 -3.1855874050676786E-01 a      1089     1     8     2     9
  5.6289624157632046E-01 a      1090     1     8     2    10
 -3.7807996831651890E-02 a      1091     1     8     2    11
 -1.3439641821240159E-01 a      1092     1     8     2    12
  9.0026069311524570E-02 a      1093     1     8     2    13
  8.6606788533826007E-01 a      1094     1     8     2    14
  4.0114095400095212E-01 a      1095     1     8     2    15
  9.7731437283366984E-01 a      1096     1     8     2    16
 -1.0946265399884869E+00 a      1097     1     8     2    17
 -6.4141251407481858E-01 a      1098     1     8     2    18
 -7.2935083248669219E-01 a      1099     1     8     2    19
 -3.3405725195234071E-01 a      1100     1     8     2    20
  1.8305611282963419E-01 a      1101     1     9     2     1
 -2.0254914689727335E-01 a      1102     1     9     2     2
 -1.3880042121750610E-01 a      1103     1     9     2     3
 -2.4161277797582217E-01 a      1104     1     9     2     4
  8.1546645475722568E-01 a      1105     1     9     2     5
 -9.0971382032103060E-02 a      1106     1     9     2     6
 -4.8517284815979812E-02 a      1107     1     9     2     7
  4.1610721264540668E-01 a      1108     1     9     2     8
 -7.2789132181124983E-01 a      1109     1     9     2     9
 -4.5657029820502271E-01 a      1110     1     9     2    10
 -6.7140166343193897E-01 a      1111     1     9     2    11
  3.9989696584835271E-01 a      1112     1     9     2    12
 -1.1043377246400952E-01 a      1113     1     9     2    13
  2.6940721641015924E-01 a      1114     1     9     2    14
 -2.8929109530262165E-01 a      1115     1     9     2    15
 -5.5049904753019530E-01 a      1116     1     9     2    16
 -8.7528630387302175E-01 a      1117     1     9     2    17
  1.9922041098598653E-01 a      1118     1     9     2    18
  9.1034539400035613E-02 a      1119     1     9     2    19
 -1.3420150271608309E+00 a      1120     1     9     2    20
 -5.6535135701144457E-01 a      1121     1    10     2     1
 -5.3369824592105530E-01 a      1122     1    10     2     2
  1.1681464358415548E-01 a      1123     1    10     2     3
 -2.6882098786040204E-01 a      1124     1    10     2     4
  2.4151405016648958E-01 a      1125     1    10     2     5
  2.0136707985366314E-01 a      1126     1    10     2     6
  6.9774262960727279E-02 a      1127     1    10     2     7
 -2.2613366480462521E-01 a      1128     1    10     2     8
 -5.2554578703846244E-01 a      1129     1    10     2     9
  5.0825548792523179E-01 a      1130     1    10     2    10
 -1.1603210658990752E+00 a      1131     1    10     2    11
  1.0908048935376080E+00 a      1132     1    10     2    12
  1.8072311956590048E-01 a      1133     1    10     2    13
  5.1469888010455833E-01 a      1134     1    10     2    14
  3.1777519551375888E-01 a      1135     1    10     2    15
 -4.6809292458349933E-01 a      1136     1    10     2    16
 -1.9444536247339125E-01 a      1137     1    10     2    17
  3.6337084117419027E-01 a      1138     1    10     2    18
 -4.7363393912162732E-01 a      1139     1    10     2    19
 -5.3198871823903349E-01 a      1140     1    10     2    20
  3.8082019611464285E-01 a      1141     1    11     2     1
 -2.5391596461379262E-01 a      1142     1    11     2     2
  2.5156405759988398E-01 a      1143     1    11     2     3
 -3.0466846153040911E-01 a      1144     1    11     2     4
 -2.0285954056678937E-01 a      1145     1    11     2     5
 -1.9725127772913787E-02 a      1146     1    11     2     6
 -2.8850188125575377E-01 a      1147     1    11     2     7
  1.4203484072724357E+00 a      1148     1    11     2     8
 -5.3765638059429699E-01 a      1149     1    11     2     9
 -7.0026324785285476E-01 a      1150     1    11     2    10
 -3.9132849598175402E-02 a      1151     1    11     2    11
 -4.5056013726131555E-01 a      1152     1    11     2    12
 -2.4316251298854372E-01 a      1153     1    11     2    13
  5.4163010881307194E-01 a      1154     1    11     2    14
  4.7869740484157175E-01 a      1155     1    11     2    15
  3.8786541659496665E-01 a      1156     1    11     2    16
 -1.9925306228951162E-01 a      1157     1    11     2    17
 -1.1329419657189179E+00 a      1158     1    11     2    18
 -4.2406444947500160E-01 a      1159     1    11     2    19
 -4.6812145922469800E-01 a      1160     1    11     2    20
 -4.0751165103020776E-01 a      1161     1    12     2     1
 -6.9946600667220216E-01 a      1162     1    12     2     2
  6.9418497367533846E-02 a      1163     1    12     2     3
 -5.2383464379623645E-01 a      1164     1    12     2     4
 -1.5153688588075567E-01 a      1165     1    12     2     5
  2.2591856063048807E-01 a      1166     1    12     2     6
  9.3335938945669758E-02 a      1167     1    12     2     7
 -2.7191564905189336E-01 a      1168     1    12     2     8
 -5.1570451078685298E-01 a      1169     1    12     2     9
 -8.3597458932285748E-02 a      1170     1    12     2    10
 -9.3571469145759900E-04 a      1171     1    12     2    11
  5.1910684451267919E-01 a      1172     1    12     2    12
  3.7474631777099732E-01 a      1173     1    12     2    13
 -5.2145837178042398E-01 a      1174     1    12     2    14
  6.0471462884070570E-01 a      1175     1    12     2    15
  2.3035108700615226E-01 a      1176     1    12     2    16
 -6.8424976343653854E-01 a      1177     1    12     2    17
  1.4063090581292870E-01 a      1178     1    12     2    18
 -8.4621960201164539E-02 a      1179     1    12     2    19
  1.0748820956148107E-01 a      1180     1    12     2    20
  1.4470289487032162E+00 a      1181     1    13     2     1
  6.3662119206194176E-02 a      1182     1    13     2     2
  7.8737123915723822E-02 a      1183     1    13     2     3
  6.6395821456405685E-02 a      1184     1    13     2     4
 -3.1236037287198215E-01 a      1185     1    13     2     5
 -5.0714620518496711E-01 a      1186     1    13     2     6
 -8.6778761027383866E-01 a      1187     1    13     2     7
 -1.7189111230007798E-01 a      1188     1    13     2     8
 -1.1143707636114997E-01 a      1189     1    13     2     9
  3.2093304142776119E-01 a      1190     1    13     2    10
 -6.2345204843691471E-01 a      1191     1    13     2    11
 -4.7487960538878649E-01 a      1192     1    13     2    12
  4.6310266615663698E-01 a      1193     1    13     2    13
 -1.5038078981124940E+00 a      1194     1    13     2    14
 -3.4604790512125094E-01 a      1195     1    13     2    15
  3.3738633722466282E-01 a      1196     1    13     2    16
  1.6780624089239582E-01 a      1197     1    13     2    17
 -2.5857181668324697E-01 a      1198     1    13     2    18
  1.0471665248454884E+00 a      1199     1    13     2    19
  5.4341014512300050E-02 a      1200     1    13     2    20
 -1.6883387760884636E-01 a      1201     1    14     2     1
  1.6272187489038398E-01 a      1202     1    14     2     2
 -1.8858565590722551E-01 a      1203     1    14     2     3
  3.8173850512954483E-01 a      1204     1    14     2     4
  8.4474256356631372E-01 a      1205     1    14     2     5
 -1.5255782649995431E-01 a      1206     1    14     2     6
 -4.1163912003361702E-01 a      1207     1    14     2     7
  1.8459259146109974E-01 a      1208     1    14     2     8
  5.7441520370298360E-01 a      1209     1    14     2     9
  3.1763794774226817E-01 a      1210     1    14     2    10
 -2.6972641061078440E-01 a      1211     1    14     2    11
 -2.7828822137532905E-01 a      1212     1    14     2    12
 -1.4239419749903312E-01 a      1213     1    14     2    13
  9.1851197700894616E-01 a      1214     1    14     2    14
  3.5719939847581228E-01 a      1215     1    14     2    15
  1.8146702475141610E-01 a      1216     1    14     2    16
 -6.1173378434786729E-01 a      1217     1    14     2    17
 -2.6827619819726606E-01 a      1218     1    14     2    18
 -9.9502323106904780E-02 a      1219     1    14     2    19
 -9.2186411459294668E-02 a      1220     1    14     2    20
 -9.0077491806755450E-01 a      1221     1    15     2     1
 -7.1457376529743119E-03 a      1222     1    15     2     2
 -5.3897668143373301E-01 a      1223     1    15     2     3
 -3.7352876322641870E-01 a      1224     1    15     2     4
  3.8922733284699185E-01 a      1225     1    15     2     5
 -3.1714333888122515E-01 a      1226     1    15     2     6
 -4.7826334249147939E-01 a      1227     1    15     2     7
 -4.4831669525921897E-01 a      1228     1    15     2     8
 -5.0360473728317734E-01 a      1229     1    15     2     9
 -4.7288742405043549E-01 a      1230     1    15     2    10
  3.0711822732492966E-01 a      1231     1    15     2    11
  1.1765024839754773E-01 a      1232     1    15     2    12
  3.8011450183463225E-01 a      1233     1    15     2    13
  1.2416697445615415E-02 a      1234     1    15     2    14
 -3.5319761623340101E-01 a      1235     1    15     2    15
 -5.3634665795399061E-01 a      1236     1    15     2    16
  1.3031835947484388E-01 a      1237     1    15     2    17
  2.0298096509768962E-01 a      1238     1    15     2    18
 -4.3033782761002232E-01 a      1239     1    15     2    19
 -7.0983647715558951E-01 a      1240     1    15     2    20
  2.3038390688883453E-01 a      1241     1    16     2     1
  5.7945965241063457E-01 a      1242     1    16     2     2
  3.6630356825366628E-01 a      1243     1    16     2     3
 -5.2224520829107923E-01 a      1244     1    16     2     4
 -4.4028224531561792E-02 a      1245     1    16     2     5
 -6.8392126388813590E-01 a      1246     1    16     2     6
  6.2727747488123586E-01 a      1247     1    16     2     7
 -6.3159111645122068E-01 a      1248     1    16     2     8
 -2.8127306464756793E-02 a      1249     1    16     2     9
 -1.6436112994141733E-01 a      1250     1    16     2    10
  2.0552902522430225E-01 a      1251     1    16     2    11
 -1.4745358414725718E-01 a      1252     1    16     2    12
  4.1258162679595162E-01 a      1253     1    16     2    13
 -1.1055156389488149E-01 a      1254     1    16     2    14
  5.2366903508232676E-01 a      1255     1    16     2    15
  9.8504582849165689E-01 a      1256     1    16     2    16
  1.2631535116452874E-01 a      1257     1    16     2    17
 -2.7521454262801692E-01 a      1258     1    16     2    18
 -3.7068939200540402E-01 a      1259     1    16     2    19
  5.0800987870016912E-01 a      1260     1    16     2    20
  1.8622815177653507E-01 a      1261     1    17     2     1
  9.2581056968286846E-01 a      1262     1    17     2     2
 -5.8272398737352649E-01 a      1263     1    17     2     3
 -5.0554823311170316E-01 a      1264     1    17     2     4
  4.2645783675696429E-02 a      1265     1    17     2     5
 -4.5205786726016922E-01 a      1266     1    17     2     6
  8.9175708491107425E-02 a      1267     1    17     2     7
 -1.1382353198926068E-01 a      1268     1    17     2     8
 -3.3327877243760329E-01 a      1269     1    17     2     9
 -1.3932866078699768E-01 a      1270     1    17     2    10
 -2.2121147105314021E-01 a      1271     1    17     2    11
  3.6344727762126466E-01 a      1272     1    17     2    12
 -6.1416796704676382E-02 a      1273     1    17     2    13
  1.0372740557817830E+00 a      1274     1    17     2    14
  3.0213454524605454E-02 a      1275     1    17     2    15
  1.0219754566965125E+00 a      1276     1    17     2    16
 -1.3848169531684835E+00 a      1277     1    17     2    17
  2.3944869719232700E-01 a      1278     1    17     2    18
 -6.3763366447781078E-01 a      1279     1    17     2    19
  1.9210829523773487E-01 a      1280     1    17     2    20
 -3.9153199792622856E-01 a      1281     1    18     2     1
 -8.4887552231090957E-01 a      1282     1    18     2     2
  5.1939584910186687E-01 a      1283     1    18     2     3
  4.6679274666240489E-01 a      1284     1    18     2     4
 -3.9848091597880780E-01 a      1285     1    18     2     5
 -7.1600302577434605E-01 a      1286     1    18     2     6
 -5.5507354692205966E-03 a      1287     1    18     2     7
  5.2984859901490244E-01 a      1288     1    18     2     8
  1.6672964631518988E-01 a      1289     1    18     2     9
 -1.1118082615734025E-01 a      1290     1    18     2    10
 -4.9351554011692395E-01 a      1291     1    18     2    11
 -1.7155099497617027E-01 a      1292     1    18     2    12
 -8.5931062079688716E-02 a      1293     1    18     2    13
 -7.1339285543106845E-01 a      1294     1    18     2    14
 -5.5957859607403893E-01 a      1295     1    18     2    15
 -3.6595636852785879E-01 a      1296     1    18     2    16
  5.8152667105751099E-01 a      1297     1    18     2    17
  1.2851158217543510E-01 a      1298     1    18     2    18
 -5.8885470487750191E-01 a      1299     1    18     2    19
  3.7823751124075544E-01 a      1300     1    18     2    20
 -5.0392677484359549E-01 a      1301     1    19     2     1
 -2.4250768398680878E-01 a      1302     1    19     2     2
  2.0693090378817902E-01 a      1303     1    19     2     3
 -4.7384853047363579E-01 a      1304     1    19     2     4
 -2.1402699605833186E-01 a      1305     1    19     2     5
  6.2880453694247951E-01 a      1306     1    19     2     6
 -6.8506327556408630E-01 a      1307     1    19     2     7
  9.4180095988685097E-02 a      1308     1    19     2     8
  4.7135209069681971E-01 a      1309     1    19     2     9
  5.5066102213706880E-01 a      1310     1    19     2    10
  6.9991777795285548E-01 a      1311     1    19     2    11
  4.3181372974159415E-01 a      1312     1    19     2    12
  9.2887767833100751E-02 a      1313     1    19     2    13
 -1.9559148266528686E-01 a      1314     1    19     2    14
 -4.3782673980383535E-01 a      1315     1    19     2    15
  7.0164003331300484E-01 a      1316     1    19     2    16
 -2.5689724832388972E-01 a      1317     1    19     2    17
  4.7599257243025672E-01 a      1318     1    19     2    18
  1.0783213748234396E-01 a      1319     1    19     2    19
 -4.9266046679207370E-01 a      1320     1    19     2    20
  7.5628358137167839E-02 a      1321     1    20     2     1
 -1.7008698570739222E-02 a      1322     1    20     2     2
 -2.4169943422720869E-01 a      1323     1    20     2     3
 -6.3325168007512811E-01 a      1324     1    20     2     4
 -8.6053768648925832E-01 a      1325     1    20     2     5
 -3.6292360325820688E-01 a      1326     1    20     2     6
  7.8782555141796529E-01 a      1327     1    20     2     7
 -1.7391214054879536E-01 a      1328     1    20     2     8
 -1.6176345862321481E-01 a      1329     1    20     2     9
 -4.3083878289579894E-02 a      1330     1    20     2    10
 -3.4307139728642028E-01 a      1331     1    20     2    11
 -3.3970383573912694E-01 a      1332     1    20     2    12
 -3.2870329258920733E-01 a      1333     1    20     2    13
 -5.3344925884786754E-01 a      1334     1    20     2    14
  2.7965386007574838E-01 a      1335     1    20     2    15
 -1.2367151236857729E-02 a      1336     1    20     2    16
  3.4029494232235130E-01 a      1337     1    20     2    17
 -1.6892155542872350E-01 a      1338     1    20     2    18
 -7.3450387458621580E-01 a      1339     1    20     2    19
  1.2514019803001022E-01 a      1340     1    20     2    20
  9.7137277584623283E-01 b      1341     2     1
  1.1008807057056138E+00 b      1342     2     2
 -1.4741896452545413E+00 b      1343     2     3
 -6.0556187854012367E-01 b      1344     2     4
 -2.3776787926840642E-01 b      1345     2     5
  1.3703685356913085E+00 b      1346     2     6
 -7.1544257454463023E-01 b      1347     2     7
  9.4602170847824296E-01 b      1348     2     8
  1.5516863341143845E+00 b      1349     2     9
 -2.2209142055420167E-01 b      1350     2    10
  1.4780833914647398E-01 b      1351     2    11
 -1.5381206115474866E+00 b      1352     2    12
  8.2935945012673873E-01 b      1353     2    13
  1.1489356181687536E+00 b      1354     2    14
 -1.1285188499612377E+00 b      1355     2    15
  1.8448167959759541E-02 b      1356     2    16
 -2.8683163053447425E-01 b      1357     2    17
  9.6345960916151185E-01 b      1358     2    18
  3.7540984810547945E-01 b      1359     2    19
  1.0572585961774170E+00 b      1360     2    20
  1.0853371735998141E+00 a      1361     2     1     3     1
  1.2958162374495521E+00 a      1362     2     2     3     1
 -4.9119883478005243E-02 a      1363     2     3     3     1
  9.1237157387443424E-02 a      1364     2     4     3     1
 -1.4229068830229870E+00 a      1365     2     5     3     1
  1.9980052652769393E+00 a      1366     2     6     3     1
  1.9473697502663340E-01 a      1367     2     7     3     1
 -1.4387081625639491E+00 a      1368     2     8     3     1
  1.4073208549199585E+00 a      1369     2     9     3     1
  5.7626743347844711E-01 a      1370     2    10     3     1
  1.2654886351089381E-01 a      1371     2    11     3     1
 -1.2201054418870432E+00 a      1372     2    12     3     1
  8.0536142362823870E-01 a      1373     2    13     3     1
 -2.0877369437662771E-01 a      1374     2    14     3     1
 -4.1530314452407019E-01 a      1375     2    15     3     1
 -5.4522159168181139E-01 a      1376     2    16     3     1
 -6.6101765304854865E-01 a      1377     2    17     3     1
  1.2216021788882254E+00 a      1378     2    18     3     1
  7.0526459352859183E-01 a      1379     2    19     3     1
  6.7316610466678717E-01 a      1380     2    20     3     1
  1.8186629171481996E+00 b      1381     3     1
